4.1997	4.1831	116.8406	7.73879436	0.63476912	4.66427330	1059414016	15945728	1
4.1331	4.1331	128.6048	5.13656412	1.04066883	4.92684202	1059414016	16220160	1
4.1164	4.1331	114.2944	6.22069095	3.65767649	5.66692292	1060179968	16183296	1
5.3164	5.3331	146.0438	5.32977642	1.46294796	4.50511899	1060179968	16302080	1
5.2830	5.3330	154.0156	10.76966442	1.44257856	5.38400151	1060179968	16330752	1
5.1997	5.2164	153.0895	6.32136261	1.03831481	7.12075616	1060179968	16355328	1
5.2996	5.2497	170.1873	6.63308764	2.65177791	6.62552675	1060179968	16691200	1
5.6162	5.5995	125.3899	6.87459144	0.92344500	4.68842170	1061068800	17088512	1
6.8329	6.8329	147.9341	13.36364764	1.39127730	9.37283375	1060945920	16805888	1
6.5663	6.5163	168.7161	10.09913363	1.30081860	5.89348071	1064103936	16969728	2
7.4830	7.4996	203.8956	6.95866497	1.64248201	9.25450000	1064046592	17080320	2
7.1829	7.1329	263.8925	12.88451426	1.96975920	8.74023829	1064108032	17018880	1
8.5494	8.5161	220.2446	8.68422442	1.46043860	3.16689664	1065828352	17522688	2
8.2495	8.2828	255.9759	7.54650035	2.29996848	11.39264254	1065738240	17682432	2
10.4161	10.3995	131.7468	9.19703551	2.65351930	10.62264605	1065738240	17674240	2
11.4159	11.4159	102.1650	7.59382212	2.33570617	13.42272947	1065738240	18321408	2
11.7494	11.7661	108.6629	9.02476851	2.07301744	15.01174156	1066532864	18784256	2
12.2325	12.2159	129.9209	8.93357440	6.31045618	13.78149023	1066479616	18751488	2
12.1827	12.1827	135.5800	9.82426793	4.73564668	17.74126542	1066479616	19034112	2
13.9657	13.9324	105.9366	8.54770577	3.50966105	16.28750122	1066479616	19030016	2
14.6824	14.7657	103.0034	9.79916948	4.14320378	15.90129475	1066479616	19165184	2
15.2601	15.1934	119.5428	7.72024648	3.13400130	18.71880403	1066479616	19181568	2
15.1821	15.1487	120.7877	10.08513164	3.13218620	17.95769209	1066479616	19320832	2
15.7159	15.7159	94.1750	8.18761598	3.94203990	18.50119633	1066479616	19730432	2
15.5323	15.5323	105.1159	9.95451094	7.65727206	15.93214422	1066479616	19943424	2
15.2826	15.3159	121.3188	10.15504430	1.48121721	17.04854203	1066479616	20353024	2
15.4318	15.3818	121.6869	9.63818423	8.93185600	19.76916599	1066479616	20410368	2
15.0992	15.1492	125.6040	10.86016921	3.78953080	20.94609959	1066479616	20385792	2
17.0483	17.0983	101.1667	10.94817720	3.33815350	21.45946041	1067216896	20692992	2
16.9825	17.0158	110.9030	9.50229733	2.59506155	17.71403299	1067216896	20570112	2
17.1155	17.1155	105.3476	11.05287798	4.93970764	17.51796901	1067220992	20688896	2
17.0155	16.9822	98.1207	10.43074139	3.70290757	14.19309471	1067220992	20860928	2
16.9492	16.9825	109.0343	11.08724740	10.01175678	17.24118155	1067220992	21377024	2
16.1989	16.1823	139.1092	10.31249300	3.59590460	19.35931120	1067220992	21139456	2
17.7310	17.7476	114.1033	11.14230996	4.37217830	22.43973722	1067220992	21749760	2
18.1655	18.1821	112.9734	9.88447350	4.11869108	23.91974121	1067220992	21913600	2
18.6321	18.6654	103.0982	9.74367824	3.81221840	20.32075708	1067220992	21671936	2
18.3158	18.3158	113.5223	10.53735040	5.01827859	19.91999165	1067220992	22130688	2
19.5157	19.5490	118.5260	11.74295801	4.81591602	19.48726447	1067220992	22265856	2
19.6490	19.6324	115.1290	10.47578936	3.98269975	14.98338000	1097740288	22474752	3
19.0487	19.0154	135.1928	8.30056557	3.83510854	22.97041146	1097740288	22646784	3
22.0156	22.0489	82.6274	7.13644014	4.69143479	18.29804508	1097740288	22454272	3
19.8987	19.8820	154.4602	11.31434255	3.91150867	15.92979058	1098383360	23371776	2
18.2824	18.2491	221.3562	6.59866793	3.59840360	20.45385091	1100488704	22786048	3
18.3321	18.3154	253.7379	10.83941796	4.68168840	26.68558869	1100488704	23572480	2
19.1157	19.1324	234.1751	12.35562483	5.36866533	26.08155226	1100492800	24047616	2
19.2820	19.2654	228.7664	12.14084522	3.12532720	19.93732212	1100902400	24498176	3
18.6657	18.6991	257.3075	5.95460402	3.85663437	21.85514175	1101660160	24240128	4
24.4821	24.5321	87.8315	9.34250740	4.33348061	25.01329975	1101660160	24039424	3
24.8488	24.8654	81.9042	8.43150281	5.74196381	24.18630932	1101660160	24473600	3
25.3316	25.2816	79.8879	9.96146685	5.11010583	25.90615416	1101660160	25341952	3
26.0654	26.0820	87.5917	10.46053531	7.60022985	23.46015436	1101660160	25255936	3
26.1649	26.1649	89.7070	9.16756168	4.53855113	24.94689889	1101660160	25513984	3
26.1149	26.0649	90.9821	10.96577613	10.40726125	25.93250980	1101660160	25907200	3
27.2315	27.2315	83.1971	10.26565683	5.31753815	24.76574737	1101832192	26136576	3
28.2986	28.2486	76.2047	11.17048367	5.47073343	27.06383469	1101832192	26599424	3
27.4486	27.4653	95.3714	10.04652828	3.82830566	25.22898230	1101832192	26607616	3
27.5644	27.5310	116.3208	10.44743049	6.16728593	28.84182768	1101832192	27099136	3
28.7986	28.7819	89.9896	10.91796692	5.79030444	28.51985736	1101832192	27725824	3
28.8314	28.8314	96.5052	11.02724504	6.02787799	31.48213256	1101832192	27840512	3
29.5799	29.5799	79.7527	11.16295128	6.22876171	27.75415444	1101832192	28450816	3
29.5980	29.5980	103.2793	12.02228856	6.55985940	31.44960132	1101832192	28733440	3
30.9485	30.9485	90.5143	11.20780259	6.23751476	28.75970588	1101840384	28712960	4
32.0984	32.1651	113.0746	10.46903325	6.43017724	27.30496680	1102028800	28893184	4
34.1977	34.1644	76.3385	10.08231996	7.38643272	33.69695354	1102028800	28930048	4
35.1482	35.1982	73.1989	10.93731611	7.81067598	35.10481736	1102028800	29421568	4
35.9643	35.9809	71.6971	10.42767768	9.28310408	34.96581143	1102028800	29876224	4
36.4148	36.4482	76.7311	11.06335282	7.68165769	30.68467531	1102028800	30703616	4
36.4809	36.4476	87.3996	12.04982208	8.59203668	30.39702663	1102217216	31260672	4
36.4648	36.4648	109.2692	8.21162833	8.42027137	32.62590213	1103298560	31387648	5
39.3147	39.3480	91.2558	8.09375878	7.61559940	35.75932229	1103077376	31510528	5
40.5306	40.5306	68.9272	10.64528175	9.03681500	34.25669535	1103077376	32190464	5
42.2979	42.3146	68.3639	9.59815344	8.70510949	33.20220170	1103474688	32391168	5
42.2972	42.2972	68.3294	9.45533150	10.58123528	34.80969444	1103478784	32833536	5
43.4978	43.5978	66.0417	9.87120024	9.05120332	34.47193018	1103478784	33579008	5
44.2970	44.2804	66.0049	9.68809806	8.69717430	37.37907408	1103478784	33681408	5
45.6136	45.5803	71.7203	11.21723179	9.72025420	42.27908491	1103478784	34729984	5
46.6310	46.5810	68.6966	11.11082125	10.10704364	39.21492987	1103478784	34791424	5
47.9127	47.8460	66.3152	10.74189305	9.63973752	37.93273954	1103478784	35721216	5
47.6976	47.6643	68.0559	10.91264774	10.97462724	36.68933269	1103478784	36085760	5
49.3134	49.3467	70.9125	11.56937147	10.27772141	38.47754336	1103478784	36999168	5
49.0801	49.0634	91.2670	9.46671953	10.18454822	31.01703720	1104605184	37146624	6
50.1975	50.1975	80.3041	9.75878272	9.70533960	30.61286570	1104633856	37953536	6
52.1632	52.1632	72.7818	9.61485900	9.36210982	33.31168690	1104633856	38825984	6
52.7807	52.7807	73.6514	10.04652829	11.57939368	39.19361340	1104633856	39010304	6
53.4955	53.5622	72.2309	9.73879619	11.08119202	45.52132102	1104633856	40054784	6
56.3796	56.3629	78.8069	10.84629126	11.23038378	46.69498446	1104633856	40656896	6
59.6137	59.6137	70.7733	10.99902526	11.95205776	38.65098586	1104633856	40955904	6
61.0085	60.9252	84.9067	10.47349239	13.62599817	43.44017929	1104633856	42086400	6
62.5802	62.6135	88.6910	11.75236868	14.20665924	40.69457793	1105367040	43020288	6
61.6126	61.5626	127.5430	11.44394384	12.86297572	45.90652408	1111859200	44478464	7
66.2800	66.2134	128.6668	10.96894060	14.03212102	43.12257184	1113653248	44306432	8
71.7452	71.7785	88.2672	10.40013199	17.56305899	48.72451909	1113653248	44814336	8
75.1629	75.2462	83.5059	11.37884284	15.13313716	50.89422418	1113653248	46329856	8
77.0782	77.0949	83.6438	11.44619053	18.32075038	50.54655591	1113903104	46825472	9
74.4117	74.4450	161.1375	9.46254495	16.05933727	51.23638174	1114763264	56156160	10
80.6626	80.5626	112.5014	10.49282788	15.56549327	50.85437783	1114767360	57266176	10
78.5614	78.6281	154.9565	8.40128152	17.57017424	55.48939929	1114767360	58249216	10
77.6448	77.6448	186.7626	9.86576259	17.23943473	53.96646721	1114767360	59166720	10
81.4626	81.5126	151.6592	8.94308189	15.72198663	52.55824333	1115615232	60866560	10
79.3280	79.1114	169.9071	8.99981852	18.51272392	57.42514287	1115615232	61300736	10
80.8113	80.6280	151.5395	8.40500398	15.88663950	57.27943522	1115615232	62218240	10
80.6626	80.8460	158.4653	8.76486311	16.47675109	55.06865542	1115615232	63209472	10
77.9615	78.0781	188.6301	8.44739790	16.93023064	52.11108010	1115615232	64147456	10
79.8127	79.7960	174.2726	8.07782384	16.90845451	47.78389899	1115615232	64847872	10
78.4794	78.4127	188.9883	8.87122982	16.79486107	57.12680121	1115619328	66359296	10
78.6114	78.6948	190.7630	8.06432961	16.43244050	52.03057136	1115619328	66535424	10
79.2460	79.2127	180.4216	8.35507869	17.32880121	51.67946365	1115619328	68014080	10
78.5268	78.5768	191.4783	8.61266370	19.35630734	54.86435430	1115619328	68292608	10
79.7613	79.7447	158.6286	8.70510379	15.58699646	50.78744496	1115619328	69525504	10
77.7461	77.8961	166.1864	8.87728857	16.65488675	50.84962792	1115619328	70377472	10
78.5614	78.5448	126.6056	8.17468421	16.91479168	50.21656020	1115623424	70905856	10
78.7947	78.6948	91.6938	8.64512778	15.36958071	51.64238701	1115623424	71847936	10
76.6128	76.6795	92.5679	7.91966685	15.08356423	52.27365950	1115623424	72429568	10
76.4628	76.3628	70.2577	8.29029832	14.13780000	47.37864718	1115623424	74104832	10
74.6450	74.6450	69.6347	7.75368947	15.30071204	49.88749040	1115623424	74293248	10
70.2953	70.3620	67.1784	7.37541926	13.41617121	45.81502653	1115623424	75182080	10
67.2622	67.2455	74.9214	7.98252278	12.61170406	49.23053675	1115623424	66146304	9
65.5634	65.5467	67.5512	7.47950462	14.31994041	41.07247313	1115623424	67063808	9
61.0126	61.0126	74.6536	8.13048852	11.87703748	42.18596704	1115627520	67043328	8
61.2792	61.2792	62.2595	9.21799672	16.31675064	43.50223637	1115627520	68038656	8
62.7052	62.7052	63.2556	9.27829869	13.35258472	47.50656542	1115627520	69042176	8
64.8457	64.8290	64.6990	9.66105904	12.66436790	50.49656559	1115627520	70004736	8
68.0288	68.0621	66.0137	9.07872030	12.29781078	49.20650809	1115627520	70807552	8
70.6131	70.4798	64.0563	9.53546937	13.54826178	49.22744416	1115627520	71712768	8
71.8785	71.9452	65.6435	9.86875729	15.06194477	48.50523378	1115627520	71929856	8
73.1963	73.3297	69.6345	10.18024072	15.59992100	48.00570199	1115627520	73650176	8
76.6462	76.6962	71.5169	10.77617170	15.87543939	44.67096134	1115627520	74395648	8
78.6614	78.5614	70.7968	10.36099531	14.04079848	42.06018131	1115627520	74633216	8
78.3461	78.2628	90.4397	11.53186568	16.02596082	45.39209380	1115627520	75546624	8
75.7949	75.9616	126.9530	10.14329191	16.22051194	47.56120509	1115701248	77381632	9
78.0615	77.9115	136.0890	9.60856428	17.37898281	47.22730710	1115701248	77565952	9
78.7961	79.0960	125.7539	9.39882467	17.46707749	48.84098167	1115701248	78368768	9
78.4781	78.4114	113.3564	9.43582790	15.32929899	41.82300193	1115701248	79704064	9
78.7448	78.8614	71.8827	9.56834716	14.63796551	42.57011870	1115701248	80535552	9
76.0295	76.0129	75.8261	8.77750519	13.58491574	42.50947838	1115701248	81027072	9
75.1162	75.1329	61.0259	9.23459881	13.32454278	46.07395318	1115701248	82300928	9
73.4618	73.4618	60.2804	8.42580950	13.39502486	49.78343540	1115701248	82575360	9
68.4621	68.4288	59.6016	7.79170540	13.06334882	40.80238667	1115701248	83566592	9
65.8123	65.8123	60.6632	7.63770918	11.81963634	42.12394934	1115701248	84365312	9
63.8624	63.8791	61.4780	7.33240848	12.85330380	45.05376706	1115701248	84627456	9
58.4794	58.8294	72.3941	7.75752285	11.95541562	46.72664275	1115705344	84340736	8
57.0971	57.0471	61.5565	7.64723099	10.59535568	39.59184740	1115705344	85221376	8
55.1797	55.1963	62.2231	7.71388819	9.53160122	39.37962015	1115705344	86020096	8
53.3973	53.3973	61.0918	7.15296658	9.52035599	42.01610653	1115705344	86298624	8
52.7140	52.9807	68.2988	8.20318166	9.88516513	42.80087755	1115705344	86491136	7
53.4340	53.4006	56.8758	7.65243974	11.03455180	41.25816332	1115705344	87371776	7
53.7973	53.8473	53.8982	8.58960220	12.06645909	37.26970364	1115705344	87666688	7
53.1298	53.1131	55.1318	8.20525871	11.34785153	40.87864670	1115705344	88440832	7
53.3798	53.4464	59.8201	7.43114604	9.51755242	36.28018815	1115705344	89034752	7
50.3808	50.3308	73.2374	9.85476085	10.32234096	39.08060718	1115705344	89243648	6
51.1133	51.0466	64.6213	9.29788629	10.34332122	43.10155727	1115705344	89919488	6
51.5641	51.5141	61.0780	9.49602266	10.50375414	44.00540224	1115705344	90382336	6
51.0966	51.1966	65.6689	9.99849234	11.15329041	44.33982376	1115705344	90886144	6
51.2308	51.2641	63.0332	9.92544839	10.15600404	44.11813747	1115705344	91648000	6
51.1641	51.2308	62.3468	8.67302588	10.07218035	39.88088382	1115705344	92254208	6
49.9800	49.9800	60.7889	8.75810064	11.33421650	39.08630356	1115705344	92680192	6
49.8308	49.8475	61.4413	9.17222066	10.31104131	43.75156681	1115705344	93270016	6
49.7967	49.8300	62.6418	8.53249798	9.68402731	41.77429798	1115705344	93728768	6
49.5475	49.5475	62.2180	8.55324072	11.52623164	37.60031443	1115705344	94482432	6
48.3642	48.3642	62.3718	8.96355051	10.90427180	41.97448870	1115705344	94547968	6
48.9134	48.8467	59.9191	7.58407349	9.26797259	39.27910284	1115705344	95522816	6
46.9810	47.0476	62.0701	8.71530591	8.70570207	38.26774015	1115705344	95563776	6
46.8971	46.7972	59.3706	8.39684361	8.91300292	30.30648829	1115705344	96206848	6
47.0476	47.0810	60.6156	7.93121457	8.74912724	38.33423150	1115705344	96432128	6
45.2477	45.2811	61.9080	8.40081048	9.57238096	40.12291175	1115705344	97079296	6
45.5803	45.5636	58.9996	8.69396619	11.59324171	38.65141614	1115705344	97550336	6
45.5303	45.5303	60.2101	7.98346556	8.64608310	33.35698967	1115705344	98152448	6
44.5644	44.5978	57.8150	7.38321744	7.99872150	38.10516296	1115705344	98406400	6
42.0270	42.0604	76.3554	8.36664020	7.99365769	33.11232111	1115709440	98017280	5
40.0473	40.0140	59.8272	8.65985740	7.66997046	33.15044670	1115709440	98439168	5
38.6641	38.6474	57.6404	6.49264997	7.63237108	27.78458779	1115709440	99340288	5
36.4642	36.4476	63.8802	8.93120222	7.07380826	30.02025837	1115709440	98222080	4
34.6316	34.6483	67.0067	8.81286471	6.31188856	30.67218238	1115709440	98582528	4
32.8978	32.8811	67.6102	9.38998845	5.64531485	25.97185664	1115709440	99106816	4
31.5812	31.6146	63.7723	7.62777089	5.81034366	31.23850197	1115709440	99344384	4
29.7652	29.7485	66.3417	8.01788783	5.93662386	19.10265471	1115709440	100016128	4
26.7487	26.7320	65.1166	7.73856170	4.64769508	25.98635296	1115709440	100126720	4
24.7979	24.8313	64.6564	6.04459003	5.48527630	21.47942653	1115709440	100081664	4
23.3155	23.3155	64.9042	7.87487299	4.80820293	16.99207455	1115709440	99479552	3
21.6486	21.5486	68.7765	8.76447704	3.93876683	16.69929568	1115709440	100016128	3
21.9985	22.0319	68.8343	9.27828314	5.09911276	23.17344475	1115709440	100589568	3
22.2818	22.2985	74.4933	8.65384603	4.31089434	15.67914426	1115709440	100458496	3
22.0971	22.1304	82.5218	8.93412059	5.04428670	23.60482727	1115709440	100806656	3
22.4133	22.4466	71.8909	8.32841671	4.61297340	19.14069198	1115709440	100896768	3
22.7981	22.7648	60.4385	7.95714062	4.64037701	16.91958112	1115709440	101355520	3
22.4822	22.4822	65.1386	8.12504351	4.61237661	21.79929743	1115709440	101801984	3
22.9318	22.9151	68.8320	9.42306954	4.44409239	23.14166271	1115709440	102031360	3
23.7821	23.7821	77.6826	8.62738269	4.93790549	25.34605643	1115709440	101875712	3
23.7984	23.7484	75.3663	7.86993551	4.18195410	22.55776885	1115709440	102453248	3
24.0655	24.0655	67.6357	9.86813430	4.43312905	24.59219719	1115709440	102543360	3
24.1655	24.0988	67.7732	7.89241240	4.36574306	18.94435657	1115709440	103309312	3
23.5484	23.5151	74.9695	9.78699691	4.31979870	22.37432628	1115709440	102985728	3
24.0488	24.0655	68.8006	8.82060031	5.11352942	22.65084907	1115709440	103378944	3
24.0151	23.9484	70.7168	7.62103818	6.39529910	24.13993293	1115709440	103460864	3
23.5488	23.5988	72.2747	8.60874704	3.84060282	21.22706982	1115709440	103776256	3
24.3484	24.3150	63.4435	8.95239569	5.95858280	24.67532355	1115709440	103923712	3
24.0155	23.9821	66.6949	7.71706274	4.32286030	24.11887404	1115709440	104263680	3
23.7821	23.8155	71.3870	8.28222318	5.45360428	27.01783196	1115709440	104599552	3
23.7980	23.7980	69.2248	8.95331349	4.41894452	17.51821487	1115709440	104976384	3
23.6151	23.5651	76.6160	8.52176751	4.67434657	20.29104772	1115709440	105472000	3
23.5322	23.4988	79.8610	8.83012058	4.47750801	27.17485653	1115709440	105394176	3
24.0484	23.9651	69.9152	8.75645091	5.86351586	23.27875303	1115709440	105529344	3
23.9655	24.0321	67.0444	9.48555207	4.68713146	20.09826367	1115709440	105922560	3
24.0317	24.0317	70.9730	8.37901533	4.34580856	25.16926891	1115709440	106016768	3
24.0488	24.0155	68.6072	8.60153168	4.61502927	23.35600932	1115709440	106328064	3
23.8488	23.8155	74.0504	8.95588632	8.49022414	21.32243818	1115709440	106590208	3
24.6317	24.6984	84.3124	9.49044538	4.89862161	23.73376948	1115709440	106807296	3
25.6107	25.6440	69.9565	9.36811061	5.88777045	23.99139291	1115709440	107110400	3
25.2317	25.1817	70.2469	9.62876725	4.49234015	25.82378846	1115709440	107196416	3
25.0487	24.9988	77.3867	9.74677369	4.57907033	22.50303614	1115709440	107999232	3
25.0150	25.0150	79.6616	9.31984836	4.88833120	22.09907375	1115709440	108179456	3
25.5821	25.5321	70.6593	7.20908501	4.75627234	20.67517888	1115709440	108392448	3
19.5654	19.5320	310.8933	13.01158585	3.66812612	19.83070076	1115709440	108482560	2
17.5985	17.5152	428.0095	7.69465405	2.91540784	21.85689621	1115709440	108789760	3
22.4989	22.5655	207.0709	9.21418421	5.64978704	24.08750449	1115709440	109207552	3
25.7150	25.5983	99.9948	9.77015182	5.34819293	21.37241720	1115709440	109330432	3
26.1820	26.1654	85.0892	9.55878701	5.41409123	25.18699277	1115709440	109895680	3
26.6982	26.7149	71.8160	9.65216417	5.12871970	22.53889538	1115709440	110227456	3
26.6987	26.6487	79.3684	9.07204893	5.61894141	28.54592727	1115709440	110194688	3
26.2649	26.3316	77.7525	10.36549469	4.12054603	30.11403244	1115709440	110518272	3
26.1649	26.1816	90.0738	10.27369579	4.84692332	27.01560531	1115709440	110948352	3
26.1487	26.2487	87.8413	9.16333303	5.12414922	26.48328510	1115709440	111259648	3
26.2982	26.2816	83.7768	9.28701532	6.08430045	26.92253827	1115709440	111554560	3
26.1649	26.1649	89.2013	9.89915268	5.52097290	23.31445313	1115709440	111816704	3
26.5649	26.5649	78.3149	9.65777024	5.12866086	24.56228830	1115709440	112214016	3
26.3653	26.2987	86.0380	10.90203024	5.98290824	23.65616061	1115709440	112414720	3
26.8298	26.7964	74.9092	9.69574494	4.69471779	19.91576590	1115709440	112967680	3
26.1987	26.2320	88.1429	9.36284799	6.49998713	20.33539930	1115709440	113340416	3
26.7320	26.6820	72.9169	10.35930117	7.58675880	22.05017181	1115709440	113278976	3
26.5649	26.5816	76.6959	9.42277880	5.14064010	19.48764061	1115709440	113446912	3
26.2487	26.2820	89.0894	8.79314365	5.40171307	18.22571574	1115709440	113799168	3
26.0149	25.9983	85.8038	10.00905139	6.07026747	21.35943421	1115709440	113848320	3
26.8153	26.8153	90.6165	10.44072414	6.87225210	24.13661528	1115709440	114147328	3
27.9815	27.9648	83.8927	10.87049902	7.26746559	24.21051316	1115709440	114544640	3
27.5468	27.5468	83.1373	9.99111829	5.73527357	24.93146987	1115709440	114737152	3
27.8153	27.7653	86.2389	9.89692060	6.19965859	23.70891728	1115709440	115363840	3
28.0153	28.0986	72.8802	9.74897825	5.42274527	19.63240071	1115709440	115126272	3
28.2153	28.1819	73.6706	9.75336914	5.90841674	23.39366597	1115709440	115609600	3
28.2315	28.2648	73.6816	10.13000496	5.47952620	25.92254121	1115709440	116039680	3
29.6147	29.6147	80.4885	9.61062863	5.66043292	30.64964372	1115709440	116408320	3
29.4980	29.4980	77.1486	11.66794458	6.92542140	24.93348490	1115709440	116604928	3
29.2147	29.1814	89.1582	9.52449217	5.77054589	24.67124485	1115709440	116764672	4
28.2486	28.1986	100.5130	8.46703509	6.25339599	26.42113863	1115713536	116875264	4
29.5319	29.5152	76.8893	9.40620835	6.84328570	32.76361756	1115713536	117071872	4
29.6642	29.6809	70.4497	7.33641106	6.30680927	32.56542586	1115713536	117612544	4
29.8313	29.8147	90.3013	11.45687309	4.64366972	31.25014061	1115717632	117231616	3
30.5646	30.5646	88.6472	10.73756150	5.68836523	28.26898317	1115721728	117198848	4
29.7652	29.7318	107.7416	9.78427591	6.49341120	30.43613279	1115721728	117374976	4
31.1813	31.1479	78.6651	9.54357889	6.78243509	26.47868626	1115721728	118484992	4
32.6984	32.7650	74.3795	9.66089273	8.49138623	31.06129428	1115721728	118599680	4
31.9479	31.9812	85.6915	9.67559235	5.74327081	33.03626949	1115721728	118636544	4
31.6984	31.6984	103.4879	9.28349559	6.71014045	29.08575949	1115721728	119111680	4
32.0812	32.1145	113.7172	10.11974724	5.87845020	35.46511879	1115721728	119451648	4
33.6150	33.5983	86.3105	10.22469580	6.43327566	32.16581081	1115721728	119894016	4
34.4644	34.4144	71.7874	9.84989814	6.93044533	37.10642481	1115721728	120324096	4
35.1649	35.1816	74.4519	9.61263025	7.68528131	32.14203375	1115721728	120659968	4
35.8649	35.8982	73.3942	9.50402395	9.16847439	31.89473576	1115721728	120946688	4
35.8976	35.9476	67.2791	9.91093464	5.76845685	30.90682096	1115721728	121278464	4
36.9951	37.0117	76.1864	10.75220297	6.88539769	36.11545539	1115721728	121737216	4
37.1642	37.1309	72.8232	11.85879899	10.68117808	38.27681786	1115721728	122126336	4
37.9648	37.8814	70.2521	10.32351702	8.95481249	31.65436242	1115811840	122261504	5
37.5975	37.5475	92.8628	9.38721648	8.85368051	35.02100727	1115811840	122875904	5
40.3640	40.4306	66.3079	9.68139175	9.24004271	35.56142843	1115811840	123441152	5
41.0146	40.9980	60.7370	8.56989007	8.05645737	23.59674187	1115811840	123625472	5
42.0805	42.0472	57.9477	9.00392021	7.37972645	30.86326455	1115811840	123924480	5
42.3812	42.3146	59.4809	9.31160186	8.62456554	32.78987806	1115811840	124661760	5
42.6805	42.6638	60.1270	10.06093998	8.36793582	38.07956450	1115811840	125431808	5
43.6239	43.6405	68.0897	9.59931302	9.75751030	37.20813713	1115811840	125931520	5
44.9970	45.0470	59.3541	9.40770476	10.46834874	37.71339378	1115811840	126144512	5
44.8144	44.8478	69.2482	10.36701372	9.18188746	41.55575959	1115811840	126611456	5
45.4970	45.5136	62.2413	9.35080037	9.17919850	38.18036313	1115811840	127143936	5
45.1811	45.0811	91.8152	9.93175188	9.65719176	41.53514640	1115811840	127967232	5
45.6970	45.7136	94.8454	11.77032093	9.49029960	33.38490162	1115860992	128331776	5
47.7976	47.7809	90.5441	10.16849847	9.20100121	44.23405985	1115910144	129363968	6
48.9801	48.9467	90.1995	10.20239076	9.70065915	42.28179499	1115910144	129429504	6
51.2641	51.2808	67.2346	9.85283178	9.94327010	42.49257975	1115910144	130146304	6
51.6290	51.6457	77.1471	9.76808955	10.61574434	39.53492408	1115910144	130527232	6
52.3465	52.3632	74.9965	11.12107817	10.95765387	35.99920972	1115910144	131592192	6
54.5797	54.5964	76.9829	11.12924851	10.98454851	39.43955220	1115910144	131944448	6
55.8972	55.8805	79.4166	10.26741978	12.04841529	34.89380203	1115910144	133255168	6
56.0139	55.9972	84.9991	10.93570685	11.47178553	38.78777466	1115910144	133718016	6
57.5971	57.6804	75.3667	10.23972700	11.72230912	40.25600856	1115910144	134139904	6
57.8971	57.9138	89.8098	11.46208658	11.37929182	37.46998850	1115910144	135081984	6
58.9471	58.9471	98.1727	8.62837203	12.41783008	39.32936882	1116020736	135589888	7
60.3126	60.3460	83.5468	9.52381418	10.99666015	38.06460010	1116020736	136056832	7
61.3969	61.4469	66.8110	9.98076608	12.47903290	42.70772806	1116020736	137195520	7
63.1468	63.1135	62.0737	9.21765343	17.18782217	37.86414684	1116020736	137715712	7
62.1636	62.1802	74.2804	9.65440399	12.56849104	44.87803504	1116020736	138883072	7
62.8958	62.8791	67.8513	10.14391100	14.39534005	45.74241240	1116020736	139268096	7
64.9301	64.9968	63.8285	9.40466496	11.89767216	47.68983010	1116020736	139841536	7
64.8457	64.7957	62.5561	10.10305248	14.32781067	39.60461990	1116020736	140374016	7
66.0967	66.0967	58.6757	11.43514250	12.80339170	45.24730558	1116020736	141426688	7
64.2801	64.3301	83.5386	9.02336316	11.79141465	46.62687222	1116020736	141631488	8
65.1134	65.0967	76.8653	9.01229202	14.94022670	45.21402878	1116069888	142475264	8
65.4290	65.4623	73.1258	9.37899503	14.87513497	51.70421551	1116069888	143273984	8
67.0455	67.1455	66.1425	9.47275275	14.57325188	46.64325885	1116069888	143527936	8
67.6466	67.6466	65.2343	9.35567435	14.33643300	48.38621273	1116073984	144687104	8
67.3099	67.3266	67.1126	9.92333682	12.85268908	46.00401669	1116073984	145002496	8
67.9121	67.9288	66.0611	9.12188405	13.47039411	47.34916907	1116073984	146083840	8
67.7788	67.8288	67.3108	9.13870708	13.05255254	47.18650951	1116073984	147132416	8
67.6955	67.5788	68.7748	9.77416955	12.68860160	44.85261788	1116073984	147542016	8
69.1465	69.0799	68.0321	8.88690927	14.63348737	50.64658257	1116073984	148017152	8
68.7121	68.6621	65.3595	10.04908955	17.70280964	51.24595869	1116073984	148881408	8
69.3200	69.2367	65.1627	10.20514997	14.72997270	53.96254326	1116073984	150626304	8
68.7632	68.6799	69.0961	8.85283427	13.61225013	47.12953354	1116073984	150802432	8
69.2454	69.2787	64.4996	9.31296505	13.99470906	46.01777572	1116073984	151216128	8
68.5966	68.6132	67.8110	9.91438611	13.34107565	48.72301906	1116073984	152190976	8
69.6787	69.6954	70.1437	9.52834040	15.26349598	41.99451529	1116073984	152858624	8
70.8298	70.7631	65.1425	9.58907180	13.91370620	48.58968569	1116073984	153579520	8
70.5453	70.5286	66.8913	9.80986617	12.71696884	42.95024309	1116073984	154673152	8
70.8131	70.8131	63.0301	9.64988119	14.22508365	42.01364059	1116073984	155779072	8
70.0953	70.1120	66.0528	8.99419167	14.77680435	48.87395781	1116073984	155918336	8
71.2453	71.2286	67.0482	10.40347359	15.33337238	46.98595837	1116073984	156606464	8
72.3464	72.3630	63.2432	9.38359803	14.60571226	51.40631349	1116073984	157659136	8
72.4952	72.3785	64.6309	10.03487547	15.05179561	48.34974010	1116073984	158011392	8
72.4130	72.3464	66.7860	10.20523925	14.55135301	46.14140466	1116073984	159350784	8
71.9464	71.9464	66.0542	10.25975770	13.63500537	47.95077885	1116073984	159641600	8
72.3797	72.3131	66.2134	9.68125402	14.40980678	43.36429360	1116073984	160509952	8
72.1464	72.0964	66.4568	10.22149391	14.09962893	51.44304763	1116073984	162013184	8
73.7118	73.8617	65.1024	10.61033358	15.54792936	45.34532283	1116073984	162525184	8
72.8297	72.8964	70.6031	10.19776636	14.64376695	45.71999284	1116073984	163180544	8
73.7284	73.7451	66.3209	10.44677927	15.10960182	45.46569612	1116073984	163708928	8
73.5297	73.4463	67.0011	10.30234298	15.60471708	43.88625102	1116073984	164773888	8
73.3951	73.4618	70.3997	9.96799885	15.87529279	43.54065357	1116073984	165425152	8
74.8463	74.8963	67.6337	10.08067375	15.67583327	45.89043839	1116073984	166481920	8
75.1617	75.1117	68.5363	9.74882088	14.35140695	46.82502745	1116073984	167374848	8
75.1796	75.2629	67.8804	9.99991358	14.08037163	44.34900020	1116073984	167624704	8
74.7950	74.7117	70.2811	9.77044755	15.31034677	41.53012197	1116073984	169029632	8
74.6796	74.7129	66.4160	10.41020041	15.31674475	43.08929870	1116073984	169414656	8
74.4296	74.3629	71.0453	10.74877771	14.85921354	52.12423620	1116073984	169992192	8
75.2129	75.1962	66.4632	9.94575370	15.69607920	45.81458914	1116073984	171040768	8
74.7284	74.7284	68.7966	9.82482874	15.21259830	45.99391078	1116073984	171790336	8
74.4950	74.5117	70.1387	10.90680155	15.10725863	44.22256973	1116073984	173416448	8
74.9271	74.8771	68.7024	10.79189943	15.45093873	43.77179030	1116073984	174018560	8
74.2926	74.1759	74.2235	9.63703609	14.34140687	46.63586731	1116073984	174444544	8
74.9117	74.8450	67.6497	10.59641609	13.20735858	43.92232535	1116073984	174952448	8
74.8629	74.8629	68.6863	10.08949463	15.05987950	48.86358854	1116073984	176119808	8
74.5963	74.5796	69.3502	10.38480000	17.71742886	44.39634284	1116073984	177410048	8
74.6950	74.7117	70.8224	10.00664813	15.37228534	48.93006357	1116073984	177508352	8
74.8296	74.8796	69.3189	10.12238277	15.68271015	43.11678760	1116073984	178442240	8
74.7296	74.8129	68.7795	10.58451069	16.02274990	52.83792328	1116073984	179593216	8
74.7617	74.7950	67.6814	9.76168300	16.37915729	46.21199677	1116073984	179994624	8
74.2222	74.3055	66.2754	9.99972380	15.03898157	50.41013327	1116073984	180715520	8
73.5451	73.5451	65.9483	9.70597203	15.66863738	52.25723065	1116073984	181972992	8
73.9463	73.9796	63.9349	9.80686396	16.55626525	46.75080294	1116073984	182489088	8
73.0130	73.0463	68.0488	9.27681061	14.01508881	47.31683680	1116073984	183525376	8
73.3451	73.3451	66.3720	10.19501407	14.96101454	43.71552818	1116073984	184258560	8
73.8415	73.8248	64.9905	9.87205063	14.30552758	48.78189906	1116073984	184684544	8
72.8951	72.9618	66.8116	9.16195726	14.82306183	51.49501467	1116073984	185393152	8
71.7464	71.8131	63.8536	9.85790227	12.62205572	53.58551869	1116073984	186568704	8
71.3952	71.4286	68.9680	9.84969498	14.44010219	47.72357320	1116073984	187600896	8
72.2131	72.2464	65.3774	9.93184284	13.75972616	52.50579920	1116073984	188502016	8
71.8619	71.8952	67.9416	9.87129098	14.72709667	49.21277560	1116073984	188575744	8
72.2749	72.3082	65.1274	10.09423248	15.32282619	48.11744359	1116073984	189247488	8
73.4963	73.5630	66.2719	9.53746409	14.35740364	45.64850210	1116073984	190099456	8
73.4784	73.4618	63.1636	9.87266368	17.80244508	50.20541075	1116073984	190816256	8
73.4439	73.4105	68.3541	9.57317049	17.67946136	48.45497734	1116078080	192499712	8
73.2463	73.2297	68.2103	9.65154493	15.72385262	55.79916427	1116078080	192860160	8
73.4605	73.3939	66.4001	9.77527442	13.93195970	53.55990214	1116078080	193351680	8
73.5797	73.5297	67.2811	10.44958729	15.11243000	52.46013562	1116078080	193990656	8
74.8629	74.7129	68.5006	9.55119557	14.22013674	50.88240612	1116078080	195092480	8
74.9783	74.9617	66.3639	10.09919902	17.70682000	48.20897828	1116078080	195604480	8
75.3937	75.3104	65.7626	9.72548151	13.51269023	43.74482808	1116078080	196460544	8
74.9450	75.0450	70.7391	9.92135693	14.98389083	58.26821673	1116078080	197517312	8
74.7296	74.6963	67.5763	9.59396085	16.39654530	48.16193481	1116078080	198115328	8
74.9463	74.9296	66.9375	10.17777188	15.32094925	52.50403980	1116078080	199143424	8
73.5463	73.5963	64.4540	9.78962260	14.03179808	45.25212020	1116078080	199933952	8
72.6130	72.6630	67.2232	9.44243154	14.31055990	50.47501416	1116078080	200876032	8
72.0631	72.0297	62.9276	9.22628962	14.83995676	49.96925091	1116078080	201736192	8
72.2119	72.2452	66.2699	9.78962547	13.97953792	47.58883601	1116078080	202522624	8
70.2298	70.2132	67.3128	9.41024471	13.21817969	49.40566844	1116078080	203300864	8
69.7965	69.7965	64.4410	9.09946266	18.01466761	47.56480315	1116078080	203698176	8
69.4407	69.4741	62.4526	9.62026956	12.89072389	39.87852221	1116078080	204738560	8
69.3632	69.3299	63.0841	9.18573942	14.80279859	46.64780041	1116078080	205766656	8
68.7454	68.6788	61.1699	9.60761795	16.41614887	44.66598633	1116078080	205991936	8
66.7789	66.7122	63.5341	8.32420928	13.65094720	44.65111940	1116078080	206598144	8
66.6467	66.7133	61.0592	9.05237229	13.43728883	45.14418476	1116078080	207130624	8
65.5623	65.6290	62.7943	8.65246375	15.33896061	42.57958813	1116078080	208068608	8
64.9134	64.9134	61.8311	8.86610220	16.73403889	37.63346815	1116078080	216252416	8
65.0467	64.9468	63.3421	8.75588186	12.43765975	45.51397750	1116078080	217378816	8
63.7791	63.7624	64.9247	8.60922781	13.19587403	41.40252175	1116078080	218378240	8
63.5968	63.6135	63.8187	8.36597146	11.46587496	41.37863107	1116078080	218877952	8
63.3458	63.3458	61.9400	8.56268094	11.43934592	44.23833197	1116078080	219582464	8
62.2459	62.1959	61.5557	8.25013221	11.98956549	49.08800513	1116078080	220327936	8
61.9136	61.9636	62.1052	8.04420804	14.34014065	37.77448381	1116078080	220946432	8
61.7459	61.7959	63.8951	8.53112742	12.63486261	42.27846569	1116078080	221564928	8
61.8469	61.8636	61.1234	7.74846045	12.69515909	39.64189360	1116078080	222367744	8
60.0803	60.0970	68.7998	8.44467526	11.81509222	45.00741287	1116078080	223576064	8
60.2127	60.1127	62.7222	8.74418725	12.70537246	44.52420100	1116078080	223772672	8
59.4294	59.3960	62.4680	7.55517812	11.84531628	48.73410710	1116078080	224567296	8
59.0294	59.1127	62.2038	7.16954923	11.92362226	40.15549073	1116078080	224804864	8
56.9629	56.9129	59.2899	8.41695797	12.08426833	42.50752455	1116078080	215543808	7
55.8472	55.9139	56.0963	8.36951381	10.75826339	45.58627598	1116078080	216240128	7
55.0463	55.1297	54.6983	8.72270604	10.66753562	43.00671500	1116078080	216760320	7
54.0613	54.0613	52.9969	8.90676625	11.09943461	40.58686547	1116078080	217825280	7
53.2631	53.1798	57.7925	7.90701788	10.22920610	35.32253586	1116078080	218333184	7
51.0299	51.0466	53.5149	7.81872002	11.13709840	38.25683218	1116078080	218324992	7
49.8142	49.8142	55.9184	7.12668785	9.92125781	39.85850605	1116078080	219250688	7
47.9293	47.9293	70.2295	8.27222083	9.79275020	33.62186877	1116078080	219566080	6
47.5810	47.6143	59.9111	7.64683422	9.36314790	39.10497457	1116078080	220377088	6
45.1811	45.1477	61.9214	8.82497799	8.81184212	31.67486587	1116078080	220905472	6
44.1478	44.1811	62.9415	8.40693820	8.30763980	38.46172824	1116078080	221798400	6
43.9637	43.9637	58.2259	7.46410594	9.54277273	35.74009505	1116078080	221941760	6
42.8979	42.7812	74.0304	9.48150524	8.25557874	36.34296010	1116078080	222003200	5
44.1971	44.2471	60.5533	9.82625424	8.74971879	30.51664662	1116078080	222285824	5
43.7304	43.7804	57.4522	8.64971071	9.26065641	35.09372313	1116078080	222687232	5
43.5145	43.5312	60.4460	10.04532615	8.76031513	29.75050199	1116078080	223518720	5
44.2608	44.2274	56.1469	10.61235297	8.11906915	30.28567279	1116078080	223813632	5
42.0312	42.0812	61.7255	9.13116501	7.89418660	28.40899088	1116078080	224342016	5
42.1979	42.2479	58.5053	8.17519234	7.44741839	34.77169137	1116078080	224575488	5
42.2312	42.2979	59.4066	9.16276560	8.36352020	27.22396216	1116078080	225079296	5
42.3138	42.3305	61.9906	9.58410569	8.98115930	31.51721628	1116078080	225685504	5
42.6812	42.5812	56.1671	8.69236654	9.08640699	35.36082902	1116078080	226193408	5
42.2472	42.2305	59.0339	8.77617723	8.22267190	34.65801512	1116078080	226361344	5
42.3465	42.3465	57.5427	8.29301800	9.80485834	35.49711061	1116078080	226910208	5
42.5479	42.5812	58.3088	8.73501266	7.80440482	35.18837296	1116078080	227368960	5
42.6138	42.5805	60.8227	9.06499082	8.29567342	31.67765644	1116078080	227852288	5
42.0465	42.0465	61.2239	9.61915589	8.71485849	29.42681848	1116078080	228134912	5
42.2812	42.2812	60.9164	9.88026113	8.89201889	35.76490040	1116078080	228835328	5
42.6138	42.6138	61.1560	9.47014828	9.30558398	31.79605628	1116078080	229126144	5
42.6812	42.6979	58.0207	9.84567313	8.99888373	31.51729970	1116078080	229498880	5
42.3305	42.3472	63.6812	8.95440056	9.33182258	28.56953528	1116078080	230100992	5
42.0472	42.0305	61.2260	8.63295990	9.20237899	25.52882131	1116078080	230469632	5
42.0979	42.1479	58.5726	8.56659157	8.49944485	35.00610453	1116078080	231444480	5
42.6638	42.5805	55.6783	9.41817914	8.34163192	31.51750469	1116078080	231833600	5
42.0979	42.1146	61.3372	9.68490797	8.05737914	31.77695253	1116078080	231854080	5
42.5145	42.5645	59.3293	8.62594513	8.18614807	37.75845756	1116078080	232493056	5
40.8646	40.8146	62.6358	9.53186113	8.78834460	32.64303631	1116078080	233271296	5
41.0306	41.0639	57.4996	9.29424292	9.16130781	33.96121154	1116078080	233058304	5
40.8313	40.8646	58.4352	9.40030663	7.29977884	26.93460376	1116078080	233537536	5
40.8973	40.8806	54.9205	9.86016096	7.12679868	36.47603898	1116078080	234053632	5
41.0313	40.9980	57.5805	8.22983203	7.44455696	29.55673807	1116078080	234733568	5
41.0459	41.0626	59.1554	8.08941973	8.49116563	31.37612848	1116078080	234921984	5
39.6967	39.6634	58.1878	9.19368909	7.35191970	35.20403585	1116078080	235188224	5
39.5480	39.5480	56.4324	9.32303367	7.66911278	32.37558106	1116078080	235962368	5
39.6307	39.5974	60.5122	8.64624627	6.42528955	33.89890323	1116078080	236089344	5
39.6480	39.6647	60.1735	8.41772533	7.80923597	29.65333888	1116078080	236593152	5
39.0307	39.0474	60.6364	8.20606441	9.05383025	33.49600091	1116078080	237244416	5
38.6301	38.6634	66.9056	8.68707700	7.78221934	36.41238548	1116078080	237223936	5
37.8814	37.9314	60.1107	8.27670843	7.82776856	28.45650960	1116078080	237486080	5
37.6610	37.7110	59.0990	8.91468711	6.89948662	29.75729671	1116078080	237862912	5
37.6296	37.6462	62.6007	7.87640065	7.08530573	30.03055970	1116078080	238395392	5
37.8468	37.8135	63.0683	8.25874324	6.14767949	30.43135061	1116078080	238870528	5
37.8814	37.8648	58.7311	7.90293076	11.01161306	28.94746728	1116078080	239157248	5
37.7981	37.7314	57.0773	7.85530140	7.10446704	33.22868010	1116078080	239321088	5
36.3976	36.3642	63.3158	7.54053256	8.84057166	27.91775829	1116078080	239919104	5
36.9148	36.9648	55.1948	7.44721178	7.96632395	27.03060357	1116078080	240275456	5
36.1809	36.1809	62.3671	9.90013681	8.33356302	30.69964583	1116082176	239185920	4
35.8482	35.7149	70.1255	9.10830534	7.06537410	38.52172213	1116082176	239861760	4
36.0482	35.9649	68.6015	9.84352897	7.27389020	34.98375002	1116082176	240226304	4
35.4149	35.3816	73.6703	9.93743144	5.96772040	36.70940727	1116082176	240816128	4
35.3298	35.3465	67.9500	9.49517938	7.34636762	31.41141466	1116082176	241045504	4
34.6149	34.5316	63.6848	9.70065586	7.18068241	28.99864574	1116082176	241188864	4
33.9977	34.0477	74.0073	10.05147092	6.70613414	34.42265289	1116082176	241754112	4
34.0150	33.9316	69.8099	9.28673902	5.94454070	30.89728266	1116082176	241983488	4
32.7139	32.7973	72.3110	9.38537806	7.24260514	34.83756322	1116082176	242589696	4
33.0145	32.9645	74.8276	9.67155942	6.54890710	34.82020080	1116082176	242839552	4
32.5650	32.5817	71.0772	8.74851655	6.74530516	30.26629467	1116082176	243118080	4
31.6312	31.5979	66.2184	8.44767155	5.52486095	30.10672942	1116082176	243224576	4
31.3984	31.4318	70.3897	8.46721004	6.20281697	32.41273008	1116082176	243961856	4
31.3479	31.3979	68.2994	8.96048855	5.97372950	32.08492905	1116082176	244023296	4
30.3318	30.3651	72.3836	9.01735807	5.77269904	29.25645955	1116082176	244269056	4
29.8813	29.8480	63.9229	9.00537252	5.97751860	24.04747280	1116082176	244596736	4
30.0313	30.0147	63.7357	7.40292253	7.13672599	32.39648219	1116082176	244768768	4
29.3652	29.3485	106.5565	11.40221246	7.20139456	27.03817182	1116082176	244793344	3
29.9147	29.9480	104.2705	11.05416701	7.60200602	26.69277542	1116082176	244805632	4
29.9152	29.9485	107.3411	8.15730613	6.21275385	33.79672417	1116082176	244985856	4
31.4312	31.4479	75.6614	8.98368216	6.66488648	32.19206571	1116082176	245174272	4
32.4650	32.4817	76.8389	8.93662494	6.19045900	28.96759543	1116082176	245985280	4
32.4984	32.4817	69.6455	9.45353564	6.18995930	31.89663990	1116082176	246136832	4
33.8150	33.8150	67.5303	8.91898807	6.84874623	29.98578630	1116082176	247054336	4
33.9816	33.9983	71.8819	10.70635918	7.02275698	25.21075409	1116082176	246886400	4
33.9316	33.9650	73.5407	9.04485501	6.57089875	29.64277880	1116082176	247525376	4
33.6811	33.7311	77.5746	9.97801721	7.06184030	27.92548790	1116082176	248483840	4
35.1649	35.1482	71.7183	10.31324210	7.55007919	29.43270204	1116082176	248442880	4
35.6310	35.5643	73.6551	9.13899730	7.78746366	32.89478494	1116082176	248426496	4
35.4143	35.5976	75.2949	10.59503454	7.62499578	24.13662593	1116082176	248832000	4
36.6803	36.7636	80.6686	10.80206555	6.81727677	27.63614452	1116082176	249589760	4
37.2315	37.1648	69.4031	9.48435195	8.81647669	32.93365806	1116082176	249892864	4
38.0141	38.0641	74.9413	10.94180595	8.16053965	35.05409283	1116082176	250810368	4
37.9148	37.9314	82.8181	11.48093120	6.97602569	23.85462276	1116082176	250990592	4
38.1814	38.2148	81.5661	10.74556358	7.66751697	33.34687755	1116082176	250691584	5
39.0095	39.1095	92.8875	9.06851083	12.12457010	29.45313253	1116082176	251269120	5
41.6299	41.5632	62.8180	9.29145900	7.60439283	35.70207084	1116082176	252153856	5
42.2472	42.2139	60.7086	9.69341304	9.13260705	36.55648495	1116082176	252141568	5
42.3479	42.3979	62.1384	8.82419311	8.50829590	35.24392658	1116082176	252686336	5
43.9971	43.9804	58.3293	9.58351886	8.99509476	38.31381604	1116082176	253521920	5
43.0964	43.1464	71.3955	10.42070499	9.01938497	36.59619909	1116082176	253685760	5
45.1788	45.1622	63.5749	10.03352178	8.48740275	34.50647406	1116082176	254054400	5
45.5106	45.4939	65.0249	10.50228098	9.36370486	31.58201980	1116082176	254550016	5
46.6143	46.6643	63.8461	11.19329716	8.77694283	32.00087089	1116082176	255528960	5
47.0802	47.0635	72.4101	10.99485644	9.32418254	39.87849675	1116082176	256573440	5
48.5809	48.5642	67.9039	11.30738805	10.19906352	43.93983566	1116082176	256401408	5
49.0142	49.0309	93.4514	10.31997034	8.88678680	39.33509478	1116102656	257478656	6
50.2633	50.2300	81.4350	9.38485775	9.32209263	39.30099705	1116102656	258039808	6
51.7307	51.7141	71.7551	8.92201545	10.61287337	43.34057370	1116102656	258183168	6
53.4631	53.4464	71.1837	9.94144978	9.96483365	44.00209564	1116102656	259387392	6
54.0297	54.0631	65.2260	9.86592885	10.91767645	43.28279850	1116102656	259530752	6
56.2972	56.3972	72.9196	10.71509800	12.67004782	45.02157277	1116102656	260263936	6
57.3128	57.3128	71.6374	10.80532248	10.57645774	42.15376998	1116102656	260571136	6
57.5305	57.5471	73.3270	11.03948032	11.52109018	45.91432935	1116102656	261898240	6
59.0627	58.9961	76.2619	10.19829331	11.70551118	42.03139614	1116102656	262078464	6
58.6804	58.6971	72.2570	10.17103151	11.03417508	38.21618697	1116102656	262672384	6
52.6140	52.5807	64.8333	8.19329176	10.86993173	41.58002060	1116102656	263593984	6
48.9293	48.8793	61.0031	8.87927476	11.66105622	36.94337030	1116102656	263987200	6
45.0137	45.0637	60.4294	7.91258968	8.10553377	34.32049283	1116102656	263925760	6
41.6306	41.6306	59.1865	7.20722842	8.95735417	29.39548611	1116102656	264548352	6
37.4481	37.4981	71.4778	7.56723403	6.42594366	22.28308171	1116102656	263450624	5
30.7485	30.7318	57.3275	6.58198572	5.94541568	24.15283716	1116102656	263745536	5
26.5316	26.5982	61.3427	7.69904664	5.27870362	27.16340658	1116102656	262889472	4
22.9489	22.9322	68.2820	5.08969428	4.11064251	16.44374573	1116102656	263442432	4
19.3487	19.3320	65.2371	5.35862033	2.80656627	15.81755286	1116106752	263266304	3
15.2826	15.2659	75.9847	7.44815383	2.10178693	15.05060830	1116106752	263577600	2
11.7494	11.6827	85.3395	7.08223610	1.57846953	7.85273675	1116106752	262991872	1
7.9328	7.9495	115.0314	7.15156300	1.20408690	10.43449525	1116106752	263094272	1
6.5330	6.5497	109.0789	7.60386191	1.37524630	8.49188922	1116106752	263192576	1
6.9819	6.9819	128.5895	8.80793717	0.87425450	9.00739414	1116106752	263139328	1
7.9328	7.9495	169.7505	10.24931949	0.92426175	7.92105572	1116106752	263708672	1
8.0495	8.0161	141.0083	8.67340643	1.53397756	11.42825367	1116106752	263733248	1
8.2824	8.2490	214.3434	12.65966623	6.79418432	8.29855013	1116106752	264249344	1
8.3496	8.3662	228.1116	9.90901965	1.39048830	7.32319387	1116110848	263761920	2
8.6328	8.5828	239.6602	7.41207035	3.59498224	13.23483323	1116241920	264192000	2
10.4116	10.3950	169.0593	12.15752693	2.06273133	5.56517572	1116114944	264499200	1
8.6494	8.6828	307.6238	7.47203768	1.47110940	8.99645762	1116119040	264347648	2
8.8829	8.8496	385.7985	11.93868678	1.79847072	8.13282156	1116119040	264577024	1
8.5828	8.6161	446.9400	10.68375166	1.64227140	6.76570485	1116119040	264585216	2
9.2329	9.3162	422.2075	9.22564475	3.74520732	15.92455604	1116119040	264880128	2
13.6822	13.6822	128.7247	9.51487040	3.09247658	15.50168253	1116119040	265076736	2
15.3656	15.4156	111.7557	8.79628757	4.09819890	17.89741303	1116119040	265334784	2
15.6159	15.5826	103.1529	9.53133551	7.13672622	16.05757646	1116119040	265498624	2
15.6323	15.6823	101.4793	10.61970218	2.45849764	15.98935390	1116119040	265699328	2
14.9483	15.0149	128.7214	9.15728593	3.50413173	12.16393468	1116119040	265814016	2
15.3656	15.3823	110.8093	8.88108827	2.43179100	15.97676687	1116119040	265838592	2
15.2492	15.1826	115.7772	10.04969819	3.60956662	16.02309228	1116119040	266072064	2
15.3156	15.3990	124.7749	10.74853709	2.94351800	26.54726954	1116119040	266592256	2
16.6658	16.6325	93.6593	10.15008118	13.11297910	14.89907401	1116119040	266559488	2
16.7658	16.8992	109.1844	10.72316325	3.30857950	18.91883960	1116119040	266600448	2
16.5158	16.5325	120.2127	9.08527752	3.31054111	16.36162677	1116119040	266862592	2
16.2989	16.2822	127.2590	11.00679201	3.11028912	17.62432254	1116119040	267292672	2
17.2158	17.2325	95.7553	9.07748424	3.55228190	20.66924471	1116119040	267173888	2
17.1322	17.1155	96.7342	9.58277292	5.74757494	18.15756891	1116119040	267264000	2
17.2158	17.2491	97.3546	11.81323535	3.49256259	17.58575265	1116119040	267460608	2
18.0321	17.8821	122.0727	9.87816674	2.19041776	13.39063959	1116123136	267661312	3
17.0158	16.9992	164.0059	8.17931076	4.98229103	16.02811588	1116123136	267784192	3
18.9821	19.0154	80.0167	7.58500727	3.82151065	22.80800406	1116123136	268378112	3
19.7657	19.6990	82.7217	7.95987535	4.70093683	18.62857010	1116123136	268296192	3
20.8479	20.8313	70.0384	8.28332532	4.57277552	16.41565249	1116123136	268902400	3
20.6486	20.6653	73.2105	8.45525078	4.47669390	16.45196962	1116123136	268845056	3
21.6156	21.6156	86.2961	9.00401858	4.59203144	15.75190710	1116123136	269324288	3
22.2989	22.2989	75.6293	8.42558634	3.55557040	20.73642817	1116123136	269459456	3
22.0819	22.0985	75.9382	8.49937475	3.88636828	22.35055332	1116123136	269557760	3
22.1989	22.1656	83.9286	10.96167467	5.71263657	22.21008182	1116123136	269664256	3
23.7960	23.8294	70.1014	8.41413162	5.60040151	22.60415129	1116123136	269893632	3
23.9480	23.9813	70.9903	9.97476077	4.43081945	20.46058276	1116123136	270135296	3
24.0155	24.0488	78.1095	9.27140173	5.61785193	21.97974860	1116123136	270389248	3
25.1317	25.1150	78.4380	9.91147810	4.44392494	22.54273786	1116123136	270626816	3
25.0308	25.0308	77.9547	9.69162168	5.13516343	23.31165980	1116123136	270802944	3
25.2650	25.2983	74.7279	9.28568378	4.92030060	25.44004684	1116123136	271237120	3
26.3987	26.3820	68.2047	9.36873625	5.42304201	20.86584449	1116123136	272134144	3
26.8315	26.8149	75.5948	9.72867498	5.89564431	24.44201744	1116123136	271859712	3
25.8154	25.9487	91.0796	11.67040278	5.14885504	27.91799172	1116123136	272044032	3
27.6486	27.6320	81.0199	9.52361022	5.21791869	24.19239889	1116127232	272019456	4
27.4820	27.4820	92.3748	8.40582072	5.45160918	29.75489737	1116127232	272396288	4
28.2486	28.2486	69.4029	8.97645611	4.81008010	28.53450825	1116127232	272613376	4
28.4986	28.5152	67.6902	7.55133919	5.87766484	29.77405939	1116127232	272879616	4
29.9813	29.9313	68.4037	7.97700459	5.54826472	28.60601269	1116127232	273244160	4
30.1142	29.9975	66.9656	8.28841928	6.99834005	28.96132312	1116127232	273514496	4
30.0313	30.0313	68.5566	8.17063118	6.21363597	26.79242977	1116127232	274018304	4
31.0313	31.0146	73.6346	8.95827110	7.01134596	26.60025397	1116127232	274624512	4
32.2317	32.2151	69.8877	9.82420760	6.51192000	35.39179153	1116127232	275337216	4
32.8645	32.8478	74.4257	8.87144973	6.29259226	32.36231587	1116127232	275206144	4
33.5983	33.6317	72.7473	10.06696442	7.49755829	31.75361832	1116127232	275730432	4
33.5478	33.5144	84.0492	9.25290650	6.88315053	32.80709823	1116127232	275746816	4
35.5316	35.5482	70.9625	9.09118716	7.90576840	36.23399379	1116127232	276520960	4
37.5481	37.5981	70.9738	9.88191324	8.09701202	31.01389431	1116127232	276844544	4
37.3808	37.3475	69.9268	11.20666679	15.10959051	32.07763940	1116127232	276992000	4
37.9814	37.9148	85.5815	10.56871205	7.37954358	32.13152539	1116127232	277544960	4
38.9474	38.8807	75.7102	10.76793084	15.07168662	27.59086447	1116127232	277757952	4
39.0301	39.0634	94.0132	10.95768646	9.40233904	35.08329056	1116127232	279011328	4
40.0273	40.0607	87.1547	12.12926310	8.85913762	31.01443679	1116127232	278683648	4
40.0980	39.9647	94.4621	8.64446384	7.87973101	31.67269594	1116135424	279175168	5
42.0479	42.1479	96.4543	9.78982566	8.47138744	30.32920680	1116135424	279875584	5
43.8637	43.8637	80.9894	9.54798649	9.44150322	30.06655212	1116135424	280203264	5
44.6804	44.5970	66.6424	9.89975487	9.83251403	37.41342313	1116135424	280752128	5
46.2136	46.2469	68.7077	10.30651610	8.34042740	37.03127032	1116135424	281296896	5
46.9302	46.9135	60.2242	9.94586260	9.70331970	30.84288602	1116135424	282443776	5
47.5968	47.5635	74.0767	10.92192660	10.62128150	36.74125536	1116135424	282337280	5
48.5142	48.5142	75.7358	11.27041312	9.46943889	38.78844286	1116135424	283037696	5
49.7300	49.7300	73.0905	11.20484633	9.24113879	35.32871830	1116135424	283312128	6
49.1142	49.1475	91.5202	10.04963830	12.63542372	43.91954867	1116135424	283787264	6
51.1966	51.1633	74.5443	9.77234791	9.21187677	38.98555026	1116135424	284594176	6
53.2798	53.3464	67.9113	9.65109855	13.30258338	41.61824925	1116135424	285462528	6
53.7973	53.8806	68.3743	10.46358180	11.88695080	42.35199200	1116135424	286175232	6
55.0130	54.9630	72.0318	10.97926903	10.52448667	40.84282684	1116135424	286748672	6
56.9629	56.9629	77.9661	10.59612317	10.12182893	43.83428824	1116135424	287473664	6
59.8470	59.8637	76.1915	11.70133682	12.71598261	42.92176711	1116135424	288296960	6
60.2637	60.2970	120.5912	9.75014102	12.82664835	44.30376774	1116344320	288915456	7
64.6290	64.3624	99.9720	10.74175470	14.35403116	45.67310987	1116344320	290201600	7
67.7966	68.0466	83.9015	11.39516548	14.97956506	49.29375641	1116344320	290930688	7
69.5620	69.5787	97.1277	9.30512694	14.25087727	50.39433003	1116352512	291295232	8
75.5629	75.5796	82.6324	11.15116979	16.51212172	49.58736798	1116352512	292085760	8
75.5629	75.5796	82.6324	11.61912427	16.33766010	52.39962539	1116352512	294023168	8
76.1962	76.2462	127.1043	11.12828154	14.35851388	52.08890774	1116934144	294113280	9
79.8113	79.7447	112.0194	9.81606289	15.15818802	48.75435496	1116934144	295075840	9
80.0280	80.0113	129.8152	10.57285959	15.60931950	48.94364557	1116934144	295841792	9
78.5461	78.6794	173.5054	10.88301287	16.22332509	56.45712931	1116934144	297119744	9
78.9114	78.7781	169.8212	9.41666733	15.91830980	50.94735898	1116934144	305692672	9
77.8461	77.8961	190.5524	9.51088082	13.17896324	46.75033727	1116934144	306937856	9
77.9948	78.0115	185.9111	9.08045883	13.65643889	43.53320804	1116934144	308162560	9
78.3614	78.4114	177.4801	8.67284111	19.62073309	54.05784253	1116934144	309379072	9
81.9779	81.9945	151.1577	8.94006947	13.15274418	45.53965083	1116934144	309788672	9
79.3614	79.5280	179.9436	9.00397778	17.32663745	52.26384843	1117224960	310972416	9
78.6781	78.5781	184.1478	10.88806067	14.64949985	47.53818253	1117224960	311996416	9
79.4627	79.6793	185.7950	9.47871970	19.92858962	47.14135548	1117224960	312705024	9
78.1948	78.4781	206.0157	9.36236123	14.42844625	50.08621256	1117224960	313352192	9
79.3294	79.0294	177.8539	9.11186360	15.89192970	40.21491204	1117224960	314236928	9
79.8280	79.9613	185.0619	9.82531409	18.04020150	41.15933903	1117224960	314978304	9
78.3448	78.3948	184.7256	8.95293194	18.02232786	52.34215068	1117224960	315899904	9
76.4628	76.5628	152.7926	8.91030147	16.28090081	44.77224385	1117224960	316944384	9
77.9628	78.0461	125.6895	10.40899725	12.85631820	42.11363563	1117224960	317796352	9
77.1628	77.1795	106.6260	8.36040286	14.31454781	47.39380648	1117224960	318894080	9
75.9129	75.9795	84.2321	8.88086923	15.31920544	45.41861627	1117224960	319201280	9
75.1450	75.2450	72.0202	8.96449682	15.32875274	45.81947168	1117224960	320770048	9
73.4297	73.0297	60.9480	8.62188996	14.58355606	40.08044887	1117224960	321208320	9
72.2618	72.6785	59.3685	7.87182910	13.67634111	43.57051075	1117224960	321974272	9
67.4788	67.5622	56.0957	7.45816200	14.74562639	35.90798724	1117224960	322408448	9
64.5801	64.6634	59.7482	8.34045235	12.81633869	36.35089054	1117229056	312594432	8
62.5948	62.5448	61.6055	8.09363968	11.88370636	34.72020322	1117229056	313376768	8
61.0636	61.0469	59.5864	8.61321430	11.86283889	36.96926853	1117229056	314085376	8
64.1135	64.0968	62.4649	9.18831349	14.51033568	44.75375295	1117229056	315432960	8
66.4633	66.4133	62.1706	9.43639650	12.93033323	44.99698734	1117229056	315543552	8
68.0141	68.0141	63.2264	9.90636843	12.96885360	46.61799043	1117229056	316936192	8
69.4954	69.5120	63.6068	9.38053351	14.28502162	45.64855043	1117229056	317624320	8
73.4463	73.3963	66.1962	10.07113565	14.37762338	50.41541215	1117229056	318472192	8
74.1951	74.2117	69.2641	10.69266579	15.58196982	49.95335959	1117229056	319180800	8
76.2436	76.2436	70.7930	10.20197745	15.30158644	51.35941739	1117229056	320147456	8
77.8461	77.9128	74.3621	10.01142921	16.11026891	49.35734366	1117229056	321826816	8
78.6461	78.5627	94.3697	10.66756523	16.21092648	50.88220618	1117229056	321880064	8
77.4795	77.3961	127.3004	10.29051986	13.93242812	50.21678822	1117229056	322834432	8
78.4614	78.3948	130.1339	9.99730776	17.62983617	47.80917985	1117229056	324083712	8
77.8794	77.9461	137.2735	10.65975302	17.20102000	55.82713637	1117229056	325386240	8
77.5115	77.4282	101.1207	9.58844104	15.00129980	53.18246970	1117229056	325595136	8
74.9963	75.0296	104.6544	10.73895084	15.48674342	48.72589944	1117229056	326381568	8
76.8115	76.8449	70.1447	10.39260129	14.88332567	50.58488802	1117229056	327245824	8
72.6964	72.7964	86.8858	9.79984627	16.03114144	46.35899796	1117229056	328515584	8
70.6631	70.6465	66.0146	8.62125203	15.42555939	54.37150168	1117229056	328826880	8
68.2788	68.2788	66.7271	9.35409026	13.37463476	49.77362992	1117229056	329723904	8
66.0623	65.9789	63.9864	9.16378274	13.74247557	45.82049150	1117229056	330731520	8
64.0592	64.0592	60.3369	9.00690897	11.77708780	46.29679900	1117229056	331194368	8
59.7117	59.6617	59.5774	7.53135554	9.74282565	44.65059899	1117229056	331542528	8
57.4638	57.5305	63.0185	8.02057925	10.70963758	42.20361539	1117229056	332431360	8
55.2463	55.1963	58.9315	6.83927908	10.28382448	46.42814010	1117229056	332800000	8
53.7973	53.7973	60.5793	7.88366864	11.32088590	43.92297117	1117229056	331186176	7
52.8974	52.8640	54.8049	7.47121283	11.83008911	36.52536242	1117229056	332193792	7
52.9798	52.9631	59.2461	9.07660666	14.77502962	42.64602848	1117229056	333107200	6
52.7307	52.6640	66.1658	9.32949098	11.34258854	39.85134701	1117229056	333467648	6
52.9965	53.0631	64.4089	9.11363998	10.76933458	42.54345385	1117229056	334852096	6
52.2141	52.2474	63.9598	9.25047974	12.81677873	46.42664192	1117229056	335101952	6
51.4299	51.4466	61.7464	8.72152805	9.89491808	38.25739949	1117229056	335880192	6
51.3291	51.2791	60.7329	8.84537166	10.69498889	38.19386907	1117229056	336568320	6
51.1974	51.2474	62.5590	8.96808508	9.90110510	41.93713630	1117229056	336834560	6
51.5632	51.5299	61.1475	8.95047724	11.26153612	47.51373147	1117229056	337629184	6
51.5765	51.5598	63.0443	8.62985570	9.05982667	39.41126501	1117229056	337911808	6
51.2141	51.2308	62.1304	8.95801545	10.91971387	42.18616406	1117229056	338518016	6
49.7467	49.7467	61.9169	8.70005352	8.64023970	36.62913898	1117229056	338722816	6
49.0142	49.0642	73.0798	8.95114430	9.60915889	39.07284241	1117229056	339537920	6
49.5475	49.5475	66.3804	8.47185447	10.55586458	29.61573020	1117229056	339963904	6
48.0143	48.0976	63.0707	8.79157612	9.79598893	38.24512906	1117229056	340606976	6
48.3626	48.3626	62.5934	8.76471388	9.48699074	39.27197330	1117229056	340729856	6
48.6134	48.5968	60.1773	8.30547930	8.46341890	38.45836102	1117229056	341512192	6
47.5952	47.5952	62.1817	8.57953891	9.78814152	31.69236171	1117229056	341934080	6
46.7136	46.6969	61.5289	8.49426205	9.37196889	35.26455699	1117229056	342740992	6
46.5469	46.4969	63.0014	8.89138981	8.57912475	29.09553576	1117229056	343146496	6
45.3311	45.3977	64.8425	8.30968716	9.51288020	31.89531919	1117229056	343306240	6
45.1977	45.2144	61.8721	8.33760397	10.12079407	33.02150254	1117229056	343764992	6
45.3144	45.2644	62.4311	8.24581193	9.29595515	32.81453899	1117229056	345006080	6
45.5311	45.4977	59.8531	6.80372918	8.15085584	33.86383284	1117229056	344743936	6
41.7646	41.7979	57.3537	8.82530005	8.29884673	34.40977442	1117233152	343818240	5
40.6306	40.6806	56.6383	8.35714799	7.87861149	26.77236351	1117233152	344629248	5
38.8481	38.7981	58.2328	8.39780346	7.27236384	27.65274955	1117233152	344788992	5
37.4308	37.4642	59.4662	7.52510042	5.93126844	23.09915166	1117233152	344948736	5
35.5982	35.6149	57.7557	7.03249340	7.66120091	28.30067758	1117233152	345645056	5
33.9977	33.6644	54.7015	8.21785449	6.66367296	30.15776899	1117233152	346054656	4
29.7647	29.8480	70.6561	8.88666362	6.78815719	25.94611152	1117233152	346324992	4
28.4652	28.4819	70.4921	7.11981093	10.43571214	23.16718815	1117233152	346578944	4
25.6983	25.6650	96.8500	9.74667321	6.23034630	22.94687500	1117233152	346259456	3
25.4150	25.3983	67.8071	9.22994020	4.41401825	17.83935581	1117233152	346697728	3
23.1985	23.2318	80.9362	10.51481277	3.69461521	17.79767879	1117233152	346869760	3
21.6656	21.6156	76.9985	8.87515493	4.97674650	19.09671108	1117233152	347037696	3
21.3986	21.4152	71.9875	8.38018530	3.82631098	18.20944593	1117233152	347312128	3
22.4152	22.3985	68.1310	7.85391275	3.99723600	23.43628853	1117233152	347435008	3
22.6322	22.6322	70.2504	8.20632521	4.67262486	21.35527101	1117233152	347611136	3
22.3485	22.3318	69.7754	7.53871889	4.20095407	23.84178835	1117233152	348049408	3
22.4918	22.4751	71.6976	7.41556377	3.70951025	21.57782455	1117233152	348381184	3
21.6986	21.7319	92.3144	12.25509873	4.61253688	25.50083063	1117233152	347983872	2
19.5490	19.5324	168.3191	7.32231285	5.50800802	20.00974358	1117351936	348790784	3
20.6149	20.6649	180.5452	11.60549581	4.43251025	23.54243545	1117356032	348696576	2
21.0486	20.9653	159.2886	9.70729318	2.65453293	19.24381899	1117356032	349450240	3
21.7489	21.8156	145.0550	9.22675478	5.56476593	24.75724758	1117356032	349437952	3
23.5302	23.5135	82.7385	9.11493833	4.49479446	21.71520050	1117356032	349794304	3
23.1988	23.1488	87.6148	9.85287113	3.98481935	22.67145199	1117356032	349929472	3
23.4643	23.5143	79.5167	10.08090410	5.45249552	24.78769048	1117356032	350302208	3
23.7821	23.7321	74.0976	8.79753751	5.35061590	22.33223391	1117356032	351154176	3
23.3651	23.3484	85.2099	10.46336910	4.42914867	26.42621535	1117356032	350945280	3
23.6988	23.6322	78.3293	11.36734708	4.51570015	24.00395990	1117356032	351039488	3
23.3155	23.2155	89.0373	9.35908154	4.86528670	22.89807773	1117356032	350380032	4
22.8981	22.8648	96.2026	5.79349709	4.58118366	24.84915868	1117356032	351207424	4
23.9155	23.9155	75.8425	8.69260416	5.17505687	22.30404314	1117356032	350863360	3
23.3147	23.3481	76.1342	9.41855317	4.53836050	22.61070758	1117356032	351404032	3
24.0147	23.9980	75.0042	10.33111093	3.51846368	22.76435141	1117356032	352165888	3
23.4484	23.4651	77.9666	9.19729678	3.89965945	23.26062446	1117356032	351916032	3
23.8155	23.7988	75.6218	9.60598771	4.67664790	21.01341111	1117356032	352280576	3
23.5484	23.5818	80.0565	9.27399463	4.78968240	22.87378494	1117356032	352485376	3
24.0980	24.0980	68.4592	9.08280962	3.59587519	24.23359786	1117356032	352722944	3
23.7155	23.6988	72.5767	11.40471411	4.67395849	25.54933478	1117356032	352735232	3
24.4317	24.4317	89.1160	8.05489588	5.21915600	20.85757929	1117356032	353337344	4
24.2821	24.2488	93.6412	7.00896786	5.40421300	23.69614912	1117356032	353718272	4
25.2483	25.2483	69.9947	7.67019065	9.16614930	25.78900041	1117356032	353185792	3
25.0321	25.0487	77.8237	8.42781108	5.63755859	25.58514788	1117356032	353710080	3
25.5150	25.4816	71.1001	9.83675734	13.57504762	25.01089316	1117356032	353849344	3
25.0154	25.0487	81.5230	8.33335398	5.11134176	24.23067299	1117356032	354422784	3
25.6650	25.5816	73.3629	9.50366007	4.12458710	19.40707796	1117356032	354385920	3
25.9987	26.0154	92.3094	9.16946673	4.85977343	19.22510055	1117356032	354881536	3
26.6447	26.6113	75.9436	10.66837769	6.33660810	20.66021542	1117356032	355110912	3
26.4316	26.4482	74.5299	10.57586641	5.07363751	20.20605153	1117356032	355287040	3
26.5153	26.4320	79.6280	9.64142632	8.75947210	16.48783485	1117356032	355627008	3
26.6982	26.7316	74.1365	9.35319247	6.56758115	17.22631675	1117356032	356065280	3
26.0316	26.0149	84.8629	8.79719766	5.65568810	15.86095693	1117356032	356290560	3
26.6987	26.7153	75.9183	10.33101388	5.48321078	21.10506589	1117356032	356577280	3
27.1779	27.1446	71.0589	10.26418771	5.12346352	17.23199192	1117356032	356995072	3
26.3311	26.2811	84.1465	9.83105838	5.93912323	28.18760891	1117356032	357462016	3
27.2473	27.2139	70.2247	10.04923389	7.01148343	23.82808934	1117356032	357425152	3
26.1487	26.1487	87.9579	10.74474902	4.43498481	25.02760597	1117356032	357732352	3
26.4987	26.5153	78.0069	9.77966449	4.90182472	23.50945875	1117356032	358076416	3
26.7982	26.8315	69.6081	10.43674441	7.59039608	27.77474368	1117356032	358219776	3
27.2770	27.3103	65.6663	9.04821094	6.14030900	26.18218802	1117356032	358522880	3
26.4316	26.4649	76.4704	8.12455822	4.89880180	23.62740853	1117356032	359350272	3
26.5982	26.5982	85.2099	10.14378254	5.17475061	26.34103708	1117356032	359563264	3
26.3132	26.3298	80.0013	10.41147000	5.99494995	23.11223643	1117356032	359706624	3
26.1843	26.1843	77.7799	10.16213992	5.69784573	21.64529744	1117356032	359583744	3
26.2487	26.2987	85.8726	10.56834852	4.96083688	22.97657678	1117356032	360198144	3
27.1982	27.2315	72.0496	10.88259781	5.82870015	24.34384631	1117356032	360202240	3
27.9815	27.9648	81.4011	10.26465391	5.16439748	23.45064374	1117356032	360833024	3
27.9643	27.9310	83.0513	10.80586016	6.12831414	27.02856000	1117356032	360701952	3
27.6134	27.6801	81.4750	9.81345291	5.02206653	23.40221025	1117356032	361357312	3
28.0653	28.0319	78.9839	9.36196902	5.95320615	29.79587228	1117356032	361172992	3
28.2310	28.1977	75.9911	9.86519994	5.80140131	26.14659378	1117356032	361603072	3
27.5820	27.5653	85.9825	11.48787431	5.31594287	28.30074030	1117356032	362418176	3
27.6482	27.6648	119.8783	9.68401484	6.85902897	23.08163378	1117356032	361771008	4
28.5486	28.5486	94.0193	8.92181177	5.91509477	32.96971272	1117356032	362418176	4
29.4485	29.4819	76.3827	8.71318713	6.63552351	27.39484141	1117356032	362934272	4
29.8470	29.7804	68.4298	8.79759733	6.65169636	29.88044440	1117356032	362774528	4
29.7985	29.8318	69.4620	9.14231569	6.19890803	24.63198430	1117356032	363286528	4
29.9980	29.9813	68.3174	8.25365602	12.00424152	30.37911644	1117356032	363397120	4
30.2152	30.1652	72.1669	9.09847366	6.60975920	26.84116255	1117356032	363864064	4
31.1979	31.1813	69.4762	10.07388368	6.69480687	32.60699362	1117356032	364199936	4
31.4265	31.4099	66.0106	8.65408651	6.56649307	32.80241517	1117356032	364941312	4
32.6650	32.6650	70.4464	9.73077470	5.68341508	30.62274990	1117356032	365121536	4
32.8806	32.9139	70.6597	10.35934907	7.60889783	31.82164798	1117356032	365236224	4
32.7817	32.7317	70.2994	9.41739124	7.00534075	26.88907452	1117356032	366030848	4
32.8811	32.8645	66.6024	9.62955615	7.53862372	31.20795102	1117356032	366190592	4
34.5644	34.5310	69.3736	10.06052261	6.56682130	28.99501452	1117356032	366411776	4
34.0311	33.9644	72.8670	9.67897990	10.80997163	33.74595769	1117356032	366686208	4
34.9810	34.9477	68.1240	9.92136742	6.43317530	29.26776790	1117356032	367616000	4
35.1149	35.0649	78.0390	9.69251723	6.82515790	31.99451443	1117356032	367620096	4
35.5470	35.5637	75.0703	9.40436310	7.69061053	30.95592260	1117356032	367685632	4
36.0482	36.0482	66.7582	10.36214011	8.09255609	32.68304071	1117356032	368033792	4
36.1809	36.2309	82.5695	11.08268975	7.39414462	34.35279563	1117356032	368504832	4
37.0142	37.0309	75.9158	10.74784690	8.03912884	40.02581387	1117356032	369537024	4
37.3815	37.3981	75.5258	10.21972453	7.18043078	37.28813959	1117356032	369258496	4
38.2314	38.1814	78.6526	10.85804684	6.91687206	37.75444545	1117356032	370118656	4
39.1307	39.1641	85.2643	10.97643351	8.77585337	39.81330162	1117356032	370507776	4
38.7301	38.5968	96.1805	10.87861054	8.01882620	36.91767335	1117356032	370810880	4
39.8313	39.9147	84.2990	11.44595824	8.23356160	39.83066677	1117356032	371224576	4
40.1973	40.1807	94.5151	10.62056440	7.87388778	27.71231210	1117356032	370995200	5
40.3480	40.3480	95.3784	9.98280738	10.18675544	33.23866297	1117356032	371462144	5
42.7812	42.7812	74.9252	9.69447288	8.22141165	28.94908648	1117356032	372334592	5
43.9304	43.9137	64.6531	9.89806122	9.21347738	35.94291298	1117356032	372867072	5
45.3311	45.2977	63.7057	10.15251315	10.34800253	37.07103131	1117356032	372776960	5
45.2144	45.2811	63.4247	10.13983980	9.01663340	32.46514787	1117356032	373653504	5
46.1644	46.1810	65.1252	10.57367413	10.27892142	33.06899757	1117356032	374382592	5
48.3143	48.2309	59.7827	9.98525551	11.48280879	31.42113817	1117356032	374632448	5
49.8642	49.8475	63.2839	10.69369323	9.86886081	34.48583686	1117356032	374874112	5
49.0801	49.1134	77.3336	11.72914563	10.76330218	43.28181395	1117356032	375906304	5
48.9642	48.8976	91.8384	9.72727799	8.77551588	35.18693863	1117356032	377032704	6
49.6767	49.7100	99.2997	10.66365106	13.70158482	43.97559880	1117384704	377290752	6
52.5807	52.6140	74.1758	9.25294763	9.64124319	44.77484218	1117716480	378507264	6
53.4807	53.5140	77.5008	9.98327773	11.88499204	40.82262600	1117716480	379465728	6
56.8638	56.9472	65.7451	9.76397927	11.02653787	44.46141070	1117716480	379695104	6
57.6962	57.6795	68.6128	10.35181623	11.93726972	47.82944903	1117716480	379998208	6
57.8961	57.8628	75.8347	10.42329162	11.63999890	37.60560259	1117716480	381284352	6
58.6971	58.6971	80.3359	10.98057058	12.19970677	45.75567216	1117716480	381345792	6
60.1127	60.0793	72.9309	10.67385009	12.19502931	48.12245430	1117716480	381730816	6
60.0283	60.0117	80.5990	10.75958860	11.40488962	48.28692121	1117716480	383062016	6
59.7637	59.7637	84.6453	11.04734240	11.39764060	44.69352884	1117716480	383684608	6
61.4803	61.4303	80.9886	11.64756106	11.01735626	46.80590650	1117716480	384311296	6
60.2470	60.2303	97.4693	8.82540875	11.68115352	43.80612574	1117749248	384704512	7
61.0803	60.9803	85.2555	10.28357960	14.34194710	45.85500621	1117749248	385179648	7
64.1468	64.1301	73.3360	10.11936762	12.61976758	46.90565101	1117749248	385916928	7
65.1203	65.1036	62.1349	10.36112268	15.08771910	47.87905844	1117749248	386654208	7
65.0967	65.1301	60.9491	10.33952282	14.79732338	46.00724892	1117749248	387379200	7
65.9300	65.8800	59.9449	10.46563893	15.36865229	43.36952887	1117749248	388050944	7
66.3456	66.3456	60.5787	10.56431110	13.53886196	38.82335881	1117749248	388485120	7
66.8122	66.7622	60.9316	10.69396310	12.76080603	46.31161570	1117749248	389337088	7
67.2800	67.3133	64.5308	10.03133219	13.72294335	41.34655869	1117749248	390201344	7
67.9288	67.9121	64.9801	10.71911857	13.02553899	54.70541826	1117749248	390995968	7
68.3466	68.2799	58.5331	9.92221062	14.13013519	45.32546300	1117749248	391598080	7
67.6799	67.7466	62.0490	10.75290035	14.29942650	43.61524229	1117749248	392404992	7
67.6788	67.7288	64.1186	10.11199065	14.84108995	41.31021990	1117749248	392990720	7
68.4632	68.4799	62.3982	9.97096260	14.96170176	55.37013224	1117749248	394158080	7
68.8787	68.8954	60.8919	9.89827821	13.52565637	46.30343140	1117749248	394616832	7
69.2121	69.2787	64.4426	10.20471125	13.55493169	48.21735469	1117749248	395087872	7
68.6299	68.7299	65.8649	10.69008005	15.33922323	51.28208010	1117749248	396115968	7
69.7287	69.7454	61.0853	10.73891931	14.25446434	45.79296493	1117749248	397053952	7
69.9965	69.9798	61.9045	10.41548162	14.44110894	47.37851870	1117749248	397561856	7
69.3287	69.3120	64.0435	11.46435774	14.76167196	49.97030576	1117749248	398114816	7
70.1787	70.1453	69.9299	11.33880503	13.19973219	45.37659990	1117749248	399147008	8
69.3465	69.3632	78.4515	9.56090589	13.14360390	44.90430095	1117761536	399024128	9
68.8787	68.9121	80.5715	8.77795870	16.96092692	50.07792528	1117761536	400162816	9
71.5464	71.5964	60.7914	8.07154607	13.77075180	48.74940264	1117761536	400711680	9
71.2798	71.2298	61.0215	8.42438352	14.01534408	45.94794310	1117761536	401506304	9
71.0107	71.0441	59.3298	8.82848153	15.03962157	49.32435707	1117761536	402751488	9
71.4631	71.4464	59.7919	8.87334685	15.63157909	43.93417477	1117761536	403582976	9
72.6464	72.6130	60.3702	8.36976201	13.99957655	45.66616231	1117761536	404647936	9
72.0940	72.0440	62.4377	8.50915401	12.94209370	42.10203901	1117761536	405114880	9
72.2464	72.2297	59.9536	8.73100348	14.97200590	45.59140757	1117761536	406155264	9
72.8797	72.8630	60.2024	9.12499673	12.85833944	47.51644367	1117761536	406798336	9
72.9951	72.9785	61.0116	8.45597966	15.14250167	45.77009069	1117761536	407621632	9
74.6296	74.6296	58.8021	9.09979561	14.56107610	44.66492215	1117761536	408354816	9
74.5438	74.5105	57.2085	9.72158126	15.33047970	40.73366035	1117761536	409145344	9
74.1117	74.0617	57.7984	9.76033508	16.12168222	44.06045404	1117761536	410296320	9
74.6532	74.6864	58.2953	9.44514328	14.38414400	45.89483406	1117761536	411389952	9
74.3284	74.3117	61.1359	8.98724696	15.08773182	47.20216678	1117765632	420433920	9
73.3630	73.3630	68.6043	8.77484475	13.26759055	50.66406506	1117765632	421400576	9
75.7795	75.7795	62.2043	9.63874294	16.10052887	44.13068150	1117765632	422100992	9
75.3616	75.4283	60.6832	9.03040615	13.74294261	47.75006957	1117765632	423010304	9
75.4437	75.4604	64.5398	9.26417244	12.40027485	40.54109184	1117765632	424468480	9
73.9130	74.1130	75.8044	9.20427020	14.00607214	52.49487465	1117765632	424796160	9
75.5116	75.3950	58.8256	9.06475692	16.70277834	50.49726623	1117765632	425873408	9
75.4796	75.4796	60.5434	9.21583545	14.80196121	46.35618480	1117765632	426639360	9
75.2462	75.3462	61.2566	9.14479927	15.86173823	43.65738975	1117765632	427192320	9
75.5950	75.5783	61.3996	8.85021259	15.46249950	49.33306281	1117765632	428232704	9
75.0450	75.1117	61.0825	8.37955188	14.45182273	51.35977474	1117765632	429228032	9
75.3950	75.3283	62.4792	9.32556577	16.73914238	44.56746519	1117765632	429785088	9
75.3296	75.3296	64.9122	8.63940820	16.56043959	47.50436553	1117765632	431104000	9
74.6296	74.6629	71.8060	9.10784675	15.47343357	48.35301274	1117765632	431681536	9
75.6283	75.5950	61.5503	9.19354267	13.80316682	52.50923433	1117765632	432513024	9
75.3796	75.4296	59.6297	9.28009051	14.57534653	51.37027703	1117765632	433819648	9
76.0629	75.9629	60.4111	9.43423726	15.08486844	47.30109095	1117765632	434069504	9
76.1783	76.1616	59.5184	8.58661661	13.71814452	51.65231694	1117765632	434884608	9
75.6795	75.7295	60.9998	8.76710251	14.26056161	51.61009552	1117765632	435859456	9
74.3117	74.4117	61.2797	8.39895347	14.13666782	48.03961370	1117765632	436748288	9
74.2117	74.2284	61.2187	9.14350422	13.91325444	52.86107018	1117765632	437825536	9
73.8796	73.8463	62.6791	9.20463856	15.38839357	48.73790633	1117765632	438603776	9
74.3284	74.2950	57.0841	8.80240797	14.39473465	54.42170473	1117765632	439099392	9
74.1784	74.1784	59.6017	8.24159018	16.05601764	43.61481724	1117765632	440037376	9
73.7796	73.8296	58.5887	8.70672561	16.99235000	43.94791563	1117765632	441118720	9
72.7951	72.7951	58.4652	8.53445019	14.06646234	49.67859437	1117765632	441610240	9
72.4797	72.4630	61.1235	7.83921745	15.57776020	47.09586156	1117765632	442224640	9
72.7130	72.7797	60.7822	8.72732205	15.14165414	43.64448316	1117765632	443424768	9
72.7285	72.7452	61.8053	8.89611281	14.69206061	57.85020152	1117765632	443711488	9
73.1797	73.1630	58.6200	8.31456975	15.31442173	53.52744173	1117765632	444653568	9
73.3451	73.3618	62.9859	8.96810772	15.61835032	50.34641069	1117765632	445534208	9
74.2950	74.3950	62.3474	8.61428308	15.34240714	46.58719990	1117765632	446271488	9
74.4963	74.4463	58.9098	8.76208410	15.80647310	52.17323119	1117765632	447422464	9
74.1241	74.1740	59.7293	8.96976315	14.99648924	43.38582236	1117765632	448090112	9
74.3117	74.3450	62.1074	8.69728246	13.27350797	45.08773762	1117765632	448811008	9
74.2630	74.2630	61.9825	8.97410890	15.19238491	48.57473137	1117765632	449540096	9
73.7451	73.7284	69.7916	9.11581585	16.41031182	44.16392591	1117765632	450322432	9
75.5462	75.5962	61.2293	8.91414237	16.48314690	38.89875909	1117765632	451297280	9
75.2629	75.3296	61.1874	9.27677302	15.69934046	43.22161626	1117765632	452304896	9
75.8116	75.8116	59.8716	9.09091310	14.74217832	42.86849550	1117765632	452632576	9
75.5462	75.5462	61.0404	8.76477533	14.74219038	41.11432621	1117765632	453582848	9
74.6604	74.6604	62.9123	9.04646100	14.55925805	44.41217737	1117765632	454729728	9
74.1889	74.2055	60.7534	8.33199768	14.45925792	47.45105792	1117765632	455524352	9
74.5617	74.5450	60.0617	9.14402111	14.31524740	39.07889730	1117765632	455913472	9
72.2464	72.3297	65.0924	8.78022128	14.26724354	48.34328836	1117765632	457084928	9
71.9797	72.0297	60.4317	8.20108394	14.43139395	41.31727711	1117765632	457990144	9
71.2619	71.2786	62.2039	8.60583017	14.63337289	47.22285925	1117765632	458788864	9
71.0631	71.0631	62.9062	7.77873639	14.51313914	46.41976605	1117765632	459165696	9
69.6632	69.6798	61.8175	7.94757361	14.25835582	43.88783648	1117765632	460054528	9
68.9621	68.9454	61.5458	8.07695339	14.27355970	48.31653431	1117765632	460812288	9
68.3133	68.3632	61.1636	7.97330556	12.70799990	50.16952677	1117765632	461737984	9
67.9621	67.8955	63.2000	8.30273854	13.54651315	44.87364174	1117765632	462495744	9
66.1123	66.1789	61.5941	7.95845157	15.91672504	41.75171302	1117765632	463069184	9
65.6800	65.6467	58.9792	7.70606606	12.51110905	47.54454867	1117765632	463659008	9
65.4112	65.4112	57.8214	7.43951698	11.86044181	50.57781025	1117765632	464601088	9
64.0124	63.9624	73.6527	8.50241408	12.99179152	39.65034566	1117773824	455831552	8
63.9936	64.0603	61.4412	8.47845284	13.96416000	45.48169214	1117773824	456777728	8
63.3124	63.3291	60.9476	8.63675255	13.58254656	50.31497674	1117773824	457277440	8
63.4468	63.3635	59.4382	8.48829992	12.74757673	42.37718751	1117773824	458199040	8
61.5969	61.6303	62.0882	8.37519018	13.61191930	40.97618643	1117773824	459001856	8
61.8792	61.9125	63.1688	8.50474283	13.75300804	44.37231115	1117773824	459481088	8
62.2802	62.2636	61.0182	8.14995590	11.30244353	43.48116985	1117773824	460201984	8
60.9626	60.8959	62.1568	7.88906367	11.95693528	48.27971188	1117773824	460546048	8
60.4293	60.3960	62.4352	8.02146914	13.06105919	47.47618506	1117773824	461680640	8
60.5636	60.4803	60.0747	7.48397550	11.42783188	37.38576922	1117773824	462118912	8
58.3304	58.2638	70.5323	9.48166412	11.63266835	42.03350569	1117773824	461967360	7
59.1137	59.1470	54.9160	9.14233252	11.41006603	43.04559135	1117773824	462934016	7
58.1442	58.1275	55.0625	8.63587537	12.71226380	39.43116754	1117773824	463302656	7
56.2805	56.1805	54.7478	8.52231598	9.72116030	38.92510116	1117773824	464191488	7
55.1102	55.1269	54.6161	8.25749152	10.31271043	32.84808201	1117773824	464539648	7
53.2973	53.3140	57.1163	7.58125798	11.36946806	40.62463593	1117773824	465113088	7
52.5614	52.5947	57.6572	7.49041004	9.91697123	39.81898370	1117773824	465854464	7
49.6117	49.6117	71.8331	8.82715171	11.38729229	36.99341143	1117773824	465657856	6
49.6475	49.6975	59.1204	8.78711790	9.05157622	36.75801062	1117773824	465993728	6
48.6468	48.5468	59.7096	8.41074622	9.33890700	38.78090340	1117773824	466714624	6
46.8453	46.8120	60.0007	8.42622895	10.54219747	39.29486365	1117773824	467513344	6
46.2636	46.2469	62.7438	7.59924646	9.39203147	41.99101514	1117773824	468279296	6
44.2456	44.2456	59.8369	8.11829053	11.03636281	32.31594125	1117773824	468332544	6
44.0811	44.0478	58.8294	8.34403609	8.95200461	39.79009939	1117773824	468819968	6
43.6638	43.6304	64.0195	8.05452139	9.10622162	35.72240942	1117773824	469274624	6
43.9093	43.9260	59.2151	7.62532720	8.79087476	37.18378406	1117773824	470003712	6
44.1123	44.1289	59.4233	8.20555853	13.14722519	33.69478596	1117773824	470114304	6
43.7138	43.6638	63.0408	8.29655560	8.04452424	38.34695949	1117773824	470704128	6
43.0957	43.1124	58.1171	8.04796230	8.94242523	37.23708601	1117773824	471179264	6
41.7805	41.7972	63.4274	7.10701071	8.24736231	34.35453223	1117773824	471461888	6
42.4479	42.4479	58.9694	9.55793527	9.32125168	30.99150435	1117777920	470511616	5
42.4805	42.4472	57.8767	9.07713122	9.01447303	27.08805230	1117777920	471097344	5
42.2624	42.2458	64.1400	9.31085829	12.12434848	31.98632584	1117777920	471859200	5
42.3979	42.3812	58.7904	9.03494983	8.48606293	30.10218494	1117777920	472301568	5
42.0312	42.0312	62.3303	8.71151455	8.64325209	37.70785370	1117777920	472686592	5
42.8805	42.8805	59.1792	8.90363605	12.80346245	26.97465762	1117777920	473124864	5
42.0812	42.1146	61.8362	9.72676356	9.61108581	29.43983830	1117777920	473677824	5
42.4145	42.3979	58.0330	8.41938721	8.32420643	30.24127790	1117777920	473976832	5
42.4305	42.4305	57.8409	8.60907390	8.25595929	31.70394000	1117777920	474427392	5
42.8783	42.9450	57.5083	9.25419492	8.65565136	31.65175561	1117777920	475197440	5
42.0798	42.0132	60.9306	8.96777921	9.64585077	32.86377424	1117777920	475488256	5
42.5312	42.4979	59.9259	8.19691901	9.87753186	34.03830160	1117777920	475934720	5
42.4972	42.4972	59.2243	9.69406863	8.26577835	28.45295350	1117777920	476106752	5
42.3472	42.3305	62.3256	9.82850710	9.13561678	31.78825192	1117777920	476680192	5
42.6645	42.6812	56.9453	9.25325489	8.48271496	34.72669764	1117777920	477249536	5
42.2139	42.1972	65.2413	9.04893435	9.27077552	35.94261612	1117777920	477577216	5
42.1979	42.2146	60.8425	8.91357461	8.44343810	35.05498931	1117777920	477970432	5
41.6806	41.7472	57.9972	9.13588777	8.61538872	32.86749862	1117777920	478773248	5
40.9473	41.0139	59.4092	8.88240550	7.59617526	34.15368462	1117777920	478978048	5
41.0306	40.9973	61.6854	8.85512918	8.04565814	30.27799717	1117777920	479559680	5
40.6806	40.6973	58.2080	8.36628505	8.52116834	28.94056142	1117777920	479797248	5
40.9286	40.8619	57.9678	9.33231911	6.79683635	33.69839214	1117777920	480641024	5
40.9313	40.8980	57.1402	7.92425611	8.05464150	37.84058035	1117777920	480784384	5
40.8646	40.8646	58.6431	8.34745258	6.97357580	28.72960856	1117777920	480989184	5
38.9647	38.9814	58.5755	8.86659292	7.44441209	30.40499505	1117777920	481734656	5
39.2980	39.2980	61.1387	9.22359603	8.57135839	29.77098804	1117777920	481816576	5
38.9468	38.9134	62.6385	8.44534789	7.98148593	35.68132855	1117777920	482394112	5
39.6140	39.6307	58.8356	8.43367855	8.09055586	30.92913764	1117777920	482656256	5
39.2980	39.2814	58.5180	8.80006121	7.75198630	30.32173211	1117777920	483397632	5
39.4814	39.5980	59.7020	7.60438720	7.95723239	33.20048304	1117777920	483315712	5
37.7475	37.6642	58.8642	7.42462241	7.66203595	36.39767332	1117777920	483807232	5
37.0648	37.0315	76.6872	10.72519260	7.95470907	34.67584818	1117777920	483565568	4
37.0636	36.8469	75.2904	10.77577776	7.91738788	35.60220541	1117777920	484282368	4
37.2981	37.2648	74.5711	9.71224195	7.28364102	33.27451539	1117777920	484347904	4
37.2309	37.2309	66.7883	9.53130137	8.22384360	33.10434015	1117777920	484950016	4
37.3315	37.3815	71.2350	11.18154393	7.63921353	32.39349524	1117777920	485515264	4
35.3982	35.4149	73.4212	11.30364123	7.30775085	35.12435716	1117777920	485892096	4
35.3310	35.2477	76.4530	10.25010258	9.12648927	30.68643132	1117777920	485908480	5
34.7316	34.7983	87.5172	8.18224302	6.70343085	30.15573400	1117777920	486318080	5
36.5476	36.5309	61.5575	7.70300014	6.59030116	26.51863020	1117777920	486436864	5
36.2982	36.2982	59.7204	7.94905345	7.43278751	32.77765955	1117777920	487231488	5
36.0809	36.0643	65.0813	7.78459969	7.48309320	27.55272476	1117777920	487194624	5
34.7638	34.7804	57.7254	7.20222230	6.84909387	25.73661654	1117777920	487657472	5
34.1650	34.1816	69.3086	9.38391851	7.34384182	35.56207810	1117777920	487796736	4
33.5633	33.5300	80.2619	10.31498124	7.01398539	28.35291174	1117777920	488624128	4
34.1311	34.0977	73.7845	9.15285054	6.94394146	28.05832645	1117777920	488935424	4
32.8150	32.7484	68.6814	9.54325535	7.08930236	29.08064381	1117777920	488902656	4
32.8645	32.8978	71.1540	8.66095054	7.81800683	29.93430873	1117777920	489238528	4
32.4812	32.5145	62.7160	8.10451655	5.30585116	26.10396191	1117777920	490094592	4
31.0984	31.1318	74.5546	8.15319547	5.76124744	26.17469870	1117777920	490262528	4
31.6646	31.6646	68.2989	8.57778207	6.38473550	25.75892841	1117777920	490229760	4
31.5651	31.5151	65.8361	7.85724237	6.40641489	22.74063990	1117777920	490942464	4
30.1152	30.0652	65.7744	6.77047683	4.87796343	20.97575228	1117777920	491184128	4
28.9819	29.0652	87.1606	11.56845813	8.03595739	20.34051310	1117777920	490762240	3
29.1985	28.9652	79.4315	7.96160326	5.05078343	25.53360802	1117777920	491978752	4
30.0798	30.0632	99.3814	8.79470636	7.28495829	29.49614208	1117777920	492298240	4
30.9366	30.9366	75.4453	9.10310368	5.35565630	30.47195284	1117777920	492822528	4
30.8485	30.8818	76.2990	9.11593388	6.13455577	24.42089878	1117777920	492949504	4
31.9145	31.9145	70.7342	9.00951510	7.89078076	26.74230697	1117777920	493727744	4
33.0817	33.0983	66.1349	10.71985846	5.92411859	24.84765657	1117777920	494129152	4
32.5645	32.5978	72.7439	10.66336928	6.02527899	27.11149657	1117777920	494116864	4
33.5978	33.6644	75.2807	9.67166907	7.38510236	33.55225293	1117777920	494493696	4
34.3649	34.3316	68.2811	9.62346766	10.08820263	28.77173651	1117777920	494870528	4
34.0644	34.0811	68.2597	9.59667283	8.49594284	33.83191737	1117777920	495251456	4
34.7149	34.7316	68.7126	8.99664408	7.82275528	31.93893201	1117777920	495751168	4
35.2643	35.3976	78.4444	9.54078795	7.31958620	38.23571751	1117777920	495747072	4
35.9649	35.9482	68.3547	8.09812704	7.11299516	33.23287517	1117777920	496091136	4
35.4310	35.4976	74.6437	9.32168936	7.34289397	37.02813078	1117777920	496984064	4
37.4302	37.4135	66.3902	10.40996228	6.51825535	33.85773438	1117777920	497119232	4
37.0315	36.9982	71.5482	10.37143181	7.51909743	35.21966486	1117777920	497287168	4
38.2475	38.2475	76.1412	10.51208578	7.28288354	33.67502693	1117777920	498065408	4
38.5968	38.5635	70.8570	11.52598996	8.26667236	40.39576702	1117777920	498098176	4
38.0308	37.9808	95.4028	8.00282323	6.98755538	38.92374565	1117782016	498507776	5
39.6314	39.6147	84.6470	9.41763848	8.22538489	35.36820271	1117782016	498941952	5
42.0646	42.0479	64.7582	9.64918371	8.87589814	38.45632628	1117782016	499478528	5
42.6145	42.6312	61.7701	9.32748821	8.63857327	42.45761010	1117782016	499765248	5
43.0312	43.0645	60.4311	9.33797148	8.44400070	36.75461949	1117782016	499879936	5
43.2138	43.1638	70.1409	9.80833690	9.64338195	34.22476670	1117782016	500625408	5
43.7145	43.6811	63.6478	10.14841808	8.49427184	35.24981046	1117782016	501190656	5
44.6970	44.6804	66.7568	10.50201559	8.80343364	34.38352939	1117782016	501686272	5
46.2961	46.2795	62.5009	9.82735394	9.74841462	42.11307472	1117782016	502423552	5
46.7977	46.6977	68.7505	9.85934869	9.99459307	37.70760423	1117782016	502910976	5
47.8635	47.9135	66.4337	10.30600781	9.27848302	36.87304632	1117782016	503844864	5
47.8309	47.8476	80.3591	10.46815977	10.23720682	37.93310837	1117782016	504111104	5
49.6625	49.6625	69.9829	11.35149573	9.45116020	37.25380677	1117782016	504336384	5
50.7475	50.7641	69.3523	9.64541874	11.11947444	40.94126353	1117810688	504696832	6
51.4808	51.4808	87.2166	9.87727500	10.59587200	42.68231838	1117810688	505401344	6
53.5973	53.6307	72.9360	10.14847656	11.31979476	41.13258434	1117810688	506433536	6
54.9139	54.9806	70.1182	10.28397915	12.73241394	39.59914727	1117810688	506396672	6
55.5963	55.6130	74.6847	10.69770312	11.12924191	42.62700903	1117810688	507408384	6
56.9972	56.9472	69.3825	10.22874859	13.21918491	45.56959639	1117810688	507580416	6
58.6304	58.6304	70.8903	11.35439979	11.57384935	38.35339949	1117810688	508661760	6
