0.0333	1	1	27012.5000	0.07300905	12.74368823	0.0333	191913984	934379520
0.0333	1	2	28832.0000	0.05371962	12.69111446	0.0333	192421888	1057005568
0.0333	1	3	28767.5000	0.06087040	4.29708969	0.0333	192593920	941285376
0.0333	1	2	28925.5000	0.06935278	6.34379958	0.0333	192655360	960606208
0.0333	1	2	32043.0000	0.08045892	5.97878068	0.0333	192724992	1067069440
0.0333	1	2	29364.5000	0.07660442	6.71457864	0.0333	192761856	915935232
0.0333	1	2	25616.0000	0.04994430	0.49151498	0.0333	192811008	637095936
0.0500	1	1	25636.3333	0.06075481	12.67654462	0.0500	192925696	994201600
0.0333	1	2	24127.0000	0.05160208	0.05218145	0.0333	192966656	837431296
0.0333	1	1	27058.5000	0.09941855	12.56929023	0.0333	192581632	785362944
0.0667	1	2	23347.3333	0.10965383	6.39236278	0.0500	192782336	826195968
0.1167	1	2	18755.4286	0.10005373	4.33164036	0.1167	193429504	873902080
0.1000	1	1	17005.1667	0.10554244	4.38198489	0.1000	193515520	1056100352
0.1167	1	1	20769.1429	0.07772945	7.48472354	0.1167	193466368	1053429760
0.0833	1	1	18580.2000	0.10232080	12.81050706	0.0833	193507328	1023479808
0.1000	1	2	20319.3333	0.08276915	0.04420819	0.1000	193662976	1055551488
0.0833	1	1	20708.4000	0.10655120	12.22073899	0.0833	193945600	882794496
0.1000	1	2	22302.0000	0.07105143	6.26834936	0.1000	193409024	1030692864
0.1000	1	2	17069.6667	0.10777744	6.08957280	0.1000	193454080	964661248
0.1167	1	2	18932.7143	0.11109810	6.27818893	0.1167	193523712	1053024256
0.1000	1	2	19482.3333	0.11555480	6.21253719	0.1000	193544192	998510592
0.1167	1	2	17421.0000	0.10966958	6.37179223	0.1167	193671168	816300032
0.0833	1	2	17971.2000	1.08324486	6.35154273	0.0833	193732608	852033536
0.1167	1	2	19413.0000	0.12731914	8.81340667	0.1000	194056192	690913280
0.1167	1	2	22676.4286	0.96081658	12.52811899	0.1167	194297856	855289856
0.1333	1	3	22287.7500	0.10963435	8.56309683	0.1333	194359296	1019990016
0.1167	1	3	26144.7143	1.00986305	8.46154960	0.1167	194469888	923893760
0.1333	1	3	22499.2500	0.10591028	10.09390482	0.1333	194482176	998129664
0.1333	1	4	23694.6250	0.39331008	8.31570175	0.1333	194629632	725450752
0.1167	1	4	23865.0000	0.16302766	3.20074190	0.1167	193290240	833802240
0.1500	1	3	21167.6667	0.15289013	8.50577288	0.1500	193302528	1067593728
0.1333	1	3	22500.1429	0.12935224	8.66380436	0.1167	193388544	752226304
0.1667	1	3	20887.7000	0.57636477	12.38984806	0.1667	193343488	930189312
0.1667	1	4	20845.1000	0.70196415	6.47224648	0.1667	195198976	970391552
0.1000	1	4	19015.3333	0.19238227	9.69441200	0.1000	197099520	979902464
0.1667	1	4	31035.0000	1.65913308	9.44351713	0.1500	197304320	945102848
0.1500	1	4	38380.5000	0.20189108	6.40909572	0.1667	197218304	975970304
0.1500	1	4	24314.8889	0.14271924	6.42976320	0.1500	197287936	887857152
0.1833	1	4	19734.1818	0.15669685	6.31094917	0.1833	197435392	864059392
0.2000	1	4	21778.8333	1.27505970	6.34053324	0.2000	197038080	877137920
0.2000	1	4	22485.6364	0.14862319	8.52517210	0.1833	197074944	959770624
0.2167	1	4	20663.1538	0.14114461	9.35876770	0.2167	197169152	923639808
0.2500	1	4	18658.9286	0.52035364	12.77600443	0.2333	197292032	937750528
0.2333	1	5	19763.7333	0.16069908	10.28011828	0.2500	197365760	1015455744
0.2333	1	6	18450.9231	2.90899357	6.26933627	0.2167	197713920	952250368
0.2333	2	5	23518.6429	1.89374350	7.75060059	0.2333	197550080	1016909824
0.1667	2	5	26658.6000	1.59958339	2.67810449	0.1667	197533696	1013108736
0.2000	1	3	29045.2500	0.15700662	9.41894985	0.2000	197881856	689238016
0.2833	1	3	20713.0625	0.18673355	12.53456499	0.2667	197791744	875315200
0.2167	1	4	22660.0000	0.15623010	10.27349147	0.2167	197713920	943869952
0.1833	1	5	20019.3333	1.25413311	7.19471793	0.2000	197730304	948858880
0.2500	1	5	30188.0714	0.40252426	10.13232737	0.2333	197971968	1071263744
0.2667	1	6	23252.8750	1.12582499	2.59708388	0.2667	197861376	1073586176
0.2666	1	5	23850.1176	0.72873801	7.44546127	0.2833	202354688	965533696
0.3500	1	5	17977.8500	0.15994597	7.29937833	0.3333	206712832	1040093184
0.3167	1	5	18949.2632	0.30251906	3.33043083	0.3167	211292160	965185536
0.3333	1	4	18190.9500	0.95857135	10.04652206	0.3333	217309184	969101312
0.3333	1	5	19554.0000	0.15743831	8.22472904	0.3333	228257792	1056473088
0.4166	1	5	17497.6000	0.91351742	10.32477930	0.4166	232128512	724226048
0.4000	1	6	19038.7273	0.18915436	6.08549187	0.3666	232853504	1033834496
0.3166	1	6	19657.2632	0.23538332	9.46052211	0.3166	232853504	1007251456
0.4166	1	6	17304.4400	0.21689870	8.90953850	0.4166	232857600	871587840
0.3666	1	6	17524.5909	0.20020079	10.69419519	0.3666	233013248	1023766528
0.3666	1	6	18142.3636	1.79582957	6.44438660	0.3666	232833024	987656192
0.3666	1	6	16099.0000	0.17847263	5.31414542	0.3500	233103360	913227776
0.4166	1	6	17722.1200	1.35777863	8.26257947	0.4166	235851776	766590976
0.4833	1	6	16197.4483	0.94867422	8.29448748	0.4833	235683840	962363392
0.4333	1	5	25740.9630	1.89893947	7.74826770	0.4500	236232704	1057083392
0.3833	1	5	15060.1739	0.29106845	9.47111006	0.3833	236097536	865636352
0.3500	1	4	16178.4211	0.75928955	6.52554010	0.3167	235925504	905175040
0.2833	1	4	19790.1176	0.28669784	9.58836372	0.2833	237146112	839184384
0.4333	1	4	39625.0000	1.32756586	12.30889983	0.4666	236535808	809639936
0.4166	1	5	17232.7917	0.26169862	12.85612638	0.4000	236691456	785694720
0.4333	1	6	39865.8929	1.01034612	10.75568513	0.4666	238903296	872742912
0.4166	1	7	21080.0000	0.92553812	7.75915444	0.4166	239816704	1036738560
0.3666	1	6	19200.5455	0.24656543	10.52904018	0.3666	239083520	1013260288
0.4166	1	7	18647.0000	0.84059545	9.28130587	0.4000	240054272	1041022976
0.4500	1	7	17010.3077	0.23472542	9.21689846	0.4333	241811456	1010180096
0.5000	1	7	27388.4516	0.25505249	7.67996749	0.5166	240558080	891392000
0.4666	1	7	26433.3333	0.52559338	9.52709487	0.5000	240709632	980680704
0.5666	1	7	17943.6970	0.33234359	8.99508647	0.5500	240693248	842051584
0.5833	1	7	16561.5000	0.26632049	8.27203425	0.5666	240193536	901210112
0.6166	1	7	16673.8056	1.98063104	6.38843962	0.6000	241631232	868081664
0.5666	1	7	15364.3824	1.15102718	8.85096238	0.5666	241262592	1007087616
0.6496	1	7	15500.1579	0.79645052	8.99125404	0.6329	241057792	1034993664
0.6000	1	7	16039.0833	0.67808171	9.04188142	0.6000	241446912	980180992
0.6500	1	7	14854.1026	0.23251281	7.42355442	0.6500	241065984	990523392
0.6666	1	7	14648.3750	0.85716413	7.48774055	0.6666	241451008	1051881472
0.6333	1	7	15636.8378	0.33720013	9.20541481	0.6166	241295360	1043861504
0.6166	1	7	15606.1842	0.73193695	10.60770011	0.6333	241426432	881823744
0.6500	1	8	16619.2051	1.68102414	7.47909302	0.6500	242515968	983109632
0.6166	1	8	16567.3158	1.00865740	9.71914054	0.6333	242049024	1008619520
0.6833	1	8	17019.0500	1.02623026	9.09792478	0.6666	242688000	892456960
0.6333	1	8	17659.7632	1.90710166	7.30491539	0.6333	242520064	877178880
0.6000	1	8	17269.9474	1.62312719	5.34429238	0.6333	242675712	1018359808
0.6166	1	7	16295.7714	0.26913580	7.79064993	0.5833	242360320	947200000
0.6166	1	6	15254.0811	0.57250096	8.88452417	0.6166	242487296	736780288
0.7166	1	6	15510.1951	0.33048021	11.01551151	0.6833	242757632	1030930432
0.6166	1	7	17420.3158	0.86051226	12.75654675	0.6333	243675136	945324032
0.6333	1	7	18228.2432	2.99279093	10.48629180	0.6166	243089408	885616640
0.5833	2	8	18511.2059	1.79430848	8.48817755	0.5666	244461568	867905536
0.4666	1	8	23770.4444	1.25776619	11.35948483	0.4500	244854784	898740224
0.6166	1	9	21650.2973	1.16138664	10.37780312	0.6166	244350976	957620224
0.5333	1	10	24851.3871	1.94305977	8.05499819	0.5166	243773440	1004081152
0.6166	1	10	20222.7838	0.37411899	8.34645759	0.6166	244850688	1015930880
0.6333	1	9	22090.1316	2.01413987	11.08276370	0.6333	243974144	811876352
0.5833	1	10	18851.8571	0.92001528	8.33956234	0.5833	244834304	1030422528
0.6000	1	10	23634.5833	1.41718302	8.82012193	0.6000	244019200	918380544
0.6000	1	10	19836.8889	1.23900429	6.97049856	0.6000	244150272	1073741824
0.4666	1	10	25741.6071	0.42581237	8.03591238	0.4666	244928512	1073717248
0.5833	1	10	24456.4118	2.94718748	7.18258605	0.5666	244981760	1073598464
0.6333	2	10	21399.2162	1.64810919	6.30186518	0.6166	246087680	985518080
0.6000	1	10	23896.0278	2.68493301	6.67818048	0.6000	246054912	975683584
0.5666	2	10	23618.5882	2.01593323	5.34461764	0.5666	246587392	958734336
0.4000	2	10	26832.0417	0.12936054	2.98487178	0.4000	244502528	864219136
0.6000	1	9	38328.1389	1.56164905	9.01917341	0.6000	244887552	964378624
0.6500	1	9	21433.6667	0.93731883	5.37324113	0.6500	246321152	895057920
0.5833	1	9	22430.1143	0.60171399	7.08842288	0.5833	245506048	781524992
0.6666	1	9	19798.9250	1.74728141	10.29973788	0.6666	246689792	1038151680
0.8166	1	10	19149.6600	0.59785127	8.02297325	0.8333	248369152	803790848
0.8166	1	10	18097.8333	0.88920718	9.55151459	0.7999	248143872	965111808
0.8000	1	10	17446.8085	0.35527563	11.09023898	0.7833	248193024	1008398336
0.8999	1	10	17377.9273	0.87243636	10.11790264	0.9166	248479744	962498560
0.9166	1	10	17036.7091	0.65360510	7.45028708	0.9166	249511936	926707712
0.7666	1	10	16469.6809	3.13715548	12.15530275	0.7833	249806848	1032818688
0.8499	2	10	18162.6800	1.69326169	8.65285307	0.8333	250552320	791900160
0.8499	1	10	18720.0385	0.39941611	10.24529888	0.8666	249626624	1064509440
1.0166	1	10	16405.5500	1.69367084	9.41809716	1.0000	251342848	968921088
0.9833	1	10	16329.0847	0.42155844	9.92131752	0.9833	249733120	1059540992
NaN	NaN	NaN	NaN	NaN	NaN	NaN	NaN	NaN
NaN	NaN	NaN	NaN	NaN	NaN	NaN	NaN	NaN
NaN	NaN	NaN	NaN	NaN	NaN	NaN	NaN	NaN
NaN	NaN	NaN	NaN	NaN	NaN	NaN	NaN	NaN
NaN	NaN	NaN	NaN	NaN	NaN	NaN	NaN	NaN
0.0000	1	1	0.0000	0.02368263	0.02871467	0.0000	164569088	217333760
0.0000	1	1	0.0000	0.02493877	0.08971168	0.0000	165888000	217341952
0.0000	1	1	0.0000	0.02436960	0.03306860	0.0000	174186496	217341952
0.0000	1	1	0.0000	0.02499623	0.02885722	0.0000	176726016	217341952
0.0000	1	1	0.0000	0.01734536	0.02494735	0.0000	176726016	217341952
0.0000	1	1	0.0000	0.02415665	0.02820603	0.0000	176726016	217341952
0.0000	1	1	0.0000	0.01653180	0.02445003	0.0000	176726016	219504640
0.0000	1	1	0.0000	0.02170847	0.02953407	0.0000	176726016	219435008
0.0000	1	1	0.0000	0.01629115	0.03476285	0.0000	176726016	219447296
0.0000	1	1	0.0000	0.02487860	0.02364108	0.0000	176726016	219324416
0.0000	1	1	0.0000	0.02701248	0.02679080	0.0000	176726016	219336704
0.0000	1	1	0.0000	0.02481298	0.02757835	0.0000	176726016	219361280
0.0000	1	1	0.0000	0.06984651	12.58539176	0.0000	179359744	743661568
0.0167	1	2	0.0000	0.10103717	8.70994623	0.0000	178298880	789295104
0.0167	1	2	59454.0000	0.05210211	8.25453344	0.0167	178548736	863543296
0.0167	1	2	67005.0000	0.07855841	6.42758921	0.0167	178696192	941420544
0.0167	1	2	67266.0000	0.05162221	4.35130715	0.0167	178843648	946225152
0.0000	1	1	0.0000	3.20441766	0.03525874	0.0000	179093504	433135616
0.0167	2	1	0.0000	1.74631187	12.56189003	0.0000	179224576	1010339840
0.0333	1	2	38748.5000	0.14399090	6.24455754	0.0333	179392512	507613184
0.0167	1	2	60534.0000	0.17273670	12.64180231	0.0167	179478528	633384960
0.0832	1	3	26428.2500	0.17038585	8.44015557	0.0666	179662848	1026093056
0.0500	1	3	33832.3333	2.92398659	5.32000924	0.0500	179798016	593084416
0.0500	2	3	34119.6667	1.72108557	4.25762959	0.0500	179867648	593203200
0.0500	1	2	40854.3333	0.08191168	5.43945987	0.0500	180133888	1001758720
0.0667	1	2	27543.0000	0.08626629	6.33414172	0.0667	178868224	945229824
0.0833	1	2	27277.2000	0.10121858	10.05108818	0.0833	179015680	732270592
0.0667	1	3	29040.5000	0.09822610	5.10184507	0.0667	179089408	1064701952
0.0500	1	3	36668.3333	0.11589221	8.61732240	0.0500	179159040	1068548096
0.0500	1	3	37877.2500	0.33754020	2.05009454	0.0667	179302400	801193984
0.1000	1	2	27852.1667	0.20026517	12.66778253	0.1000	179470336	739172352
0.0833	1	3	27118.8000	0.09856325	12.60623255	0.0833	179548160	927793152
0.1167	1	4	29793.8571	0.21942734	4.31794106	0.1167	179601408	0
0.0833	1	3	22670.6000	0.27240766	4.31769177	0.0833	182743040	NaN
0.0833	1	2	29417.2500	0.12693777	6.42570000	0.0667	182861824	NaN
0.1000	1	2	28536.0000	0.10811898	12.69326255	0.1000	182956032	NaN
0.1167	1	3	60841.6250	0.16373524	4.26160803	0.1333	183025664	NaN
0.0833	1	2	31630.8000	1.35866802	7.34425088	0.0833	182009856	NaN
0.1833	1	2	23826.8000	0.13952605	12.60639765	0.1667	181821440	NaN
0.1333	1	3	28534.7778	1.95419630	5.92581557	0.1500	183955456	NaN
0.1500	1	3	25727.5000	0.84788343	8.40369779	0.1333	186146816	NaN
0.1667	1	3	25331.3000	0.13687690	8.54255298	0.1667	190566400	NaN
0.1500	1	3	25325.0000	0.41234130	8.54276304	0.1667	192737280	NaN
0.1667	1	3	24723.6667	0.12698657	8.53113062	0.1500	205574144	NaN
0.1333	1	3	26124.7500	0.14615290	8.54769552	0.1333	209842176	NaN
0.2167	1	3	20555.1538	0.17313788	8.40996628	0.2167	214081536	NaN
0.2167	1	3	21889.8462	0.62910207	8.39392328	0.2167	218370048	NaN
0.1833	1	3	22198.9167	0.13359553	8.46227210	0.2000	224722944	NaN
0.2000	1	3	29208.3636	0.16078671	12.45011704	0.1833	226938880	NaN
0.1833	1	4	25199.4545	0.15600133	11.20803221	0.1833	227278848	NaN
0.1667	1	5	27776.6000	2.80653775	8.13489133	0.1667	227377152	NaN
0.1833	2	5	28721.6364	1.57697191	7.72709107	0.1833	227344384	NaN
0.1667	1	5	31030.4000	0.11810888	5.20446412	0.1667	227160064	NaN
0.2000	1	5	25457.5833	3.21508817	7.96744367	0.2000	227299328	NaN
0.2167	2	5	25615.4615	1.55700917	7.43149819	0.2167	227569664	NaN
0.2500	1	5	20220.4000	0.26570289	7.58145699	0.2500	227659776	NaN
0.2667	1	5	27072.1250	0.32538790	7.62591019	0.2667	227913728	NaN
0.2167	1	5	24008.6923	0.17961715	7.66389290	0.2167	227749888	NaN
0.2167	1	5	26664.6429	0.18739418	5.10866223	0.2333	227823616	NaN
0.2500	1	5	23443.2857	0.13407242	7.57032183	0.2333	228089856	NaN
0.2667	1	5	21203.9375	0.16130611	4.61224474	0.2667	228089856	NaN
0.2000	1	4	22067.2727	0.17641229	9.48287760	0.1833	228110336	NaN
0.2833	1	4	19206.6667	0.29328817	12.51906504	0.2500	237772800	NaN
0.3166	1	5	20798.6500	1.65084106	12.71789992	0.3333	238170112	NaN
0.3500	1	6	21120.5500	0.20156977	9.26155847	0.3333	238342144	NaN
0.2667	1	6	21453.1875	1.05325832	8.68998215	0.2667	238305280	NaN
0.2500	1	4	23803.8000	1.71498650	12.74934336	0.2500	238534656	NaN
0.2000	1	5	26502.0833	0.28080980	9.52861029	0.2000	228282368	NaN
0.3000	1	5	21576.1667	2.47975128	10.17820331	0.3000	228347904	NaN
0.3666	1	6	19048.6190	3.02739005	9.47565504	0.3500	228601856	NaN
0.3833	2	6	44674.0800	0.09441323	8.09246916	0.4166	228909056	NaN
0.4166	1	6	18477.1154	2.08555346	8.44449422	0.4333	228950016	NaN
0.3833	1	6	21096.0455	0.26487359	8.64589864	0.3666	228745216	NaN
0.3666	1	6	20390.7273	0.25164705	10.57424605	0.3666	229691392	NaN
0.4500	1	7	18207.6667	0.17562573	7.23811379	0.4500	228986880	NaN
0.3666	1	7	19125.8636	0.16709390	4.03828067	0.3666	228962304	NaN
0.4333	1	6	18671.7308	0.30499338	10.58635445	0.4333	229572608	NaN
0.4166	1	6	17789.1600	3.18063382	10.52538794	0.4166	229273600	NaN
0.2833	2	6	25492.0000	0.16623931	10.70727026	0.2500	229601280	NaN
0.3500	1	6	21708.1000	1.88078703	8.32773652	0.3333	230555648	NaN
0.3000	1	6	26388.7895	2.52064848	6.37065251	0.3166	230207488	NaN
0.3333	2	6	38332.5500	0.15059128	8.60399161	0.3333	231788544	NaN
0.3500	1	4	25205.6667	0.82757446	10.55789164	0.3500	230719488	NaN
0.2500	1	5	46656.7500	1.47377952	9.63972994	0.2667	231469056	NaN
0.3167	1	4	27087.2632	0.67536907	12.70920482	0.3167	232210432	NaN
0.2500	1	5	27621.5000	0.61239485	12.52882361	0.2333	230563840	NaN
0.3333	1	5	54334.1000	3.20127769	12.50255780	0.3333	230879232	NaN
0.2833	2	6	27447.0000	1.52553418	12.74647221	0.2833	233123840	NaN
0.5166	1	7	36439.0606	2.48219185	8.22818626	0.5500	232873984	NaN
0.4500	1	7	22047.1481	2.25866914	9.29067744	0.4500	232763392	NaN
0.4500	1	7	41299.3103	0.42869143	10.29116716	0.4833	232820736	NaN
0.4666	1	8	22884.4286	0.29739123	9.61564378	0.4666	232140800	NaN
0.4833	1	8	19429.9667	2.99938204	9.79307889	0.5000	232284160	NaN
0.5666	2	8	20285.2188	1.68556773	8.36496891	0.5333	233345024	NaN
0.5833	1	8	21903.3714	3.38419683	9.66108221	0.5833	232534016	NaN
0.4333	2	8	22250.3846	1.66023052	6.48317143	0.4333	232599552	NaN
0.3833	1	7	24781.3913	1.05292541	10.89138368	0.3833	232480768	NaN
0.4666	1	8	22632.6296	3.17485882	7.71437484	0.4500	233369600	NaN
0.3666	2	8	26208.5909	2.98723265	7.86923241	0.3666	233545728	NaN
0.6166	2	8	37086.0270	2.04951929	12.19218113	0.6166	249475072	NaN
0.5666	2	8	25912.9118	0.19270455	9.87659519	0.5666	248676352	NaN
0.6500	1	8	45384.8974	1.20535435	12.75616868	0.6500	248762368	NaN
0.8499	1	9	25614.2353	3.19032880	12.88067337	0.8499	248659968	NaN
0.8000	2	10	24934.3958	1.71430910	12.31029602	0.8000	251207680	NaN
0.8500	1	11	26054.2264	3.42567917	12.78492649	0.8833	249581568	NaN
0.7833	2	12	28895.7826	0.27723765	10.77862294	0.7666	251396096	NaN
0.8666	1	13	26504.2075	1.35391554	10.99492607	0.8833	249835520	NaN
0.7000	1	13	29944.4762	3.36777790	9.25599076	0.7000	249114624	NaN
0.7833	2	13	28925.1333	0.18891107	7.14057141	0.7500	252403712	NaN
0.7833	1	13	26854.0426	3.31098894	8.93332411	0.7833	250003456	NaN
0.7833	2	13	34970.3400	2.30948610	13.86320149	0.8333	251011072	NaN
0.6833	2	13	28090.2051	0.22470569	4.68717946	0.6500	248545280	NaN
0.8000	1	12	47418.8478	3.77641994	10.42261671	0.7666	251633664	NaN
0.8166	2	13	30079.7917	2.11118735	10.93738921	0.7999	251412480	NaN
0.5000	2	13	38749.1290	1.63856694	5.78814703	0.5166	250654720	NaN
0.6166	1	13	62278.3947	3.91186883	9.95385540	0.6333	253452288	NaN
0.7666	2	13	32612.4130	2.31993827	5.97822797	0.7666	252461056	NaN
