3.275624631123352781e-02 0.000000000000000000e+00 0.000000000000000000e+00 4.015773198941515743e-01 1.455956077867249718e-02 9.191077442610765535e-01 3.330000000000000321e-02 3.076497695852534742e-01 8.698864014924378996e-01 0.000000000000000000e+00 5.181347150259067551e-03 1.379310344827586188e-01 3.576886355241792326e-01 7.172458132991001989e-01 3.921483313773918011e-01
3.275624631123352781e-02 0.000000000000000000e+00 8.333333333333332871e-02 4.286266464484286276e-01 9.607938301977333659e-03 9.153089407989367654e-01 3.330000000000000321e-02 3.133640552995391459e-01 8.698197748017856279e-01 0.000000000000000000e+00 4.663212435233160535e-02 1.293103448275862155e-01 3.575757364573388108e-01 6.618302521061719679e-01 3.858822927197573804e-01
3.275624631123352781e-02 0.000000000000000000e+00 1.666666666666666574e-01 4.276677667766776714e-01 1.144355309069334213e-02 3.087849963003268527e-01 3.330000000000000321e-02 3.152995391705069039e-01 8.704110866813244973e-01 3.194888178913737886e-03 3.108808290155440357e-02 1.494252873563218509e-01 3.577130272978792935e-01 6.579272116260059811e-01 3.458553737454184707e-01
3.275624631123352781e-02 0.000000000000000000e+00 8.333333333333332871e-02 4.300166503136800267e-01 1.362099138015391772e-02 4.566733561445540102e-01 3.330000000000000321e-02 3.159907834101382540e-01 8.712522486508095243e-01 3.194888178913737886e-03 3.367875647668393951e-02 1.321839080459770166e-01 3.575234683708385930e-01 6.529635508257082277e-01 3.849142334076817162e-01
3.275624631123352781e-02 0.000000000000000000e+00 8.333333333333332871e-02 4.763625011149763555e-01 1.647195237036063950e-02 4.302983204363208802e-01 3.330000000000000321e-02 3.167741935483870952e-01 8.712106069691518684e-01 0.000000000000000000e+00 4.145077720207254041e-02 1.379310344827586188e-01 3.575164992926385676e-01 6.494813746400711629e-01 3.947988265856487988e-01
3.275624631123352781e-02 0.000000000000000000e+00 8.333333333333332871e-02 4.365429786221865505e-01 1.548249706574969346e-02 4.834646016043511185e-01 3.330000000000000321e-02 3.171889400921659163e-01 8.713521886867878763e-01 3.194888178913737886e-03 3.626943005181346852e-02 1.321839080459770166e-01 3.575311343568586264e-01 6.464983138992019818e-01 3.919669143523449861e-01
3.275624631123352781e-02 0.000000000000000000e+00 8.333333333333332871e-02 3.808164600243807985e-01 8.638808609253555149e-03 3.380699141729459622e-02 3.330000000000000321e-02 3.177419354838709742e-01 8.717186354853754260e-01 3.194888178913737886e-03 3.367875647668393951e-02 1.293103448275862155e-01 3.574036002257981459e-01 6.020061903004526593e-01 3.475491011576815059e-01
4.918355301987015898e-02 0.000000000000000000e+00 0.000000000000000000e+00 3.811187420093360423e-01 1.141388098311519293e-02 9.142561732565896992e-01 5.000000000000000278e-02 3.190322580645161277e-01 8.713938303684456432e-01 3.194888178913737886e-03 1.295336787564766758e-02 1.293103448275862155e-01 3.570948700615369509e-01 7.167995702531424485e-01 4.033209101564176335e-01
3.275624631123352781e-02 0.000000000000000000e+00 8.333333333333332871e-02 3.586804626408586771e-01 9.064362952197632661e-03 2.062230963591711597e-03 3.330000000000000321e-02 3.194930875576036944e-01 8.716686654673861945e-01 3.194888178913737886e-03 3.626943005181346852e-02 1.206896551724137984e-01 3.570140287544166791e-01 6.591866321656639771e-01 3.676540219251131503e-01
3.275624631123352781e-02 0.000000000000000000e+00 0.000000000000000000e+00 4.022611720631522614e-01 2.133891474601527782e-02 9.065063324507718345e-01 3.330000000000000321e-02 3.151612903225806672e-01 8.717019788127123858e-01 3.194888178913737886e-03 2.849740932642487110e-02 1.264367816091954144e-01 3.572300701786174648e-01 7.167974553571900831e-01 3.513520837740161107e-01
6.561085972850679016e-02 0.000000000000000000e+00 8.333333333333332871e-02 3.470896634258019975e-01 2.396632480962361186e-02 4.601823693329288867e-01 5.000000000000000278e-02 3.174193548387096997e-01 8.720184555933107040e-01 3.194888178913737886e-03 2.590673575129533515e-02 1.293103448275862155e-01 3.572300701786174648e-01 6.611725194649735737e-01 3.680620220395338649e-01
1.147944127483769422e-01 0.000000000000000000e+00 8.333333333333332871e-02 2.788247941010317255e-01 2.150196630143953042e-02 3.112815112889846803e-01 1.166999999999999982e-01 3.247004608294931094e-01 8.721850223199413277e-01 0.000000000000000000e+00 5.181347150259067551e-03 1.465517241379310220e-01 3.575081363987985261e-01 6.605581421907995576e-01 4.152266847130186012e-01
9.836710603974031797e-02 0.000000000000000000e+00 0.000000000000000000e+00 2.528047854785478998e-01 2.291092549847446175e-02 3.149192373806040668e-01 1.000000000000000056e-01 3.256682027649769329e-01 8.722433206742621348e-01 3.194888178913737886e-03 5.181347150259067551e-03 1.379310344827586188e-01 3.571541072262371941e-01 7.165341508111154889e-01 3.450913144905531360e-01
1.147944127483769422e-01 0.000000000000000000e+00 0.000000000000000000e+00 3.087613787054380721e-01 1.577129377124883783e-02 5.391126769177490008e-01 1.166999999999999982e-01 3.251152073732718750e-01 8.724182157372243340e-01 3.194888178913737886e-03 7.772020725388600892e-03 1.235632183908045995e-01 3.574586559435783406e-01 7.159980246871804344e-01 4.037138549160626533e-01
8.193979933110367986e-02 0.000000000000000000e+00 0.000000000000000000e+00 2.762197841405762411e-01 2.208392620218524102e-02 9.239358477571760764e-01 8.329999999999999905e-02 3.255760368663594417e-01 8.727680058631487325e-01 3.194888178913737886e-03 5.181347150259067551e-03 1.379310344827586188e-01 3.573610888487779857e-01 7.163427527274226492e-01 3.654326043279628178e-01
9.836710603974031797e-02 0.000000000000000000e+00 8.333333333333332871e-02 3.020743510837570200e-01 1.706499150082408170e-02 1.486110063520435561e-03 1.000000000000000056e-01 3.273271889400921619e-01 8.731511093343993224e-01 6.389776357827475772e-03 3.367875647668393951e-02 1.494252873563218509e-01 3.573011547762577345e-01 6.624932719872513864e-01 3.635823012260328002e-01
8.193979933110367986e-02 0.000000000000000000e+00 0.000000000000000000e+00 3.078583534029079027e-01 2.316987553948609418e-02 8.813211943629934986e-01 8.329999999999999905e-02 3.305069124423963278e-01 8.731261243254047066e-01 3.194888178913737886e-03 1.036269430051813510e-02 1.293103448275862155e-01 3.571199587430570754e-01 7.163596718950419051e-01 3.413771584673949699e-01
9.836710603974031797e-02 0.000000000000000000e+00 8.333333333333332871e-02 3.315493711533315513e-01 1.405703710675331591e-02 4.512215774922868627e-01 1.000000000000000056e-01 3.244700460829493260e-01 8.735175561329868721e-01 3.194888178913737886e-03 3.108808290155440357e-02 1.494252873563218509e-01 3.570760535503968991e-01 6.608045275692548959e-01 3.565499450103166712e-01
9.836710603974031797e-02 0.000000000000000000e+00 8.333333333333332871e-02 2.537636651502988561e-01 2.348465298733306075e-02 4.383037856908347241e-01 1.000000000000000056e-01 3.249769585253456383e-01 8.738340329135851903e-01 9.584664536741213658e-03 7.772020725388600892e-03 1.465517241379310220e-01 3.563624199427141703e-01 6.599606840842447975e-01 3.501092642372844455e-01
1.147944127483769422e-01 0.000000000000000000e+00 8.333333333333332871e-02 2.814603856331578946e-01 2.433707085004142498e-02 4.519325516640452789e-01 1.166999999999999982e-01 3.257603686635944795e-01 8.734426011060030248e-01 3.194888178913737886e-03 7.772020725388600892e-03 1.637931034482758563e-01 3.570767504582169072e-01 6.578447306838621778e-01 3.742429979426857845e-01
9.836710603974031797e-02 0.000000000000000000e+00 8.333333333333332871e-02 2.896312148782445584e-01 2.548111169997256675e-02 4.471887781585976440e-01 1.000000000000000056e-01 3.259907834101382629e-01 8.740922113398627014e-01 6.389776357827475772e-03 7.772020725388600892e-03 1.494252873563218509e-01 3.570913855224369660e-01 6.584104653511309024e-01 3.819611255684337570e-01
1.147944127483769422e-01 0.000000000000000000e+00 8.333333333333332871e-02 2.589867094817590032e-01 2.397036785568603875e-02 4.586960107066002101e-01 1.166999999999999982e-01 3.274193548387096531e-01 8.741171963488573171e-01 9.584664536741213658e-03 1.036269430051813510e-02 1.465517241379310220e-01 3.570209978326167044e-01 6.578045476607664588e-01 3.894579394789793314e-01
8.193979933110367986e-02 0.000000000000000000e+00 8.333333333333332871e-02 2.671661760770671634e-01 2.738884441909010814e-01 4.572328500714279986e-01 8.329999999999999905e-02 3.281105990783410031e-01 8.740588979945366210e-01 3.194888178913737886e-03 7.772020725388600892e-03 1.379310344827586188e-01 3.570426019750367885e-01 6.585098654608939617e-01 4.138498725187834126e-01
1.147944127483769422e-01 0.000000000000000000e+00 8.333333333333332871e-02 2.886004816697885778e-01 2.850103351038811572e-02 6.351188426222564853e-01 1.000000000000000056e-01 3.317511520737327357e-01 8.745669265107601786e-01 6.389776357827475772e-03 1.036269430051813510e-02 1.465517241379310220e-01 3.569506101427963873e-01 6.566466421268239984e-01 3.410075495076522745e-01
1.147944127483769422e-01 0.000000000000000000e+00 8.333333333333332871e-02 3.371157583325899987e-01 2.424609409919403769e-01 9.035314373832773471e-01 1.166999999999999982e-01 3.344700460829493349e-01 8.750749550269838473e-01 1.277955271565495154e-02 1.269430051813471572e-01 1.350574712643678177e-01 3.567979873302158378e-01 5.553040004314387934e-01 3.676713355831051633e-01
1.311233523509738319e-01 0.000000000000000000e+00 1.666666666666666574e-01 3.313375256444563433e-01 2.396132426757307046e-02 6.170322970540073060e-01 1.333000000000000018e-01 3.351612903225806295e-01 8.755246851888867088e-01 1.916932907348242732e-02 1.243523316062176143e-01 1.609195402298850552e-01 3.566885728024754010e-01 4.792671462545721184e-01 3.367732309769946863e-01
1.147944127483769422e-01 0.000000000000000000e+00 1.666666666666666574e-01 3.886765126512651269e-01 2.550512354306332385e-01 6.096948363983476504e-01 1.166999999999999982e-01 3.364055299539170374e-01 8.757495502698381395e-01 3.194888178913737886e-03 5.181347150259067030e-02 2.385057471264367679e-01 3.565770675512749954e-01 4.960276966773927154e-01 2.317561092747760232e-01
1.311233523509738319e-01 0.000000000000000000e+00 1.666666666666666574e-01 3.344817589867094543e-01 2.300535051838575873e-02 7.276433240410994374e-01 1.333000000000000018e-01 3.365437788018433296e-01 8.753081484442667426e-01 9.584664536741213658e-03 4.663212435233160535e-02 2.471264367816091989e-01 3.567708079252357445e-01 5.162905147973982922e-01 2.541268609359462194e-01
1.311233523509738319e-01 0.000000000000000000e+00 2.500000000000000000e-01 3.522526239110397306e-01 9.678126351725067911e-02 5.991563622214789442e-01 1.333000000000000018e-01 3.382027649769585032e-01 8.776234259444333219e-01 9.584664536741213658e-03 7.772020725388600892e-02 2.212643678160919614e-01 3.558878257172923831e-01 5.003452567642303617e-01 2.067167959796180621e-01
1.147944127483769422e-01 0.000000000000000000e+00 2.500000000000000000e-01 3.547854785478548045e-01 3.766745834728162101e-02 2.295665993628189516e-01 1.166999999999999982e-01 3.231336405529953715e-01 8.776317542807648975e-01 6.389776357827475772e-03 5.958549222797927120e-02 1.982758620689655249e-01 3.564836819033946336e-01 5.277701700270600593e-01 1.986215317167395189e-01
1.475506590596104561e-01 0.000000000000000000e+00 1.666666666666666574e-01 3.146859735973597805e-01 3.506514083939406973e-02 6.128902615917697361e-01 1.499999999999999944e-01 3.232718894009216637e-01 8.776400826170963620e-01 3.194888178913737886e-03 6.476683937823833614e-02 2.068965517241379282e-01 3.565087705849147581e-01 5.925663522168868047e-01 2.296031935418550163e-01
1.311233523509738319e-01 0.000000000000000000e+00 1.666666666666666574e-01 3.344950331519638276e-01 2.902293299924646811e-02 6.243090838172077328e-01 1.166999999999999982e-01 3.242396313364055427e-01 8.779149177160370243e-01 6.389776357827475772e-03 7.253886010362693704e-02 2.212643678160919614e-01 3.565477974228348779e-01 5.900676026491186166e-01 2.260358272277596670e-01
1.639779657682470804e-01 0.000000000000000000e+00 1.666666666666666574e-01 3.105238902268605550e-01 1.437716472387222111e-01 8.935404459136285782e-01 1.666999999999999871e-01 3.237327188940092304e-01 8.780814844426677590e-01 3.194888178913737886e-03 2.590673575129533515e-02 2.873563218390804419e-01 3.564167787526743569e-01 5.769615924320563582e-01 2.007624031658400143e-01
1.639779657682470804e-01 0.000000000000000000e+00 2.500000000000000000e-01 3.098905836529598501e-01 1.760131760483851782e-01 4.659544963104793047e-01 1.666999999999999871e-01 3.446082949308755805e-01 8.777316943167432495e-01 6.389776357827475772e-03 1.321243523316062152e-01 2.787356321839080664e-01 3.562704281104738246e-01 2.656097826627174530e-01 1.995662552289129144e-01
9.836710603974031797e-02 0.000000000000000000e+00 2.500000000000000000e-01 2.826886287277375898e-01 4.520282599011091890e-02 6.987773190405835999e-01 1.000000000000000056e-01 3.659907834101382429e-01 8.783313345326138055e-01 3.194888178913737886e-03 1.398963730569948161e-01 1.350574712643678177e-01 3.561010795102131921e-01 2.984149912284690398e-01 1.777548099976588858e-01
1.639779657682470804e-01 0.000000000000000000e+00 2.500000000000000000e-01 4.613772188029613974e-01 4.217197203984390241e-01 6.806485011759126902e-01 1.499999999999999944e-01 3.682949308755760209e-01 8.778899327070424086e-01 3.194888178913737886e-03 2.227979274611398830e-01 1.494252873563218509e-01 3.564530179593144998e-01 3.845557608179571707e-01 2.112469522316176018e-01
1.475506590596104561e-01 0.000000000000000000e+00 2.500000000000000000e-01 5.705780037463206167e-01 4.764375023321316266e-02 4.613914351922685508e-01 1.666999999999999871e-01 3.673271889400921419e-01 8.781730961423146464e-01 3.194888178913737886e-03 1.632124352331606187e-01 1.350574712643678177e-01 3.559707577478726792e-01 3.490720365284828985e-01 2.600624345562547179e-01
1.475506590596104561e-01 0.000000000000000000e+00 2.500000000000000000e-01 3.614736850712098604e-01 3.245425977489427988e-02 4.628847976537717734e-01 1.499999999999999944e-01 3.681105990783410387e-01 8.779482310613632157e-01 3.194888178913737886e-03 1.191709844559585424e-01 1.522988505747126520e-01 3.559958464293928038e-01 3.257976065722506531e-01 2.574111865802589660e-01
1.803069053708439839e-01 0.000000000000000000e+00 2.500000000000000000e-01 2.933752832039960290e-01 3.604233095410896287e-02 4.542996962141227502e-01 1.832999999999999907e-01 3.697695852534562122e-01 8.785062295955760048e-01 3.194888178913737886e-03 1.424870466321243589e-01 1.551724137931034531e-01 3.563129394874939848e-01 2.921073140504170107e-01 2.836458950446052452e-01
1.967342120794806359e-01 0.000000000000000000e+00 2.500000000000000000e-01 3.237717910980286717e-01 3.231275701322941507e-01 4.564373414227541059e-01 2.000000000000000111e-01 3.652995391705068928e-01 8.805799853421280021e-01 6.389776357827475772e-03 1.295336787564766723e-01 1.408045977011494199e-01 3.559839989964527218e-01 3.182199343747785791e-01 2.641175943650818092e-01
1.967342120794806359e-01 0.000000000000000000e+00 2.500000000000000000e-01 3.342793744239288545e-01 3.396981163522837938e-02 6.142919838593341453e-01 1.832999999999999907e-01 3.657142857142857140e-01 8.805716570057965376e-01 0.000000000000000000e+00 1.373056994818652732e-01 1.695402298850574585e-01 3.552132189475298296e-01 3.282233922296607931e-01 2.650992034964556043e-01
2.131615187881172602e-01 0.000000000000000000e+00 2.500000000000000000e-01 3.071857074896678919e-01 3.205005014814645004e-02 6.745247929446336332e-01 2.167000000000000037e-01 3.667741935483870841e-01 8.803467919248451068e-01 3.194888178913737886e-03 1.943005181347150223e-01 2.097701149425287293e-01 3.556062749580112814e-01 3.317711301898224607e-01 2.471110656104833492e-01
2.459177650993507880e-01 0.000000000000000000e+00 2.500000000000000000e-01 2.773901911812802767e-01 1.293935152642110564e-01 9.214428039770375944e-01 2.333000000000000074e-01 3.681566820276497842e-01 8.803717769338397225e-01 3.194888178913737886e-03 1.735751295336787625e-01 2.442528735632183978e-01 3.559951495215727957e-01 3.194338846514598873e-01 1.899142672822299316e-01
2.294904583907141637e-01 0.000000000000000000e+00 3.333333333333333148e-01 2.938146061903487705e-01 3.706970874727878035e-02 7.410984811763974278e-01 2.500000000000000000e-01 3.689861751152073710e-01 8.812212672396562141e-01 6.389776357827475772e-03 1.554404145077720178e-01 3.304597701149425415e-01 3.560592650410130400e-01 2.771179889877367630e-01 2.188205484515191313e-01
2.294904583907141637e-01 0.000000000000000000e+00 4.166666666666666852e-01 2.742979083043439736e-01 7.425605796160121841e-01 4.512928882832920041e-01 2.167000000000000037e-01 3.729032258064516325e-01 8.804883736424812257e-01 3.194888178913737886e-03 2.564766839378238572e-01 2.155172413793103314e-01 3.558850380860123508e-01 1.857428519160428670e-01 8.876561898962008479e-02
2.294904583907141637e-01 1.000000000000000000e+00 3.333333333333333148e-01 3.496364121547289594e-01 4.819445289562291346e-01 5.583240566237032132e-01 2.333000000000000074e-01 3.710599078341013657e-01 8.805133586514757305e-01 3.194888178913737886e-03 1.994818652849740803e-01 2.068965517241379282e-01 3.546591772306277313e-01 2.084113641819106688e-01 7.901200739820134211e-02
1.639779657682470804e-01 1.000000000000000000e+00 3.333333333333333148e-01 3.963161180982963105e-01 4.064332353398225628e-01 1.918025812497609617e-01 1.666999999999999871e-01 3.708755760368663834e-01 8.807798654140849282e-01 3.194888178913737886e-03 8.031088082901553793e-02 2.068965517241379282e-01 3.564132942135743720e-01 4.821328302700828017e-01 1.449379004253890380e-01
1.967342120794806359e-01 0.000000000000000000e+00 1.666666666666666574e-01 4.317968959058067768e-01 3.612184932736343251e-02 6.788733523075825005e-01 2.000000000000000111e-01 3.747926267281105894e-01 8.805550003331334974e-01 6.389776357827475772e-03 8.031088082901553793e-02 2.557471264367816022e-01 3.566293356377752133e-01 4.712104501238800203e-01 6.821581248856734003e-02
2.786740114105842880e-01 0.000000000000000000e+00 1.666666666666666574e-01 3.079276677667766582e-01 4.375279201209510832e-02 9.039972036221632923e-01 2.666999999999999926e-01 3.737788018433179649e-01 8.788393630488373631e-01 6.389776357827475772e-03 1.373056994818652732e-01 2.557471264367816022e-01 3.563199085656940102e-01 5.120110228377039441e-01 2.395306944809327820e-01
2.131615187881172602e-01 0.000000000000000000e+00 2.500000000000000000e-01 3.368715249903368458e-01 3.592251560492563250e-02 7.406196502161876971e-01 2.167000000000000037e-01 3.729032258064516325e-01 8.788393630488373631e-01 9.584664536741213658e-03 1.683937823834196768e-01 3.103448275862069061e-01 3.562801848199538823e-01 3.663221853642855130e-01 1.719268821639964862e-01
1.803069053708439839e-01 0.000000000000000000e+00 3.333333333333333148e-01 2.976144456337525557e-01 3.177556864942300274e-01 5.181578487723079718e-01 2.000000000000000111e-01 3.730875576036866148e-01 8.786144979678859324e-01 3.194888178913737886e-03 1.891191709844559643e-01 2.787356321839080664e-01 3.557930462537720051e-01 2.164363368733166759e-01 2.229562544083960596e-01
2.459177650993507880e-01 0.000000000000000000e+00 3.333333333333333148e-01 4.487864805399459089e-01 9.914655584534513844e-02 7.304196080314664385e-01 2.333000000000000074e-01 3.758064516129032140e-01 8.790309147844626025e-01 9.584664536741213658e-03 2.564766839378238572e-01 2.212643678160919614e-01 3.559059453206124268e-01 1.571431139516513698e-01 4.260281489968240631e-01
2.623450718079874400e-01 0.000000000000000000e+00 4.166666666666666852e-01 3.456854131359081705e-01 2.848188205041773946e-01 1.859483049866610671e-01 2.666999999999999926e-01 3.745622119815668061e-01 8.787977213671797072e-01 6.389776357827475772e-03 2.720207253886010590e-01 1.695402298850574585e-01 3.555233429274309853e-01 1.378182521865380650e-01 4.081032436009096598e-01
2.622467047019476638e-01 0.000000000000000000e+00 3.333333333333333148e-01 3.545642315582909765e-01 1.828860617149854761e-01 5.362757175897902018e-01 2.832999999999999963e-01 4.251152073732719083e-01 8.788143780398427474e-01 9.584664536741213658e-03 2.590673575129533446e-01 1.465517241379310220e-01 3.559310340021325514e-01 3.571615135464373259e-01 4.339608154281253682e-01
3.442848711390910643e-01 0.000000000000000000e+00 3.333333333333333148e-01 2.672650373145422642e-01 3.687638440314710414e-02 5.257202566017051826e-01 3.332999999999999852e-01 4.741474654377880182e-01 8.790142581117995624e-01 3.194888178913737886e-03 2.487046632124352286e-01 1.666666666666666574e-01 3.555839739077712447e-01 2.253897488878290889e-01 4.215589669316660015e-01
3.115286248278575365e-01 0.000000000000000000e+00 3.333333333333333148e-01 2.817064073974965277e-01 7.347508726870002893e-02 2.389374844312703305e-01 3.166999999999999815e-01 5.256682027649769440e-01 8.808798054500632801e-01 6.389776357827475772e-03 2.590673575129533446e-01 1.551724137931034531e-01 3.556000027876312641e-01 2.244993776918660089e-01 4.348776865339637476e-01
3.278575644304544401e-01 0.000000000000000000e+00 2.500000000000000000e-01 2.704330568191954387e-01 2.418845874484012171e-01 7.242196054693906815e-01 3.332999999999999852e-01 5.933640552995391726e-01 8.812795655939769102e-01 1.597444089456868943e-02 2.797927461139896321e-01 1.580459770114942541e-01 3.553086953188701602e-01 2.705131689283716279e-01 5.012439486883398798e-01
3.278575644304544401e-01 0.000000000000000000e+00 3.333333333333333148e-01 2.906966372312906888e-01 3.623266472766113050e-02 5.925829807480135214e-01 3.332999999999999852e-01 7.165437788018432785e-01 8.810380438403624392e-01 9.584664536741213658e-03 2.668393782383419732e-01 3.045977011494253039e-01 3.557059327762716605e-01 2.990526323581195745e-01 3.757936994845799128e-01
4.097973637615581755e-01 0.000000000000000000e+00 3.333333333333333148e-01 2.601254720066600856e-01 2.303191833669197830e-01 7.443255359871649990e-01 4.166000000000000258e-01 7.600921658986175000e-01 8.814461323206076448e-01 1.277955271565495154e-02 2.797927461139896321e-01 3.563218390804597790e-01 3.550187816657490725e-01 3.141836554496110212e-01 4.050507704201422587e-01
3.934684241589612719e-01 0.000000000000000000e+00 4.166666666666666852e-01 2.830364121547289669e-01 4.437421717643684482e-02 4.380089114405621986e-01 3.665999999999999814e-01 7.682488479262672421e-01 8.811962822306615983e-01 9.584664536741213658e-03 3.031088082901554626e-01 3.505747126436781769e-01 3.557791080973719544e-01 1.897939351128772878e-01 3.415676087053072241e-01
3.114302577218178159e-01 0.000000000000000000e+00 4.166666666666666852e-01 2.922317842595070769e-01 5.624125303028227468e-02 6.818772237289579818e-01 3.165999999999999925e-01 7.682488479262672421e-01 8.854437337597441671e-01 1.277955271565495154e-02 2.927461139896372910e-01 2.931034482758620441e-01 3.554550459610707480e-01 1.162336240962785205e-01 3.356305295495212171e-01
4.097973637615581755e-01 0.000000000000000000e+00 4.166666666666666852e-01 2.572538875509172152e-01 5.149622635685703609e-02 6.420650047222128398e-01 4.166000000000000258e-01 7.682949308755759876e-01 8.855270171230594789e-01 9.584664536741213658e-03 2.720207253886010590e-01 2.988505747126437018e-01 3.550536270567491992e-01 6.139119970645243868e-02 2.885290993660942771e-01
3.606138107416879679e-01 0.000000000000000000e+00 4.166666666666666852e-01 2.605267282133618689e-01 4.720985052979356084e-02 7.710182833762420085e-01 3.665999999999999814e-01 7.700460829493087633e-01 8.856352854953694065e-01 9.584664536741213658e-03 3.031088082901554626e-01 3.304597701149425415e-01 3.545351276386672357e-01 1.058219913225819098e-01 2.424220753656004812e-01
3.606138107416879679e-01 0.000000000000000000e+00 4.166666666666666852e-01 2.697107543186751388e-01 4.568098921852329353e-01 4.639414352612374892e-01 3.665999999999999814e-01 7.680184331797235142e-01 8.857185688586848293e-01 4.792332268370606829e-02 2.797927461139896321e-01 2.931034482758620441e-01 3.183119498783895662e-01 3.425126867320945068e-01 2.782455392865719190e-01
3.606138107416879679e-01 0.000000000000000000e+00 4.166666666666666852e-01 2.393333927987393306e-01 4.163220280079230062e-02 3.822740161730325270e-01 3.499999999999999778e-01 7.710599078341013879e-01 8.906239589579585392e-01 1.597444089456868943e-02 1.580310880829015607e-01 2.729885057471264642e-01 3.178338711138677941e-01 3.500142226752799290e-01 3.413071510676881082e-01
4.097973637615581755e-01 0.000000000000000000e+00 4.166666666666666852e-01 2.634632652454434454e-01 3.443616300830638077e-01 5.953179252750557815e-01 4.166000000000000258e-01 8.019815668202765480e-01 8.907655406755946581e-01 1.277955271565495154e-02 1.735751295336787625e-01 4.252873563218390607e-01 3.163187935131819839e-01 3.552591646372477707e-01 3.251512498579151034e-01
4.754082234900649517e-01 0.000000000000000000e+00 4.166666666666666852e-01 2.407969598311182347e-01 2.393439809419998510e-01 5.976234905570964040e-01 4.833000000000000074e-01 8.000921658986175355e-01 8.908321673662469298e-01 1.277955271565495154e-02 1.528497409326424750e-01 4.051724137931034253e-01 3.156030691820392864e-01 3.475651731623933260e-01 3.013532505640112436e-01
4.262246704701947997e-01 0.000000000000000000e+00 3.333333333333333148e-01 3.826742039068771750e-01 4.832783414037837288e-01 5.581554898534527576e-01 4.500000000000000111e-01 8.062672811059907740e-01 8.909487640748884330e-01 1.277955271565495154e-02 1.502590673575129598e-01 4.080459770114942541e-01 3.160804510387411059e-01 3.465373337295238332e-01 3.664699182720065895e-01
3.770411174503245921e-01 0.000000000000000000e+00 3.333333333333333148e-01 2.238898388487497448e-01 7.053570036883463623e-02 6.826422733176971125e-01 3.832999999999999741e-01 8.047465437788018372e-01 8.910903457925244409e-01 1.597444089456868943e-02 1.424870466321243589e-01 2.902298850574712707e-01 3.160463025555609873e-01 3.748938586593886235e-01 3.514770432186541949e-01
3.442848711390910643e-01 0.000000000000000000e+00 2.500000000000000000e-01 2.405140947878571522e-01 1.907286828894655673e-01 4.698053137079373776e-01 3.166999999999999815e-01 8.028110599078340792e-01 8.913984942367912945e-01 1.086261980830670881e-01 1.062176165803108835e-01 2.902298850574712707e-01 1.767846067000717891e-01 5.299622596817292752e-01 4.024808213599351259e-01
2.786740114105842880e-01 0.000000000000000000e+00 2.500000000000000000e-01 2.942068444682306438e-01 6.941375893703138900e-02 6.911146276791315657e-01 2.832999999999999963e-01 8.165437788018433674e-01 8.916400159904057654e-01 1.693290734824281218e-01 5.440414507772020625e-02 2.931034482758620441e-01 1.753364322501062833e-01 5.803010131409059857e-01 3.773150430846615166e-01
4.262246704701947997e-01 0.000000000000000000e+00 2.500000000000000000e-01 5.890791781880890809e-01 3.366059716206197816e-01 8.876913995854294193e-01 4.666000000000000147e-01 8.096774193548387233e-01 8.917899260443733489e-01 1.597444089456868943e-01 1.424870466321243589e-01 3.103448275862069061e-01 2.086535044009728834e-01 5.365501605734751545e-01 4.242373145462579598e-01
4.097973637615581755e-01 0.000000000000000000e+00 3.333333333333333148e-01 2.561887387387387638e-01 6.299642573165169235e-02 9.272321460967559714e-01 4.000000000000000222e-01 8.114285714285713880e-01 8.916400159904057654e-01 1.150159744408945639e-01 1.424870466321243589e-01 4.109195402298850830e-01 2.062429002515837329e-01 4.185992409638426559e-01 2.195273973582368976e-01
4.262246704701947997e-01 0.000000000000000000e+00 4.166666666666666852e-01 5.926603767133470368e-01 2.551752401456411912e-01 7.754613392377250891e-01 4.666000000000000147e-01 8.363133640552995463e-01 8.919398360983410434e-01 1.853035143769967974e-01 1.813471502590673634e-01 4.540229885057471271e-01 1.895101434933201268e-01 3.231412972560282482e-01 2.302234741586126898e-01
4.097973637615581755e-01 0.000000000000000000e+00 5.000000000000000000e-01 3.133826896203134038e-01 2.334049131321647708e-01 5.589421290007577925e-01 4.166000000000000258e-01 8.465898617511520285e-01 8.915567326270904536e-01 2.044728434504792247e-01 1.658031088082901616e-01 4.540229885057471271e-01 1.543413872647065033e-01 2.125227219133886680e-01 2.726118255295156279e-01
3.606138107416879679e-01 0.000000000000000000e+00 4.166666666666666852e-01 2.854420583950286749e-01 5.911171562108344379e-02 7.590847388771939652e-01 3.665999999999999814e-01 8.383410138248847954e-01 8.920814178159770513e-01 1.757188498402555976e-01 1.243523316062176143e-01 4.568965517241379559e-01 2.489751970506861034e-01 3.383970992087116936e-01 2.697987324896814476e-01
4.097973637615581755e-01 0.000000000000000000e+00 5.000000000000000000e-01 2.772128564207771984e-01 2.116000161495945331e-01 6.689276621322974847e-01 4.000000000000000222e-01 8.492626728110599377e-01 8.920897461523086269e-01 1.182108626198083018e-01 7.772020725388600892e-02 4.942528735632183978e-01 2.816155717083301258e-01 4.393188766095679765e-01 1.824008924814310983e-01
4.426519771788314239e-01 0.000000000000000000e+00 5.000000000000000000e-01 2.528812133916094607e-01 5.607236922047463545e-02 6.642737997196256350e-01 4.333000000000000185e-01 8.690322580645161166e-01 8.923479245785861380e-01 1.597444089456868943e-02 1.968911917098445652e-01 4.482758620689655249e-01 2.813172951613689965e-01 2.070155328533224426e-01 1.540456372969314924e-01
4.918355301987015760e-01 0.000000000000000000e+00 5.000000000000000000e-01 4.071663485267445481e-01 6.129035527280256995e-02 5.532203468303659166e-01 5.165999999999999481e-01 8.549308755760368639e-01 8.919065227530148521e-01 1.597444089456868943e-02 1.994818652849740803e-01 4.856321839080459668e-01 2.794412193099218844e-01 1.835169239261351393e-01 2.307323451500303824e-01
4.589809167814283275e-01 0.000000000000000000e+00 5.000000000000000000e-01 3.929672241548479161e-01 1.307385635292991899e-01 6.866875470360406242e-01 5.000000000000000000e-01 8.566359447004607830e-01 8.919398360983410434e-01 1.054313099041533502e-01 1.968911917098445652e-01 4.425287356321839227e-01 2.781979357590371738e-01 3.454005771551054149e-01 1.363134404421456614e-01
5.573480228211685761e-01 0.000000000000000000e+00 5.000000000000000000e-01 2.667573068117622404e-01 8.113108400395190045e-02 6.482464127630481743e-01 5.500000000000000444e-01 8.564516129032258007e-01 8.922229995336131703e-01 1.916932907348242732e-02 2.202072538860103679e-01 4.885057471264367956e-01 2.777498240307754718e-01 2.885595760902552875e-01 1.718516053901181229e-01
5.737753295298052558e-01 0.000000000000000000e+00 5.000000000000000000e-01 2.462090803674961970e-01 6.418286594146417612e-02 5.960010958180427254e-01 5.665999999999999925e-01 8.508294930875576201e-01 8.930558331667666216e-01 1.597444089456868943e-02 2.461139896373056857e-01 4.396551724137930939e-01 2.779519272985762068e-01 1.559873233136612747e-01 1.516789355261959349e-01
6.065315758410387836e-01 0.000000000000000000e+00 5.000000000000000000e-01 2.478786548925162869e-01 5.042486766686680166e-01 4.598988950112180563e-01 5.999999999999999778e-01 8.670046082949308675e-01 8.931058031847558532e-01 2.236421725239616520e-02 2.746113989637305464e-01 4.425287356321839227e-01 2.778508756646758115e-01 2.963244165795153040e-01 1.994661371196546906e-01
5.573480228211685761e-01 0.000000000000000000e+00 5.000000000000000000e-01 2.284123093390420245e-01 2.912882563799882862e-01 6.378324916752179385e-01 5.665999999999999925e-01 8.628571428571428781e-01 8.926560730228529916e-01 1.597444089456868943e-02 2.720207253886010590e-01 4.367816091954023205e-01 2.778557540194158682e-01 1.751651998100823560e-01 1.894520678906168321e-01
6.389927208341530385e-01 0.000000000000000000e+00 5.000000000000000000e-01 2.304307956471322860e-01 2.002679535837159908e-01 6.479694942854040685e-01 6.329000000000000181e-01 8.605529953917050445e-01 8.921230594976347072e-01 1.597444089456868943e-02 2.383419689119170848e-01 4.195402298850574585e-01 2.778055766563756745e-01 1.705441521540743965e-01 1.765661897381196332e-01
5.902026362384418245e-01 0.000000000000000000e+00 5.000000000000000000e-01 2.384426500758183853e-01 1.698825217624719275e-01 6.516276581649025346e-01 5.999999999999999778e-01 8.649308755760368728e-01 8.926893863681790720e-01 2.236421725239616520e-02 2.564766839378238572e-01 4.454022988505746961e-01 2.775762939835947907e-01 1.853886068440147861e-01 1.035552467535009319e-01
6.393861892583120321e-01 0.000000000000000000e+00 5.000000000000000000e-01 2.208263104688847345e-01 5.550438927455811355e-02 5.346928024283974512e-01 6.500000000000000222e-01 8.606451612903225357e-01 8.921813578519555143e-01 1.597444089456868943e-02 2.435233160621761705e-01 4.683908045977011603e-01 2.735216842868193887e-01 1.943758571937657109e-01 1.724703804713982047e-01
6.557151288609088802e-01 0.000000000000000000e+00 5.000000000000000000e-01 2.177678916540302656e-01 2.158532184628391137e-01 5.393306758939173662e-01 6.665999999999999703e-01 8.649769585253456183e-01 8.924561929508961766e-01 1.277955271565495154e-02 2.642487046632124303e-01 4.367816091954023205e-01 2.736248266441797528e-01 1.443807743268550603e-01 1.578185092037147630e-01
6.229588825496753524e-01 0.000000000000000000e+00 5.000000000000000000e-01 2.324627270835191439e-01 8.237776431658783149e-02 6.634440298671308023e-01 6.166000000000000369e-01 8.632258064516129537e-01 8.965204210806849705e-01 2.236421725239616520e-02 2.616580310880828875e-01 4.482758620689655249e-01 2.510833432061941317e-01 1.996430055632338052e-01 1.182673394402870698e-01
6.065315758410387836e-01 0.000000000000000000e+00 5.000000000000000000e-01 2.320070198911783066e-01 1.837072338909180591e-01 7.647684403582872825e-01 6.332999999999999741e-01 8.647004608294930339e-01 8.966620027983209784e-01 1.629392971246006461e-01 2.772020725388600892e-01 4.856321839080459668e-01 1.865810399258490127e-01 2.603415768452731482e-01 6.285610618842830954e-02
6.393861892583120321e-01 0.000000000000000000e+00 5.833333333333333703e-01 2.470669446674396974e-01 4.273391847752859851e-01 5.387058345157366146e-01 6.500000000000000222e-01 8.769585253456221308e-01 9.057815310813511767e-01 1.661341853035143701e-01 3.290155440414507804e-01 4.626436781609195581e-01 1.865176213142287764e-01 8.084718502061494227e-02 1.386763783741872813e-01
6.065315758410387836e-01 0.000000000000000000e+00 5.833333333333333703e-01 2.462955400945500140e-01 2.547417434633211797e-01 7.005641200131152990e-01 6.332999999999999741e-01 8.717050691244239147e-01 9.062146045705909980e-01 1.341853035143769912e-01 3.160621761658031215e-01 4.741379310344827624e-01 1.708971294366894156e-01 0.000000000000000000e+00 1.369638317684546691e-01
6.721424355695455599e-01 0.000000000000000000e+00 5.833333333333333703e-01 2.530111794963280092e-01 2.592527201254525848e-01 6.556771625089499178e-01 6.665999999999999703e-01 8.788940092165898887e-01 9.059480978079819113e-01 1.693290734824281218e-01 3.160621761658031215e-01 4.425287356321839227e-01 2.086806838059529767e-01 1.253636299228168827e-01 1.477931484585951472e-01
6.229588825496753524e-01 0.000000000000000000e+00 5.833333333333333703e-01 2.625362471382273744e-01 4.853735864920551979e-01 5.261203458990501014e-01 6.332999999999999741e-01 8.770046082949308763e-01 9.064311413152108532e-01 1.437699680511182188e-01 3.108808290155440357e-01 4.568965517241379559e-01 2.271989183990633654e-01 9.189963126789069126e-02 1.220808608049646499e-01
5.902026362384418245e-01 0.000000000000000000e+00 5.833333333333333703e-01 2.567411084351678419e-01 4.124769602848735728e-01 3.844523339162909115e-01 6.332999999999999741e-01 8.787557603686635410e-01 9.061479778799387264e-01 1.373801916932907430e-01 3.393782383419688964e-01 4.885057471264367956e-01 2.060888836233631394e-01 1.686830437159567708e-01 1.578154981327596351e-01
6.065315758410387836e-01 0.000000000000000000e+00 5.000000000000000000e-01 2.422586655962893631e-01 6.490555978336953746e-02 5.612178869776688339e-01 5.833000000000000407e-01 8.752073732718893551e-01 9.061979478979279579e-01 1.853035143769967974e-01 3.186528497409326643e-01 4.339080459770114917e-01 1.710769316542500862e-01 8.534662615935951699e-03 1.230669865427711368e-01
6.065315758410387836e-01 0.000000000000000000e+00 4.166666666666666852e-01 2.267725314423334193e-01 1.427798020446610361e-01 6.402575535273089535e-01 6.166000000000000369e-01 8.766359447004608008e-01 9.062312612432540382e-01 2.236421725239616520e-02 3.290155440414507804e-01 5.114942528735632044e-01 3.514234342223553909e-01 9.328488811671688252e-02 2.603567667421191056e-01
7.048986818807790877e-01 0.000000000000000000e+00 4.166666666666666852e-01 2.305800121904082456e-01 8.065275186605956603e-02 7.942355179184480418e-01 6.833000000000000185e-01 8.796774193548386744e-01 9.105286827903258384e-01 2.875399361022364098e-02 3.937823834196891304e-01 5.086206896551723755e-01 3.511997268121345717e-01 1.233301574645781357e-01 2.365263984354475379e-01
6.065315758410387836e-01 0.000000000000000000e+00 5.000000000000000000e-01 2.589765379240626664e-01 2.167126879112830362e-01 9.200368575868660415e-01 6.332999999999999741e-01 8.900000000000000133e-01 9.153841028716103168e-01 9.904153354632587447e-02 3.704663212435233000e-01 4.367816091954023205e-01 2.630032545595193949e-01 1.290720999753614540e-01 2.439915961009642142e-01
6.229588825496753524e-01 0.000000000000000000e+00 5.000000000000000000e-01 2.709874706389557852e-01 7.640714739899628904e-01 7.559958849877949083e-01 6.166000000000000369e-01 8.834101382488479537e-01 9.150426410820174938e-01 2.268370607028754038e-01 3.316062176165803232e-01 4.798850574712643646e-01 1.716156413991121454e-01 3.244673370181870575e-02 2.250978786252353370e-01
5.737753295298052558e-01 1.000000000000000000e+00 5.833333333333333703e-01 2.751940935985490722e-01 4.564194263480839675e-01 6.116188823370293237e-01 5.665999999999999925e-01 8.988479262672811609e-01 9.148177760010660631e-01 2.108626198083067005e-01 2.642487046632124303e-01 5.603448275862068506e-01 1.656891372978096244e-01 1.988509770290576018e-01 1.088027906605612133e-01
4.589809167814283275e-01 0.000000000000000000e+00 5.833333333333333703e-01 3.533797817619599990e-01 3.186883029887366825e-01 8.190898709332632421e-01 4.500000000000000111e-01 9.032718894009216237e-01 9.148760743553867592e-01 2.236421725239616520e-01 3.212435233160621517e-01 5.488505747126436463e-01 2.724184792077551931e-01 1.784929885911937797e-01 6.695116268741094223e-02
6.065315758410387836e-01 0.000000000000000000e+00 6.666666666666666297e-01 3.218609297416227810e-01 2.939475436156621102e-01 7.481568585457692988e-01 6.166000000000000369e-01 8.976036866359446975e-01 9.149177160370444151e-01 2.076677316293929765e-01 2.849740932642487179e-01 5.948275862068965747e-01 1.948707584447804952e-01 2.262335923728392428e-01 1.125229688256296351e-01
5.245917765099350483e-01 0.000000000000000000e+00 7.500000000000000000e-01 3.694494558915351057e-01 4.946040814157247056e-01 5.803188014697930885e-01 5.165999999999999481e-01 8.911059907834101290e-01 9.153924312079418923e-01 2.268370607028754038e-01 2.616580310880828875e-01 7.155172413793103869e-01 1.442404053215881055e-01 3.148435029867618362e-01 0.000000000000000000e+00
6.065315758410387836e-01 0.000000000000000000e+00 7.500000000000000000e-01 3.006390122796063769e-01 9.185488505006528248e-02 6.013786755817918106e-01 6.166000000000000369e-01 9.032258064516128782e-01 9.196898527550136926e-01 2.715654952076677064e-01 1.606217616580310759e-01 7.298850574712644201e-01 1.263974744060603062e-01 3.105016215964714887e-01 1.454091330298675766e-01
6.229588825496753524e-01 0.000000000000000000e+00 6.666666666666666297e-01 3.283996610471858202e-01 5.128504381409229040e-01 7.990949345478524091e-01 6.332999999999999741e-01 8.933640552995392170e-01 9.196648677460190768e-01 2.300319488817891278e-01 1.787564766839378205e-01 7.586206896551723755e-01 6.702162504965468448e-02 4.605778107231569551e-01 1.147315893712206325e-01
5.737753295298052558e-01 0.000000000000000000e+00 7.500000000000000000e-01 2.802583340766509057e-01 2.319871927184878890e-01 6.008804480517455637e-01 5.833000000000000407e-01 9.030414746543778959e-01 9.199563595176227793e-01 2.715654952076677064e-01 3.963730569948186733e-01 7.729885057471264087e-01 2.242161529294520173e-02 2.500547229327685361e-01 1.320700886986226619e-01
5.902026362384418245e-01 0.000000000000000000e+00 7.500000000000000000e-01 3.513600228941812786e-01 3.596108164373710836e-01 6.356040646814157258e-01 5.999999999999999778e-01 8.938709677419355293e-01 9.197648077819974288e-01 3.003194888178913891e-01 3.031088082901554626e-01 8.132183908045976795e-01 2.416527865859182875e-02 2.241779135071002294e-01 1.594399709130545628e-01
5.902026362384418245e-01 0.000000000000000000e+00 7.500000000000000000e-01 2.949021630541432959e-01 3.138720981685057532e-01 5.019565126490893592e-01 5.999999999999999778e-01 8.953456221198157206e-01 9.247368245719235214e-01 3.067092651757188371e-01 2.849740932642487179e-01 8.620689655172413257e-01 4.814936128398296898e-03 1.570257372262928164e-01 1.490645731694005827e-01
4.589809167814283275e-01 0.000000000000000000e+00 7.500000000000000000e-01 3.826837793238783703e-01 1.051246448254627014e-01 5.789397251527297339e-01 4.666000000000000147e-01 9.041013824884792660e-01 9.240872143380638448e-01 3.897763578274760499e-01 1.113989637305699415e-01 9.166666666666666297e-01 2.340983058170895831e-02 1.443204997922114818e-01 1.213333624403525601e-01
5.737753295298052558e-01 0.000000000000000000e+00 7.500000000000000000e-01 3.635776142479112960e-01 7.523650073896100965e-01 5.172812400043564907e-01 5.665999999999999925e-01 9.047004608294930694e-01 9.248617496168964891e-01 3.099041533546325611e-01 1.113989637305699415e-01 8.879310344827586743e-01 8.035347164630534441e-04 1.369913278691471670e-01 1.967810145954136947e-01
6.229588825496753524e-01 1.000000000000000000e+00 7.500000000000000000e-01 3.181282698540124354e-01 4.188898730932250070e-01 4.536433177070832157e-01 6.166000000000000369e-01 9.171428571428571486e-01 9.248950629622226804e-01 4.376996805111821320e-01 8.290155440414508081e-02 9.252873563218391162e-01 2.308437462976772186e-02 2.624268642543458596e-01 1.326324061994939851e-01
5.902026362384418245e-01 0.000000000000000000e+00 7.500000000000000000e-01 3.552467487289269199e-01 6.850439342285172817e-01 4.808345932137884082e-01 5.999999999999999778e-01 9.167741935483870730e-01 9.252365247518156144e-01 3.738019169329073743e-01 1.321243523316062152e-01 8.563218390804597790e-01 5.602093511091287698e-02 1.798401773128766590e-01 1.105063040534284419e-01
5.573480228211685761e-01 1.000000000000000000e+00 7.500000000000000000e-01 3.511222341153034110e-01 5.133107960511776868e-01 3.844758361078609021e-01 5.665999999999999925e-01 9.227649769585253292e-01 9.260610300486374902e-01 4.984025559105431102e-01 5.440414507772020625e-02 9.741379310344827624e-01 2.894815702727000437e-02 2.265740906211766714e-01 2.015844255365916715e-01
3.934684241589612719e-01 1.000000000000000000e+00 7.500000000000000000e-01 3.988945633752564723e-01 2.902506362034602827e-02 2.139685519100964217e-01 4.000000000000000222e-01 8.993087557603686166e-01 9.259777466853221783e-01 3.418530351437699677e-01 1.347150259067357581e-01 8.735632183908046411e-01 1.281139583667268433e-01 1.919236353369505044e-01 1.089932408984734674e-01
5.902026362384418245e-01 0.000000000000000000e+00 6.666666666666666297e-01 5.697995852287931484e-01 3.966954395323468163e-01 6.499868538815822827e-01 5.999999999999999778e-01 9.036405529953916993e-01 9.259527616763275626e-01 4.153354632587859530e-01 7.512953367875647992e-02 9.712643678160919336e-01 6.254190158267765309e-02 3.410216850856480075e-01 5.567470196043302483e-02
6.393861892583120321e-01 0.000000000000000000e+00 6.666666666666666297e-01 3.186404230963637008e-01 2.364290371434718818e-01 3.865440730425628302e-01 6.500000000000000222e-01 9.197695852534562011e-01 9.258694783130121397e-01 4.472843450479233041e-01 7.512953367875647992e-02 9.195402298850574585e-01 1.448453213093504194e-02 3.408916189845749845e-01 1.285953128163976888e-01
5.737753295298052558e-01 0.000000000000000000e+00 6.666666666666666297e-01 3.334539633693099359e-01 1.502788259121558556e-01 5.104773266421979150e-01 5.833000000000000407e-01 9.105990783410138345e-01 9.302668398960624030e-01 4.504792332268370836e-01 5.440414507772020625e-02 1.000000000000000000e+00 9.947662222717800276e-03 3.403502056207589610e-01 8.643429730260736299e-02
6.557151288609088802e-01 0.000000000000000000e+00 6.666666666666666297e-01 2.943377783724318020e-01 4.443475145899285494e-01 7.425161273601463829e-01 6.665999999999999703e-01 9.239170506912441905e-01 9.303084815777200589e-01 4.121405750798722289e-01 4.533678756476683946e-01 8.247126436781608838e-01 7.421371375208200838e-03 2.050275306580604529e-01 1.383858100270168312e-01
8.032657879205193918e-01 0.000000000000000000e+00 7.500000000000000000e-01 2.846855766657747089e-01 1.492872605225523397e-01 5.780047872199721715e-01 8.333000000000000407e-01 9.428110599078340925e-01 9.347558131787594426e-01 3.961661341853034979e-01 2.150259067357512821e-01 7.959770114942529284e-01 6.043723996626965828e-02 2.308133995577752451e-01 1.136709396272745781e-01
8.032657879205193918e-01 0.000000000000000000e+00 7.500000000000000000e-01 2.690487512264739811e-01 2.240787122489109051e-01 6.884520337160043857e-01 7.999000000000000554e-01 9.402764976958525311e-01 9.347974548604170986e-01 3.865814696485623259e-01 1.891191709844559643e-01 7.586206896551723755e-01 4.361249137576572732e-02 1.635184678001803948e-01 1.755928610518724675e-01
7.869368483179225437e-01 0.000000000000000000e+00 7.500000000000000000e-01 2.593703877144470926e-01 8.701776933889815435e-02 7.996350730911691018e-01 7.832999999999999963e-01 9.408294930875575890e-01 9.349890065960423380e-01 3.674121405750798708e-01 1.968911917098445652e-01 7.471264367816091712e-01 3.412060686732965812e-03 2.732054314757849656e-01 6.192643803103059508e-02
8.852055872516231272e-01 0.000000000000000000e+00 7.500000000000000000e-01 2.583463755835042619e-01 2.197736203273451261e-01 7.293773256487414702e-01 9.165999999999999703e-01 9.440552995391705560e-01 9.349057232327270262e-01 3.738019169329073743e-01 1.891191709844559643e-01 7.183908045977011048e-01 5.222766584663846717e-02 1.157027852122245182e-01 1.825905899516045705e-01
9.016328939602596959e-01 0.000000000000000000e+00 7.500000000000000000e-01 2.532737058841019184e-01 1.635993432429769801e-01 5.366244143588373428e-01 9.165999999999999703e-01 9.556682027649769928e-01 9.349473649143846821e-01 3.514376996805111952e-01 1.968911917098445652e-01 8.074712643678161328e-01 9.751831125297057146e-02 2.642858577965110367e-01 1.180272065316151225e-01
7.540822349006491843e-01 0.000000000000000000e+00 7.500000000000000000e-01 2.448440653524811828e-01 8.011300470332297641e-01 8.765929921613746512e-01 7.832999999999999963e-01 9.589861751152073399e-01 9.347724698514224828e-01 3.801916932907348223e-01 1.839378238341968785e-01 7.787356321839080664e-01 0.000000000000000000e+00 1.091392056239313124e-01 6.192493249555302420e-02
8.360220342317529196e-01 1.000000000000000000e+00 7.500000000000000000e-01 2.700127850622900394e-01 4.304805802255237679e-01 6.235177805044170851e-01 8.333000000000000407e-01 9.673732718894009208e-01 9.345559331068026276e-01 4.376996805111821320e-01 1.761658031088082776e-01 7.729885057471264087e-01 6.922315685304304689e-02 1.694613254264423219e-01 1.349464142285146939e-01
8.360220342317529196e-01 0.000000000000000000e+00 7.500000000000000000e-01 2.782986724348110452e-01 9.834868958382572690e-02 7.385825486634802761e-01 8.666000000000000369e-01 9.569585253456220908e-01 9.346642014791125552e-01 3.578274760383386432e-01 1.968911917098445652e-01 7.126436781609195581e-01 5.144921981169550684e-02 1.768380825084358010e-01 2.278018203429459376e-01
1.000000000000000000e+00 0.000000000000000000e+00 7.500000000000000000e-01 2.438906728510688848e-01 4.305856095776788295e-01 6.788117398014956727e-01 1.000000000000000000e+00 9.762672811059908140e-01 9.348307682057431789e-01 3.674121405750798708e-01 1.761658031088082776e-01 7.500000000000000000e-01 4.696740562125847895e-02 2.585121918464416413e-01 1.141308807156713456e-01
9.672437536887664722e-01 0.000000000000000000e+00 7.500000000000000000e-01 2.427539128237148069e-01 1.040326553056952485e-01 7.151727473112710065e-01 9.832999999999999519e-01 9.581566820276498087e-01 9.349973349323739136e-01 3.546325878594249192e-01 1.528497409326424750e-01 7.471264367816091712e-01 4.245562439456133236e-02 1.847446210265070443e-01 1.101374478614244867e-01
0.000000000000000000e+00 0.000000000000000000e+00 0.000000000000000000e+00 0.000000000000000000e+00 1.897402800603375118e-03 3.666005169018228516e-04 0.000000000000000000e+00 0.000000000000000000e+00 1.890532347258311622e-03 0.000000000000000000e+00 2.590673575129533775e-03 0.000000000000000000e+00 3.763246475388700163e-01 8.409450201073732645e-01 9.999465534905463970e-01
0.000000000000000000e+00 0.000000000000000000e+00 0.000000000000000000e+00 0.000000000000000000e+00 2.219855618435517385e-03 4.774038917613280912e-03 0.000000000000000000e+00 1.483870967741935526e-02 1.898860683589846015e-03 3.194888178913737886e-03 2.590673575129533775e-03 2.873563218390804558e-03 3.761176659163292246e-01 8.409450201073732645e-01 9.999585977743669085e-01
0.000000000000000000e+00 0.000000000000000000e+00 0.000000000000000000e+00 0.000000000000000000e+00 2.073748918286235070e-03 6.812008272450612674e-04 0.000000000000000000e+00 1.082027649769585209e-01 1.907189019921380407e-03 6.389776357827475772e-03 2.590673575129533775e-03 5.747126436781609116e-03 3.744004850478427349e-01 8.409619392749925204e-01 9.999706420581874200e-01
0.000000000000000000e+00 0.000000000000000000e+00 0.000000000000000000e+00 0.000000000000000000e+00 2.234605677276598271e-03 3.769006995504708816e-04 0.000000000000000000e+00 1.367741935483871019e-01 0.000000000000000000e+00 3.194888178913737886e-03 0.000000000000000000e+00 8.620689655172413673e-03 3.740150950233812610e-01 8.409619392749925204e-01 9.999465534905463970e-01
0.000000000000000000e+00 0.000000000000000000e+00 0.000000000000000000e+00 0.000000000000000000e+00 2.706171167917770562e-04 9.438666845632864746e-05 0.000000000000000000e+00 1.367741935483871019e-01 4.264108201745619303e-03 0.000000000000000000e+00 2.590673575129533775e-03 5.747126436781609116e-03 3.744206953746228028e-01 8.409281009397540085e-01 9.999525756324566528e-01
0.000000000000000000e+00 0.000000000000000000e+00 0.000000000000000000e+00 0.000000000000000000e+00 2.019084368508857526e-03 3.298479044682317302e-04 0.000000000000000000e+00 1.367741935483871019e-01 4.264108201745619303e-03 3.194888178913737886e-03 0.000000000000000000e+00 5.747126436781609116e-03 3.732477995135583537e-01 8.409619392749925204e-01 9.999706420581874200e-01
0.000000000000000000e+00 0.000000000000000000e+00 0.000000000000000000e+00 0.000000000000000000e+00 6.177517682050136683e-05 5.845200107768471685e-05 0.000000000000000000e+00 1.367741935483871019e-01 4.305749883403291699e-03 0.000000000000000000e+00 0.000000000000000000e+00 5.747126436781609116e-03 3.740150950233812610e-01 8.409619392749925204e-01 9.999766642000976757e-01
0.000000000000000000e+00 0.000000000000000000e+00 0.000000000000000000e+00 0.000000000000000000e+00 1.390633288565304524e-03 4.258075997660969733e-04 0.000000000000000000e+00 1.367741935483871019e-01 4.364048237724032012e-03 0.000000000000000000e+00 0.000000000000000000e+00 5.747126436781609116e-03 3.728533496874368303e-01 8.409281009397540085e-01 9.999585977743669085e-01
0.000000000000000000e+00 0.000000000000000000e+00 0.000000000000000000e+00 0.000000000000000000e+00 0.000000000000000000e+00 8.036216231235049660e-04 0.000000000000000000e+00 1.367741935483871019e-01 4.372376574055566838e-03 0.000000000000000000e+00 2.590673575129533775e-03 5.747126436781609116e-03 3.734213295607389793e-01 8.409365605235636920e-01 9.999766642000976757e-01
0.000000000000000000e+00 0.000000000000000000e+00 0.000000000000000000e+00 0.000000000000000000e+00 2.204409898970362616e-03 0.000000000000000000e+00 0.000000000000000000e+00 1.367741935483871019e-01 4.422346592044773192e-03 3.194888178913737886e-03 0.000000000000000000e+00 2.873563218390804558e-03 3.738150824790404947e-01 8.409534796911829480e-01 9.999525756324566528e-01
0.000000000000000000e+00 0.000000000000000000e+00 0.000000000000000000e+00 0.000000000000000000e+00 2.752179748601495460e-03 2.275881535748866980e-04 0.000000000000000000e+00 1.367741935483871019e-01 4.455659937370910761e-03 0.000000000000000000e+00 2.590673575129533775e-03 2.873563218390804558e-03 3.738694412890006813e-01 8.409365605235636920e-01 9.999585977743669085e-01
0.000000000000000000e+00 0.000000000000000000e+00 0.000000000000000000e+00 0.000000000000000000e+00 2.187565157216938509e-03 2.844938627642439196e-04 0.000000000000000000e+00 1.367741935483871019e-01 4.788793390632287324e-03 3.194888178913737886e-03 2.590673575129533775e-03 2.873563218390804558e-03 3.735558327699994852e-01 8.409619392749925204e-01 9.999465534905463970e-01
0.000000000000000000e+00 0.000000000000000000e+00 0.000000000000000000e+00 0.000000000000000000e+00 1.374773253141752145e-02 9.076697747511764947e-01 0.000000000000000000e+00 1.664055299539170529e-01 1.575054967019788033e-01 3.194888178913737886e-03 2.590673575129533775e-03 0.000000000000000000e+00 3.737879030740604014e-01 8.409703988588020929e-01 9.999525756324566528e-01
1.642730670863663117e-02 0.000000000000000000e+00 8.333333333333332871e-02 0.000000000000000000e+00 2.175441666459080464e-02 6.276431398589487065e-01 0.000000000000000000e+00 1.544700460829493138e-01 3.045589313078819194e-01 1.661341853035143701e-01 2.590673575129533775e-03 2.873563218390804558e-03 1.716700002090723598e-01 8.409450201073732645e-01 9.999352619744645843e-01
1.642730670863663117e-02 0.000000000000000000e+00 8.333333333333332871e-02 8.838640620818838389e-01 9.192721321886206109e-03 5.947365462599978336e-01 1.669999999999999957e-02 1.572811059907834041e-01 3.194000266506762387e-01 1.725239616613418459e-01 2.590673575129533775e-03 2.873563218390804558e-03 1.057306730038817810e-01 8.410190414657074953e-01 9.999412841163748400e-01
1.642730670863663117e-02 0.000000000000000000e+00 8.333333333333332871e-02 9.961198822584961254e-01 1.598408891181448202e-02 4.627277124620752802e-01 1.669999999999999957e-02 1.589400921658986054e-01 3.246552068758744580e-01 1.533546325878594185e-01 5.181347150259067551e-03 2.873563218390804558e-03 1.241499466865517709e-01 8.409936627142786669e-01 9.999412841163748400e-01
1.642730670863663117e-02 0.000000000000000000e+00 8.333333333333332871e-02 1.000000000000000000e+00 9.069530350117416956e-03 3.127025672631173481e-01 1.669999999999999957e-02 1.605990783410138345e-01 3.523469251782264111e-01 1.501597444089456945e-01 2.590673575129533775e-03 2.873563218390804558e-03 1.317364852151005905e-01 8.410105818818978118e-01 9.999299926002931382e-01
0.000000000000000000e+00 0.000000000000000000e+00 0.000000000000000000e+00 0.000000000000000000e+00 8.183963385887352837e-01 8.394529635208261391e-04 0.000000000000000000e+00 1.634101382488479248e-01 3.617496168965287362e-01 9.904153354632587447e-02 0.000000000000000000e+00 2.873563218390804558e-03 3.070889463450669488e-01 8.410275010495170678e-01 9.998885903746600468e-01
1.642730670863663117e-02 1.000000000000000000e+00 0.000000000000000000e+00 0.000000000000000000e+00 4.440986323753656762e-01 9.059716189352577942e-01 0.000000000000000000e+00 1.648847926267281161e-01 3.864181491105336819e-01 7.348242811501597138e-02 2.590673575129533775e-03 2.873563218390804558e-03 1.986821473123749904e-01 8.409936627142786669e-01 9.999006346584805582e-01
3.275624631123352781e-02 0.000000000000000000e+00 8.333333333333332871e-02 5.760488210983260027e-01 3.278069659748127085e-02 4.495024607504856662e-01 3.330000000000000321e-02 1.667741935483871007e-01 4.038077153707775313e-01 2.012779552715655007e-01 0.000000000000000000e+00 2.873563218390804558e-03 2.395906363465304389e-01 8.409693414108259102e-01 9.998765460908395353e-01
1.642730670863663117e-02 0.000000000000000000e+00 8.333333333333332871e-02 8.999197217018999329e-01 4.015978189915082874e-02 9.117458110073020094e-01 1.669999999999999957e-02 1.677419354838709797e-01 4.172080085282163786e-01 1.757188498402555976e-01 0.000000000000000000e+00 2.873563218390804558e-03 2.220661923047438646e-01 8.409862605784451661e-01 9.998765460908395353e-01
8.184143222506394533e-02 0.000000000000000000e+00 1.666666666666666574e-01 3.928916540302678784e-01 3.955631556036638685e-02 6.081489758821031488e-01 6.660000000000000642e-02 1.698156682027649744e-01 4.481477779998667699e-01 2.555910543130990309e-01 0.000000000000000000e+00 2.873563218390804558e-03 1.194729983065139917e-01 8.409693414108259102e-01 9.999006346584805582e-01
4.918355301987015898e-02 0.000000000000000000e+00 1.666666666666666574e-01 5.029633589034578911e-01 7.464093079001316022e-01 3.826977160468928996e-01 5.000000000000000278e-02 1.713364055299539113e-01 4.746568725431407620e-01 3.035143769968051131e-01 2.590673575129533775e-03 2.873563218390804558e-03 1.128363451366287823e-01 8.410031797460644221e-01 9.999066568003908140e-01
4.918355301987015898e-02 1.000000000000000000e+00 1.666666666666666574e-01 5.072349582255523126e-01 4.376230074303126272e-01 3.059337424431965990e-01 5.000000000000000278e-02 1.721198156682027525e-01 4.963688453594509720e-01 3.194888178913737886e-01 2.590673575129533775e-03 2.873563218390804558e-03 3.236648988438299568e-02 8.409778009946355937e-01 9.998825682327497910e-01
4.918355301987015898e-02 0.000000000000000000e+00 8.333333333333332871e-02 6.073548791365622757e-01 1.684487780513209756e-02 3.913288160573881180e-01 5.000000000000000278e-02 1.751152073732718806e-01 5.181307881937504689e-01 2.523961661341853069e-01 2.590673575129533775e-03 2.873563218390804558e-03 1.993978716435177156e-01 8.409608818270163377e-01 9.999006346584805582e-01
6.561085972850679016e-02 0.000000000000000000e+00 8.333333333333332871e-02 4.094639193649094455e-01 1.796271201553860039e-02 4.559755117250866574e-01 6.669999999999999540e-02 1.608755760368663634e-01 7.149793457258978302e-01 2.587859424920127549e-01 0.000000000000000000e+00 5.747126436781609116e-03 1.611062714734722012e-01 8.410190414657074953e-01 9.998765460908395353e-01
8.193979933110367986e-02 0.000000000000000000e+00 8.333333333333332871e-02 4.055124431362055470e-01 2.180098485418983933e-02 7.245495379141164705e-01 8.329999999999999905e-02 1.625345622119815647e-01 7.213755080285162435e-01 2.364217252396166036e-01 2.590673575129533775e-03 2.873563218390804558e-03 1.816336913116502194e-01 8.410359606333267513e-01 9.998592324328474668e-01
6.561085972850679016e-02 0.000000000000000000e+00 1.666666666666666574e-01 4.317262807361817445e-01 2.103281123635557595e-02 3.669339082714406231e-01 6.669999999999999540e-02 1.633640552995391793e-01 7.218002531814244893e-01 2.939297124600638855e-01 0.000000000000000000e+00 2.873563218390804558e-03 1.489215351485458916e-01 8.410359606333267513e-01 9.998532102909372110e-01
4.918355301987015898e-02 0.000000000000000000e+00 1.666666666666666574e-01 5.451243317575000802e-01 2.556772529818991668e-02 6.209504540180695864e-01 5.000000000000000278e-02 1.641474654377880205e-01 7.225581317875940934e-01 2.236421725239616520e-01 2.590673575129533775e-03 0.000000000000000000e+00 1.763253444466900410e-01 8.409936627142786669e-01 9.998592324328474668e-01
4.918355301987015898e-02 0.000000000000000000e+00 1.666666666666666574e-01 5.630965123539380945e-01 8.246506074036238920e-02 1.464246984706069898e-01 6.669999999999999540e-02 1.657603686635944762e-01 7.226081018055833249e-01 2.843450479233226580e-01 2.590673575129533775e-03 2.873563218390804558e-03 2.113331149688830735e-01 8.410602819367793970e-01 9.998833210004886007e-01
9.836710603974031797e-02 0.000000000000000000e+00 8.333333333333332871e-02 4.140601001992091357e-01 4.722637696188873579e-02 9.136230541588423737e-01 1.000000000000000056e-01 1.676497695852534608e-01 7.323689119861416241e-01 2.907348242811501615e-01 0.000000000000000000e+00 2.873563218390804558e-03 2.046225895700775621e-01 8.410021222980882394e-01 9.998833210004886007e-01
8.193979933110367986e-02 0.000000000000000000e+00 1.666666666666666574e-01 4.031576130586031481e-01 2.111935809222523219e-02 9.091756600092762985e-01 8.329999999999999905e-02 1.685253456221198209e-01 7.332683723099473472e-01 3.769968051118210983e-01 2.590673575129533775e-03 2.873563218390804558e-03 6.897017931438208238e-02 8.410275010495170678e-01 9.998652545747577225e-01
1.147944127483769422e-01 0.000000000000000000e+00 2.500000000000000000e-01 4.429259521898135654e-01 5.214533162639949787e-02 3.102916460335751747e-01 1.166999999999999982e-01 1.691244239631336521e-01 7.337597441535078646e-01 3.642172523961661468e-01 2.590673575129533775e-03 2.873563218390804558e-03 1.136001561073516769e-01 8.409936627142786669e-01 9.998712767166679782e-01
8.193979933110367986e-02 0.000000000000000000e+00 1.666666666666666574e-01 3.370291083162370027e-01 6.574545062081781077e-02 3.102736331782087187e-01 8.329999999999999905e-02 2.044700460829493027e-01 7.341678326337530702e-01 2.332268370607028796e-01 5.181347150259067551e-03 2.873563218390804558e-03 2.555602790418911030e-01 8.410021222980882394e-01 9.998712767166679782e-01
8.193979933110367986e-02 0.000000000000000000e+00 8.333333333333332871e-02 4.373271786638123215e-01 2.840313532138319386e-02 4.625912045135543993e-01 6.669999999999999540e-02 2.058064516129032295e-01 7.342511159970683821e-01 1.789137380191693216e-01 2.590673575129533775e-03 2.873563218390804558e-03 2.448899234098305955e-01 8.410275010495170678e-01 9.998532102909372110e-01
9.836710603974031797e-02 0.000000000000000000e+00 8.333333333333332871e-02 4.242262064044242109e-01 2.357232676207344710e-02 9.154641545439087258e-01 1.000000000000000056e-01 2.068663594470045997e-01 7.345509361050036601e-01 3.099041533546325611e-01 0.000000000000000000e+00 2.873563218390804558e-03 1.874751726589123924e-01 8.410359606333267513e-01 9.998712767166679782e-01
1.147944127483769422e-01 0.000000000000000000e+00 1.666666666666666574e-01 9.044929830820920280e-01 3.784909507952617658e-02 3.062212111114300805e-01 1.333000000000000018e-01 2.076497695852534686e-01 7.347841295222866664e-01 3.610223642172524228e-01 2.590673575129533775e-03 2.873563218390804558e-03 7.621105156420959759e-02 8.410190414657074953e-01 9.998419187748553982e-01
8.193979933110367986e-02 0.000000000000000000e+00 8.333333333333332871e-02 4.702345910266702012e-01 3.445899376854423268e-01 5.289625958574792897e-01 8.329999999999999905e-02 1.962211981566820140e-01 7.987790658937971022e-01 3.067092651757188371e-01 2.590673575129533775e-03 2.873563218390804558e-03 2.139632450815730502e-01 8.410190414657074953e-01 9.998825682327497910e-01
1.803069053708439839e-01 0.000000000000000000e+00 8.333333333333332871e-02 3.542175839205541910e-01 3.163456363165115942e-02 9.091875895789380824e-01 1.666999999999999871e-01 1.941013824884792738e-01 7.988207075754547581e-01 2.907348242811501615e-01 0.000000000000000000e+00 2.873563218390804558e-03 2.086346878898328039e-01 8.410190414657074953e-01 9.999006346584805582e-01
1.311233523509738319e-01 0.000000000000000000e+00 1.666666666666666574e-01 4.242080367496209314e-01 4.974628435595718767e-01 4.264712400644812273e-01 1.499999999999999944e-01 2.181105990783410165e-01 7.989789459657539172e-01 3.546325878594249192e-01 0.000000000000000000e+00 2.873563218390804558e-03 1.554738624722107887e-01 8.410359606333267513e-01 9.998645018070189128e-01
1.475506590596104561e-01 0.000000000000000000e+00 1.666666666666666574e-01 3.824740582166324954e-01 2.134708503617876452e-01 6.055146595512422847e-01 1.333000000000000018e-01 2.427649769585253359e-01 7.987957225664601424e-01 3.290734824281150162e-01 2.590673575129533775e-03 5.747126436781609116e-03 9.586733662738429473e-02 8.410190414657074953e-01 9.998885903746600468e-01
1.639779657682470804e-01 0.000000000000000000e+00 1.666666666666666574e-01 3.765840097523265873e-01 3.095452328395104438e-02 6.155478676797075943e-01 1.666999999999999871e-01 2.924884792626727958e-01 7.991371843560530763e-01 2.875399361022364375e-01 2.590673575129533775e-03 2.873563218390804558e-03 1.350934901840533664e-01 8.409703988588020929e-01 9.999059040326520043e-01
1.475506590596104561e-01 0.000000000000000000e+00 1.666666666666666574e-01 3.764903517378764830e-01 1.016666031416424004e-01 6.155630459074675764e-01 1.666999999999999871e-01 3.169124423963133874e-01 7.992454527283630039e-01 3.322683706070287402e-01 0.000000000000000000e+00 2.873563218390804558e-03 1.876981831613132590e-01 8.409619392749925204e-01 9.999299926002931382e-01
1.639779657682470804e-01 0.000000000000000000e+00 1.666666666666666574e-01 3.675507195314126063e-01 2.841566234664328131e-02 6.147225264360836050e-01 1.499999999999999944e-01 4.613364055299539190e-01 7.991704977013791567e-01 3.003194888178913891e-01 0.000000000000000000e+00 0.000000000000000000e+00 1.721062645043940076e-01 8.409365605235636920e-01 9.999292398325543285e-01
1.311233523509738319e-01 0.000000000000000000e+00 1.666666666666666574e-01 3.883797163500133931e-01 3.333568488871719443e-02 6.159194502912682667e-01 1.333000000000000018e-01 5.093548387096774599e-01 8.163018855353454395e-01 3.162939297124600646e-01 0.000000000000000000e+00 2.873563218390804558e-03 1.026036476155298971e-01 8.409703988588020929e-01 9.999533284001954625e-01
2.131615187881172602e-01 0.000000000000000000e+00 1.666666666666666574e-01 3.055801415276662714e-01 4.026276534164760501e-02 6.059675995156843520e-01 2.167000000000000037e-01 5.570506912442396708e-01 8.167183023519222207e-01 3.130990415335463406e-01 2.590673575129533775e-03 2.873563218390804558e-03 1.695444313580642681e-01 8.409450201073732645e-01 9.999292398325543285e-01
2.131615187881172602e-01 0.000000000000000000e+00 1.666666666666666574e-01 3.254221478904646969e-01 1.573093826741506218e-01 6.048083863958507722e-01 2.167000000000000037e-01 6.052995391705069395e-01 8.164851089346392143e-01 4.153354632587859530e-01 0.000000000000000000e+00 2.873563218390804558e-03 6.416221226418380996e-02 8.409450201073732645e-01 9.999879557161794885e-01
1.803069053708439839e-01 0.000000000000000000e+00 1.666666666666666574e-01 3.300168985817500955e-01 3.011219121678507596e-02 6.097470418137362902e-01 2.000000000000000111e-01 6.767741935483870819e-01 8.165350789526284458e-01 4.376996805111821320e-01 2.590673575129533775e-03 2.873563218390804558e-03 3.010641782411440509e-02 8.409450201073732645e-01 9.999819335742692328e-01
1.967342120794806359e-01 0.000000000000000000e+00 1.666666666666666574e-01 4.342218000178396098e-01 3.709220348546610896e-02 8.978952793197858551e-01 1.832999999999999907e-01 7.017050691244239857e-01 8.166017056432807175e-01 4.536741214057508076e-01 0.000000000000000000e+00 0.000000000000000000e+00 7.477054310026412520e-02 8.409619392749925204e-01 9.999819335742692328e-01
1.803069053708439839e-01 0.000000000000000000e+00 2.500000000000000000e-01 3.746239482056313852e-01 3.586379003999221743e-02 8.081464149626123028e-01 1.832999999999999907e-01 7.055299539170506451e-01 8.167266306882536853e-01 4.536741214057508076e-01 2.590673575129533775e-03 0.000000000000000000e+00 3.708246510234091201e-03 8.409365605235636920e-01 1.000000000000000000e+00
1.639779657682470804e-01 0.000000000000000000e+00 3.333333333333333148e-01 4.129366990753129407e-01 7.162600336081604846e-01 5.860916105499336393e-01 1.666999999999999871e-01 7.066359447004608718e-01 8.167682723699113412e-01 5.623003194888178680e-01 2.590673575129533775e-03 5.747126436781609116e-03 7.430640249214236215e-02 8.409619392749925204e-01 9.999939778580897443e-01
1.803069053708439839e-01 1.000000000000000000e+00 3.333333333333333148e-01 4.269859423780215657e-01 4.006288381855601655e-01 5.566253379286344449e-01 1.832999999999999907e-01 7.062672811059907962e-01 8.351655673262708968e-01 5.623003194888178680e-01 2.590673575129533775e-03 2.873563218390804558e-03 7.470294304172386823e-02 8.409619392749925204e-01 9.999465534905463970e-01
1.639779657682470804e-01 0.000000000000000000e+00 3.333333333333333148e-01 4.613088335860613398e-01 2.613674745153586262e-02 3.743488150285837479e-01 1.666999999999999871e-01 7.041935483870968016e-01 8.352321940169231684e-01 5.015974440894568342e-01 0.000000000000000000e+00 2.873563218390804558e-03 1.726700629307761359e-01 8.409281009397540085e-01 9.999473062582850957e-01
1.967342120794806359e-01 0.000000000000000000e+00 3.333333333333333148e-01 3.784613816787084084e-01 8.211354727753753524e-01 5.739924068874381335e-01 2.000000000000000111e-01 7.057603686635944840e-01 8.355153574521952953e-01 4.824281150159744347e-01 2.590673575129533775e-03 2.873563218390804558e-03 1.446223108069495666e-01 8.409365605235636920e-01 9.999292398325543285e-01
2.131615187881172602e-01 1.000000000000000000e+00 3.333333333333333148e-01 3.808084544940980587e-01 3.955043761314496198e-01 5.352667924804412891e-01 2.167000000000000037e-01 7.088018433179723576e-01 8.354987007795322551e-01 5.335463258785942964e-01 2.590673575129533775e-03 0.000000000000000000e+00 2.055466893394010675e-01 8.409619392749925204e-01 9.999412841163748400e-01
2.459177650993507880e-01 0.000000000000000000e+00 3.333333333333333148e-01 3.006035738709006422e-01 6.402432719554959628e-02 5.461023100516240181e-01 2.500000000000000000e-01 7.098156682027649822e-01 8.355486707975214866e-01 4.920127795527156622e-01 2.590673575129533775e-03 2.873563218390804558e-03 1.621084249186360016e-01 8.409281009397540085e-01 9.998946125165703025e-01
2.623450718079874400e-01 0.000000000000000000e+00 3.333333333333333148e-01 4.024637261023399915e-01 7.934554907912913513e-02 5.493143484894835726e-01 2.666999999999999926e-01 7.126728110599078736e-01 8.556282896928509851e-01 5.367412140575079649e-01 2.590673575129533775e-03 5.747126436781609116e-03 2.185544737997505149e-01 8.409534796911829480e-01 9.998765460908395353e-01
2.131615187881172602e-01 0.000000000000000000e+00 3.333333333333333148e-01 3.569216587875003732e-01 4.192600261535536776e-02 5.520588511235813289e-01 2.167000000000000037e-01 7.108294930875576068e-01 8.557199013924978725e-01 4.888178913738019382e-01 2.590673575129533775e-03 5.747126436781609116e-03 1.363514087991581358e-01 8.409788584426117763e-01 9.999006346584805582e-01
2.131615187881172602e-01 0.000000000000000000e+00 3.333333333333333148e-01 3.964059539737757598e-01 4.392237661655356423e-02 3.674264932812270068e-01 2.333000000000000074e-01 7.116589861751152490e-01 8.561696315544007341e-01 5.271565495207667373e-01 0.000000000000000000e+00 5.747126436781609116e-03 1.201057906070764070e-01 8.409619392749925204e-01 9.998765460908395353e-01
2.459177650993507880e-01 0.000000000000000000e+00 3.333333333333333148e-01 3.485161255314720985e-01 3.023460951752860240e-02 5.452977209122208402e-01 2.333000000000000074e-01 7.146543778801843771e-01 8.562612432540476215e-01 5.271565495207667373e-01 2.590673575129533775e-03 5.747126436781609116e-03 1.102710274511990302e-01 8.409365605235636920e-01 9.998885903746600468e-01
2.623450718079874400e-01 0.000000000000000000e+00 3.333333333333333148e-01 3.152251880593464617e-01 3.722553416005813104e-02 3.315570382339911859e-01 2.666999999999999926e-01 7.146543778801843771e-01 9.337064428009860251e-01 5.463258785942491924e-01 2.590673575129533775e-03 5.747126436781609116e-03 1.017799025722867651e-01 8.409365605235636920e-01 9.999036457294356861e-01
1.967342120794806359e-01 0.000000000000000000e+00 2.500000000000000000e-01 3.280598326048821400e-01 4.110331076750598639e-02 6.834925561049666198e-01 1.832999999999999907e-01 7.148847926267281050e-01 9.340062629089213031e-01 3.514376996805111952e-01 0.000000000000000000e+00 5.747126436781609116e-03 2.767190973649915064e-01 8.409450201073732645e-01 9.998622435038025946e-01
2.786740114105842880e-01 0.000000000000000000e+00 2.500000000000000000e-01 2.855330583058305893e-01 7.110550546125934956e-02 9.028772294654118236e-01 2.500000000000000000e-01 8.235944700460829937e-01 9.340479045905789590e-01 4.568690095846645316e-01 0.000000000000000000e+00 5.747126436781609116e-03 1.574245074603982109e-01 8.409619392749925204e-01 9.998622435038025946e-01
3.114302577218178159e-01 0.000000000000000000e+00 3.333333333333333148e-01 3.092000416257842388e-01 4.195911477755463470e-01 9.172443678794564015e-01 3.332999999999999852e-01 8.280645161290323131e-01 9.344226797254980843e-01 6.613418530351438118e-01 0.000000000000000000e+00 5.747126436781609116e-03 1.089740819981740994e-01 8.409492498992781062e-01 9.998742877876231061e-01
3.442848711390910643e-01 0.000000000000000000e+00 4.166666666666666852e-01 3.139855201736389545e-01 4.756126952652629108e-02 6.675007815511967424e-01 3.332999999999999852e-01 8.299999999999999600e-01 9.346642014791125552e-01 7.028753993610223905e-01 2.590673575129533775e-03 5.747126436781609116e-03 1.520506512603577998e-01 8.409661690668973621e-01 9.998592324328474668e-01
2.623450718079874400e-01 0.000000000000000000e+00 4.166666666666666852e-01 3.189306261707252066e-01 2.661908592719937627e-01 6.262006027111954864e-01 2.666999999999999926e-01 8.295852534562212499e-01 9.349806782597108734e-01 6.773162939297124874e-01 2.590673575129533775e-03 5.747126436781609116e-03 6.794433100333818754e-02 8.408900328126106549e-01 9.998742877876231061e-01
2.459177650993507880e-01 0.000000000000000000e+00 2.500000000000000000e-01 3.538756578360538474e-01 4.360573680050451317e-01 9.195163648987605409e-01 2.500000000000000000e-01 8.321658986175115569e-01 9.354887067759344310e-01 6.677316293929712598e-01 5.181347150259067551e-03 5.747126436781609116e-03 3.356510164400554608e-01 8.409492498992781062e-01 9.998501992199820831e-01
1.967342120794806359e-01 0.000000000000000000e+00 3.333333333333333148e-01 3.939892858204739334e-01 6.790229119497367960e-02 6.867970461787231695e-01 2.000000000000000111e-01 7.168202764976958630e-01 9.353887667399560790e-01 4.952076677316293862e-01 5.181347150259067551e-03 4.310344827586207184e-02 3.422395829703605008e-01 8.409703988588020929e-01 9.602741881211744879e-01
2.951013181192209123e-01 0.000000000000000000e+00 3.333333333333333148e-01 3.207588781851158366e-01 6.323735097486234968e-01 7.337344488675129339e-01 2.999999999999999889e-01 7.175576036866359031e-01 9.354054234126191192e-01 6.453674121405750252e-01 5.181347150259067551e-03 6.034482758620689918e-02 3.560906258929131263e-01 8.409788584426117763e-01 9.342878930106268687e-01
3.606138107416879679e-01 0.000000000000000000e+00 4.166666666666666852e-01 2.831834656438616538e-01 7.729531143632593082e-01 6.829706782572583235e-01 3.499999999999999778e-01 7.204147465437787945e-01 9.359800786194949485e-01 5.591054313099041995e-01 5.181347150259067551e-03 1.839080459770114917e-01 3.706859663672286143e-01 8.409703988588020929e-01 6.476444768301853339e-01
3.770411174503245921e-01 1.000000000000000000e+00 4.166666666666666852e-01 6.641405762197841733e-01 2.005404240841630187e-02 5.830263274959034403e-01 4.166000000000000258e-01 7.238709677419354893e-01 9.360883469918048760e-01 5.303514376996805169e-01 5.181347150259067551e-03 2.183908045977011603e-01 4.150079099037570218e-01 8.409788584426117763e-01 7.427137728643791181e-01
4.097973637615581755e-01 0.000000000000000000e+00 4.166666666666666852e-01 2.746872922427377461e-01 5.311824021950962704e-01 6.084624721111354662e-01 4.333000000000000185e-01 7.243317972350230560e-01 9.367629422346591683e-01 5.047923322683706138e-01 2.590673575129533775e-03 1.954022988505747238e-01 4.036120732310737313e-01 8.409048370842775455e-01 7.669280527178302664e-01
3.770411174503245921e-01 0.000000000000000000e+00 4.166666666666666852e-01 3.136212276633068563e-01 6.381144477652926639e-02 6.230152768269898722e-01 3.665999999999999814e-01 7.220276497695852225e-01 9.370794190152574865e-01 4.920127795527156622e-01 2.590673575129533775e-03 1.867816091954022928e-01 4.294185698057718104e-01 8.408963775004679730e-01 7.163458245102681810e-01
3.606138107416879679e-01 0.000000000000000000e+00 4.166666666666666852e-01 3.031357193827490804e-01 6.041617427071816621e-02 7.623511627129780921e-01 3.665999999999999814e-01 7.326728110599077803e-01 9.388117129722166609e-01 4.696485623003194831e-01 2.590673575129533775e-03 1.609195402298850552e-01 3.540633210445254253e-01 8.408794583328487171e-01 7.380571516322639303e-01
4.426519771788314239e-01 0.000000000000000000e+00 5.000000000000000000e-01 2.706815731573157802e-01 4.090139976364173119e-02 5.212934873846907236e-01 4.500000000000000111e-01 7.247465437788018772e-01 9.383203411286561435e-01 4.664536741214057591e-01 2.590673575129533775e-03 1.580459770114942541e-01 3.943480775797785221e-01 8.409217562518968014e-01 7.115499412464779683e-01
3.606138107416879679e-01 0.000000000000000000e+00 5.000000000000000000e-01 2.843318110189397285e-01 3.871126759305181658e-02 2.900843286250014974e-01 3.665999999999999814e-01 7.244700460829492927e-01 9.384702511826237270e-01 4.249201277955271805e-01 2.590673575129533775e-03 1.522988505747126520e-01 3.766257117171111779e-01 8.409132966680871180e-01 6.647067103974538815e-01
4.262246704701947997e-01 0.000000000000000000e+00 4.166666666666666852e-01 2.775805131864538255e-01 7.411024852160051635e-02 7.632260748952501839e-01 4.333000000000000185e-01 7.313364055299539368e-01 9.385202212006129585e-01 5.271565495207667373e-01 5.181347150259067551e-03 1.666666666666666574e-01 4.383933487117658845e-01 8.408879179166582896e-01 6.960828225176919348e-01
4.097973637615581755e-01 0.000000000000000000e+00 4.166666666666666852e-01 2.644599054500044732e-01 8.122909950546796098e-01 7.588208403217627795e-01 4.166000000000000258e-01 7.279723502304147331e-01 9.388117129722166609e-01 4.376996805111821320e-01 2.590673575129533775e-03 1.781609195402298895e-01 5.938895122342168209e-01 8.408963775004679730e-01 6.977637528783956489e-01
2.786740114105842880e-01 1.000000000000000000e+00 4.166666666666666852e-01 3.789730324383789872e-01 3.849189319721125352e-02 7.719630438753219970e-01 2.500000000000000000e-01 7.316589861751151558e-01 9.385701912186021900e-01 2.268370607028754038e-01 2.590673575129533775e-03 3.908045977011494476e-01 7.039891003616951526e-01 8.408794583328487171e-01 4.606517011421744634e-01
3.442848711390910643e-01 0.000000000000000000e+00 4.166666666666666852e-01 3.227202449974727050e-01 4.786185857805818067e-01 6.000259541480623682e-01 3.332999999999999852e-01 7.423963133640553158e-01 9.387450862815643893e-01 1.725239616613418459e-01 2.590673575129533775e-03 4.942528735632183978e-01 6.632604135451003469e-01 8.408794583328487171e-01 3.410625015525834414e-01
2.951013181192209123e-01 0.000000000000000000e+00 4.166666666666666852e-01 3.923050203669015135e-01 6.428718756803227796e-01 4.586136583799196309e-01 3.165999999999999925e-01 7.384792626728110543e-01 9.483976280898127609e-01 1.853035143769967974e-01 5.181347150259067551e-03 4.856321839080459668e-01 8.403572349485333159e-01 8.408879179166582896e-01 3.227928285323061752e-01
3.278575644304544401e-01 1.000000000000000000e+00 4.166666666666666852e-01 5.698651621918948695e-01 3.447502297014905931e-02 6.199872160534901644e-01 3.332999999999999852e-01 7.562672811059907296e-01 9.488057165700579665e-01 1.757188498402555976e-01 2.590673575129533775e-03 6.178160919540229834e-01 8.181544487110690156e-01 8.408879179166582896e-01 1.323666791877033955e-01
3.442848711390910643e-01 0.000000000000000000e+00 2.500000000000000000e-01 3.747163009544197676e-01 2.082575106036648194e-01 7.611694481559041492e-01 3.499999999999999778e-01 7.442396313364055827e-01 9.493470584316077154e-01 1.150159744408945639e-01 2.590673575129533775e-03 5.344827586206896131e-01 9.986243039633148078e-01 8.409132966680871180e-01 4.263706583179706078e-01
2.459177650993507880e-01 0.000000000000000000e+00 3.333333333333333148e-01 6.936156453483186546e-01 3.741392136736957363e-01 6.948261776473578788e-01 2.666999999999999926e-01 7.526728110599077981e-01 9.496885202212006494e-01 2.555910543130990309e-02 5.181347150259067551e-03 5.689655172413793371e-01 9.996975420061188222e-01 8.409048370842775455e-01 3.301172586306703183e-01
3.115286248278575365e-01 0.000000000000000000e+00 2.500000000000000000e-01 4.026887759046174908e-01 1.691861834468668391e-01 9.166160892533724569e-01 3.166999999999999815e-01 7.610138248847926334e-01 9.484392697714704168e-01 3.194888178913737886e-02 2.590673575129533775e-03 6.695402298850574585e-01 9.990466301022363771e-01 8.409132966680871180e-01 4.448496007696297605e-01
2.459177650993507880e-01 0.000000000000000000e+00 3.333333333333333148e-01 4.106309279576606519e-01 1.530206169576369402e-01 9.035823508501162893e-01 2.333000000000000074e-01 7.424884792626728069e-01 9.484725831167966081e-01 2.875399361022364098e-02 0.000000000000000000e+00 6.063218390804597790e-01 9.991205023311566791e-01 8.408963775004679730e-01 2.766436495384404504e-01
3.278575644304544401e-01 0.000000000000000000e+00 3.333333333333333148e-01 8.077498290369576894e-01 8.175903040906631336e-01 9.016844719275299846e-01 3.332999999999999852e-01 7.460368663594469929e-01 9.485225531347858396e-01 2.875399361022364098e-02 5.181347150259067551e-03 5.919540229885057459e-01 9.999783958575799714e-01 8.409217562518968014e-01 3.491412049252087813e-01
2.786740114105842880e-01 1.000000000000000000e+00 4.166666666666666852e-01 4.080367496209080236e-01 3.874247041070427167e-01 9.193089052746871159e-01 2.832999999999999963e-01 7.712903225806451157e-01 9.482310613631821372e-01 2.875399361022364098e-02 1.554404145077720178e-02 6.293103448275861878e-01 9.998118348885992601e-01 7.911846906911796928e-01 2.663999861490736198e-01
5.081644698012983685e-01 0.000000000000000000e+00 5.000000000000000000e-01 5.417158832099425725e-01 6.330000073313901687e-01 5.928327878154042718e-01 5.500000000000000444e-01 7.684792626728110809e-01 9.489972683056832059e-01 3.194888178913737886e-02 2.046632124352331661e-01 5.028735632183908288e-01 9.991978590991769105e-01 3.498164799037299377e-01 3.918901320429890589e-01
4.426519771788314239e-01 0.000000000000000000e+00 5.000000000000000000e-01 3.277606532274848772e-01 5.756214287581604694e-01 6.696048202010774775e-01 4.500000000000000111e-01 7.672350230414746175e-01 9.489556266240255500e-01 3.194888178913737886e-02 2.538860103626943143e-01 5.316091954022988952e-01 9.987309308597751567e-01 3.695294250761098076e-01 1.824889663068687828e-01
4.426519771788314239e-01 0.000000000000000000e+00 5.000000000000000000e-01 6.139700636279843415e-01 1.058637033776207437e-01 7.418968360137386808e-01 4.833000000000000074e-01 7.678801843317972775e-01 9.490055966420147815e-01 3.194888178913737886e-02 2.409326424870466277e-01 5.258620689655172376e-01 9.998418019248593858e-01 3.235621615505571147e-01 2.354371435174276994e-01
4.589809167814283275e-01 0.000000000000000000e+00 5.833333333333333703e-01 3.402079594445930888e-01 7.215876645026880754e-02 6.930857928889953001e-01 4.666000000000000147e-01 7.602304147465437367e-01 9.501382503831035109e-01 4.153354632587859252e-02 2.927461139896372910e-01 5.804597701149425415e-01 9.995637357046783800e-01 3.019267759574398302e-01 2.285470604043416676e-01
4.754082234900649517e-01 0.000000000000000000e+00 5.833333333333333703e-01 2.888527145957839326e-01 7.657634207412339356e-01 7.059066560337374785e-01 5.000000000000000000e-01 7.618433179723502757e-01 9.496552068758744580e-01 3.194888178913737886e-02 2.746113989637305464e-01 4.511494252873562982e-01 9.993567540821375328e-01 3.865099246779806763e-01 2.045014005243780131e-01
5.573480228211685761e-01 1.000000000000000000e+00 5.833333333333333703e-01 3.015671929355097647e-01 4.285055304044148583e-01 6.027162411873167036e-01 5.332999999999999963e-01 7.737788018433179316e-01 9.508378306349523079e-01 4.153354632587859252e-02 3.316062176165803232e-01 5.000000000000000000e-01 9.993163334285773969e-01 2.748328439111616950e-01 2.709790723040940708e-01
5.737753295298052558e-01 0.000000000000000000e+00 5.833333333333333703e-01 3.256232182677727405e-01 8.645458919458641756e-01 6.963690207267211330e-01 5.833000000000000407e-01 7.646543778801843105e-01 9.508211739622892678e-01 3.514376996805111675e-02 2.746113989637305464e-01 5.287356321839080664e-01 1.000000000000000000e+00 3.277052427213212327e-01 2.418191084068348207e-01
4.262246704701947997e-01 1.000000000000000000e+00 5.833333333333333703e-01 3.307820384741176900e-01 4.220014347140421673e-01 4.667438963836280097e-01 4.333000000000000185e-01 7.653917050691244617e-01 9.525867812645746335e-01 4.792332268370606829e-02 2.512953367875647714e-01 5.086206896551723755e-01 9.981950087461931576e-01 3.377340793276322750e-01 2.581248103966257701e-01
3.770411174503245921e-01 0.000000000000000000e+00 5.000000000000000000e-01 3.684088737252103618e-01 2.661054008297942808e-01 7.852664591967339902e-01 3.832999999999999741e-01 7.640552995391705071e-01 9.527117063095476013e-01 5.111821086261980618e-02 2.616580310880828875e-01 4.022988505747126520e-01 9.986884194827549965e-01 1.797809602262092632e-01 4.605493247296999493e-01
4.589809167814283275e-01 0.000000000000000000e+00 5.833333333333333703e-01 3.364646270032408681e-01 8.108085448317898791e-01 5.557065059987696953e-01 4.500000000000000111e-01 7.740552995391705160e-01 9.573672463188753756e-01 6.070287539936101984e-02 3.367875647668393535e-01 4.051724137931034253e-01 9.982145221651531619e-01 6.410038142148501150e-02 3.954145905959737251e-01
3.606138107416879679e-01 1.000000000000000000e+00 5.833333333333333703e-01 3.896261246394909783e-01 7.626446560808922692e-01 5.668959921827460002e-01 3.665999999999999814e-01 7.760368663594470195e-01 9.574338730095276473e-01 7.348242811501597138e-02 4.766839378238341696e-01 3.936781609195402210e-01 9.965705166177669660e-01 4.737366933390294650e-04 3.798902615190401511e-01
6.065315758410387836e-01 1.000000000000000000e+00 5.833333333333333703e-01 5.513339131210418520e-01 5.219323825677120166e-01 8.792576996309379167e-01 6.166000000000000369e-01 9.552534562211981717e-01 9.974848424278766057e-01 5.399361022364217444e-01 5.595854922279792643e-01 5.747126436781609116e-03 4.168491403642040072e-01 6.603487674915113903e-01 9.907740785934685546e-01
5.573480228211685761e-01 1.000000000000000000e+00 5.833333333333333703e-01 3.852304552076829536e-01 4.528555569709496326e-02 7.119412624464999118e-01 5.665999999999999925e-01 9.462672811059907874e-01 9.974515290825504144e-01 6.677316293929712598e-01 3.989637305699481606e-01 5.747126436781609116e-03 1.691715856743628565e-01 9.838897800825443518e-01 9.907499900258274206e-01
6.393861892583120321e-01 0.000000000000000000e+00 5.833333333333333703e-01 6.747078375405107797e-01 3.052341135705449182e-01 9.200095395226501882e-01 6.500000000000000222e-01 9.472350230414746663e-01 9.973682457192351025e-01 6.996805111821086109e-01 3.367875647668393535e-01 5.747126436781609116e-03 1.723404255319148926e-01 9.161020775680388528e-01 9.908312889416160951e-01
8.360220342317529196e-01 0.000000000000000000e+00 6.666666666666666297e-01 3.807902253738887355e-01 8.147797093857463979e-01 9.290058288780576046e-01 8.498999999999999888e-01 9.460829493087558051e-01 9.978846025717902357e-01 9.616613418530350899e-01 4.119170984455958751e-01 5.747126436781609116e-03 1.109191517238014985e-01 1.000000000000000000e+00 9.908613996511674848e-01
7.869368483179225437e-01 1.000000000000000000e+00 7.500000000000000000e-01 3.706834924032943457e-01 4.358834785191601502e-01 8.877922835700818860e-01 8.000000000000000444e-01 9.747465437788018772e-01 9.979595575987740830e-01 9.872204472843449929e-01 4.922279792746113714e-01 8.620689655172413673e-03 2.695290993860242207e-02 7.069600168345717695e-01 9.908312889416160951e-01
8.361204013377926403e-01 0.000000000000000000e+00 8.333333333333333703e-01 3.873312877233669460e-01 8.751944640980693357e-01 9.220874819679334422e-01 8.832999999999999741e-01 9.564516129032257785e-01 9.980511692984209704e-01 1.000000000000000000e+00 6.036269430051813822e-01 8.620689655172413673e-03 1.180756981274086875e-01 8.698270966814110050e-01 9.908343000125712230e-01
7.705095416092858640e-01 1.000000000000000000e+00 9.166666666666666297e-01 4.295748609996134504e-01 6.698531551294852060e-02 7.771187480946875059e-01 7.665999999999999481e-01 9.768663594470046174e-01 9.981844226797255137e-01 9.073482428115016152e-01 7.564766839378238572e-01 5.747126436781609116e-03 2.300255765169940958e-01 2.636323549472174843e-01 9.908230084964895212e-01
8.524493409403895994e-01 0.000000000000000000e+00 1.000000000000000000e+00 3.940208649243302497e-01 3.433699697139654949e-01 7.927480833908943092e-01 8.832999999999999741e-01 9.593087557603686699e-01 9.985425411419814878e-01 9.233226837060702907e-01 7.305699481865285394e-01 5.747126436781609116e-03 1.992996076408973249e-01 3.953491323110631117e-01 9.908290306383997770e-01
6.885697422781821286e-01 0.000000000000000000e+00 1.000000000000000000e+00 4.451651086730294971e-01 8.603311306578798057e-01 6.670984775881331208e-01 6.999999999999999556e-01 9.511981566820276734e-01 9.979429009261110428e-01 9.137380191693290632e-01 8.108808290155440357e-01 1.063218390804597652e-01 2.130036030134294101e-01 3.152611949373620437e-01 9.092756793540650584e-01
7.705095416092858640e-01 1.000000000000000000e+00 1.000000000000000000e+00 4.300111988225849835e-01 4.431176430808587280e-02 5.142454036948707063e-01 7.500000000000000000e-01 9.882027649769584698e-01 9.985925111599707193e-01 8.785942492012779326e-01 6.761658031088082499e-01 1.867816091954022928e-01 2.092918719640953218e-01 4.960826839721552695e-01 8.546443134795860264e-01
7.705095416092858640e-01 0.000000000000000000e+00 1.000000000000000000e+00 3.992216364879731527e-01 8.457533286821790064e-01 6.437836727503398748e-01 7.832999999999999963e-01 9.611981566820276823e-01 9.985591978146445280e-01 7.763578274760383202e-01 5.388601036269430322e-01 1.724137931034482873e-01 2.270908976869629448e-01 3.509331449666004965e-01 8.536408740837875264e-01
7.705095416092858640e-01 1.000000000000000000e+00 1.000000000000000000e+00 5.198813665150298080e-01 5.886662103475240881e-01 1.000000000000000000e+00 8.333000000000000407e-01 9.725345622119815348e-01 9.996502098740756015e-01 8.849840255591053806e-01 6.968911917098445929e-01 1.954022988505747238e-01 1.638123645385424765e-01 3.676577421582301608e-01 8.490497436449465640e-01
6.721424355695455599e-01 1.000000000000000000e+00 1.000000000000000000e+00 4.175988627241102313e-01 5.350029113012065574e-02 3.369715685933409310e-01 6.500000000000000222e-01 9.447926267281105961e-01 9.993503897661403235e-01 8.019169329073482233e-01 5.647668393782383500e-01 1.925287356321838950e-01 4.403628102110933584e-01 3.762611388926193068e-01 8.011368298391109422e-01
7.869368483179225437e-01 0.000000000000000000e+00 9.166666666666666297e-01 7.049452591205066510e-01 9.652300888016176472e-01 7.513949375506212558e-01 7.665999999999999481e-01 9.795391705069124155e-01 9.994170164567925951e-01 5.591054313099041995e-01 4.818652849740932553e-01 1.925287356321838950e-01 2.531998522555421460e-01 2.803960777139666849e-01 8.001958701656315398e-01
8.032657879205193918e-01 1.000000000000000000e+00 1.000000000000000000e+00 4.471767564594297251e-01 5.377626560382181564e-01 7.885906637695003774e-01 7.999000000000000554e-01 9.770506912442395997e-01 9.996835232194016818e-01 7.795527156549520997e-01 7.487046632124352286e-01 1.982758620689655249e-01 2.743990912322027409e-01 3.897594623088530552e-01 8.542859960359250326e-01
4.918355301987015760e-01 1.000000000000000000e+00 1.000000000000000000e+00 5.760581720334195799e-01 4.164403647574035361e-01 4.165237752663561999e-01 5.165999999999999481e-01 9.685253456221197821e-01 9.994503298021186755e-01 6.485623003194888048e-01 6.088082901554404680e-01 1.695402298850574585e-01 3.910942149681861379e-01 1.333029493281504274e-01 8.331317170406291606e-01
6.065315758410387836e-01 0.000000000000000000e+00 1.000000000000000000e+00 9.258525064668629012e-01 1.000000000000000000e+00 7.175238248770359206e-01 6.332999999999999741e-01 1.000000000000000000e+00 9.999333733093477283e-01 3.386581469648562437e-01 4.430051813471502786e-01 1.724137931034482873e-01 5.834087155291969307e-01 1.946592532513881646e-01 8.819901071263769321e-01
7.540822349006491843e-01 1.000000000000000000e+00 1.000000000000000000e+00 4.848275949216543368e-01 5.913492963641788780e-01 4.302583834741901536e-01 7.665999999999999481e-01 9.888479262672811299e-01 1.000000000000000000e+00 6.581469648562300323e-01 1.000000000000000000e+00 1.752873563218390884e-01 4.290791756974304816e-01 1.848863190553182712e-01 8.660540140963286504e-01
