3.275624631123352781e-02 0.000000000000000000e+00 0.000000000000000000e+00 4.015773198941515743e-01 1.455956077867249718e-02 9.191077442610765535e-01 3.330000000000000321e-02 3.076497695852534742e-01 8.698864014924378996e-01 0.000000000000000000e+00 5.181347150259067551e-03 1.379310344827586188e-01 3.576886355241792326e-01 7.172458132991001989e-01 3.921483313773918011e-01
3.275624631123352781e-02 0.000000000000000000e+00 8.333333333333332871e-02 4.286266464484286276e-01 9.607938301977333659e-03 9.153089407989367654e-01 3.330000000000000321e-02 3.133640552995391459e-01 8.698197748017856279e-01 0.000000000000000000e+00 4.663212435233160535e-02 1.293103448275862155e-01 3.575757364573388108e-01 6.618302521061719679e-01 3.858822927197573804e-01
3.275624631123352781e-02 0.000000000000000000e+00 1.666666666666666574e-01 4.276677667766776714e-01 1.144355309069334213e-02 3.087849963003268527e-01 3.330000000000000321e-02 3.152995391705069039e-01 8.704110866813244973e-01 3.194888178913737886e-03 3.108808290155440357e-02 1.494252873563218509e-01 3.577130272978792935e-01 6.579272116260059811e-01 3.458553737454184707e-01
3.275624631123352781e-02 0.000000000000000000e+00 8.333333333333332871e-02 4.300166503136800267e-01 1.362099138015391772e-02 4.566733561445540102e-01 3.330000000000000321e-02 3.159907834101382540e-01 8.712522486508095243e-01 3.194888178913737886e-03 3.367875647668393951e-02 1.321839080459770166e-01 3.575234683708385930e-01 6.529635508257082277e-01 3.849142334076817162e-01
3.275624631123352781e-02 0.000000000000000000e+00 8.333333333333332871e-02 4.763625011149763555e-01 1.647195237036063950e-02 4.302983204363208802e-01 3.330000000000000321e-02 3.167741935483870952e-01 8.712106069691518684e-01 0.000000000000000000e+00 4.145077720207254041e-02 1.379310344827586188e-01 3.575164992926385676e-01 6.494813746400711629e-01 3.947988265856487988e-01
3.275624631123352781e-02 0.000000000000000000e+00 8.333333333333332871e-02 4.365429786221865505e-01 1.548249706574969346e-02 4.834646016043511185e-01 3.330000000000000321e-02 3.171889400921659163e-01 8.713521886867878763e-01 3.194888178913737886e-03 3.626943005181346852e-02 1.321839080459770166e-01 3.575311343568586264e-01 6.464983138992019818e-01 3.919669143523449861e-01
3.275624631123352781e-02 0.000000000000000000e+00 8.333333333333332871e-02 3.808164600243807985e-01 8.638808609253555149e-03 3.380699141729459622e-02 3.330000000000000321e-02 3.177419354838709742e-01 8.717186354853754260e-01 3.194888178913737886e-03 3.367875647668393951e-02 1.293103448275862155e-01 3.574036002257981459e-01 6.020061903004526593e-01 3.475491011576815059e-01
4.918355301987015898e-02 0.000000000000000000e+00 0.000000000000000000e+00 3.811187420093360423e-01 1.141388098311519293e-02 9.142561732565896992e-01 5.000000000000000278e-02 3.190322580645161277e-01 8.713938303684456432e-01 3.194888178913737886e-03 1.295336787564766758e-02 1.293103448275862155e-01 3.570948700615369509e-01 7.167995702531424485e-01 4.033209101564176335e-01
3.275624631123352781e-02 0.000000000000000000e+00 8.333333333333332871e-02 3.586804626408586771e-01 9.064362952197632661e-03 2.062230963591711597e-03 3.330000000000000321e-02 3.194930875576036944e-01 8.716686654673861945e-01 3.194888178913737886e-03 3.626943005181346852e-02 1.206896551724137984e-01 3.570140287544166791e-01 6.591866321656639771e-01 3.676540219251131503e-01
3.275624631123352781e-02 0.000000000000000000e+00 0.000000000000000000e+00 4.022611720631522614e-01 2.133891474601527782e-02 9.065063324507718345e-01 3.330000000000000321e-02 3.151612903225806672e-01 8.717019788127123858e-01 3.194888178913737886e-03 2.849740932642487110e-02 1.264367816091954144e-01 3.572300701786174648e-01 7.167974553571900831e-01 3.513520837740161107e-01
6.561085972850679016e-02 0.000000000000000000e+00 8.333333333333332871e-02 3.470896634258019975e-01 2.396632480962361186e-02 4.601823693329288867e-01 5.000000000000000278e-02 3.174193548387096997e-01 8.720184555933107040e-01 3.194888178913737886e-03 2.590673575129533515e-02 1.293103448275862155e-01 3.572300701786174648e-01 6.611725194649735737e-01 3.680620220395338649e-01
1.147944127483769422e-01 0.000000000000000000e+00 8.333333333333332871e-02 2.788247941010317255e-01 2.150196630143953042e-02 3.112815112889846803e-01 1.166999999999999982e-01 3.247004608294931094e-01 8.721850223199413277e-01 0.000000000000000000e+00 5.181347150259067551e-03 1.465517241379310220e-01 3.575081363987985261e-01 6.605581421907995576e-01 4.152266847130186012e-01
9.836710603974031797e-02 0.000000000000000000e+00 0.000000000000000000e+00 2.528047854785478998e-01 2.291092549847446175e-02 3.149192373806040668e-01 1.000000000000000056e-01 3.256682027649769329e-01 8.722433206742621348e-01 3.194888178913737886e-03 5.181347150259067551e-03 1.379310344827586188e-01 3.571541072262371941e-01 7.165341508111154889e-01 3.450913144905531360e-01
1.147944127483769422e-01 0.000000000000000000e+00 0.000000000000000000e+00 3.087613787054380721e-01 1.577129377124883783e-02 5.391126769177490008e-01 1.166999999999999982e-01 3.251152073732718750e-01 8.724182157372243340e-01 3.194888178913737886e-03 7.772020725388600892e-03 1.235632183908045995e-01 3.574586559435783406e-01 7.159980246871804344e-01 4.037138549160626533e-01
8.193979933110367986e-02 0.000000000000000000e+00 0.000000000000000000e+00 2.762197841405762411e-01 2.208392620218524102e-02 9.239358477571760764e-01 8.329999999999999905e-02 3.255760368663594417e-01 8.727680058631487325e-01 3.194888178913737886e-03 5.181347150259067551e-03 1.379310344827586188e-01 3.573610888487779857e-01 7.163427527274226492e-01 3.654326043279628178e-01
9.836710603974031797e-02 0.000000000000000000e+00 8.333333333333332871e-02 3.020743510837570200e-01 1.706499150082408170e-02 1.486110063520435561e-03 1.000000000000000056e-01 3.273271889400921619e-01 8.731511093343993224e-01 6.389776357827475772e-03 3.367875647668393951e-02 1.494252873563218509e-01 3.573011547762577345e-01 6.624932719872513864e-01 3.635823012260328002e-01
8.193979933110367986e-02 0.000000000000000000e+00 0.000000000000000000e+00 3.078583534029079027e-01 2.316987553948609418e-02 8.813211943629934986e-01 8.329999999999999905e-02 3.305069124423963278e-01 8.731261243254047066e-01 3.194888178913737886e-03 1.036269430051813510e-02 1.293103448275862155e-01 3.571199587430570754e-01 7.163596718950419051e-01 3.413771584673949699e-01
9.836710603974031797e-02 0.000000000000000000e+00 8.333333333333332871e-02 3.315493711533315513e-01 1.405703710675331591e-02 4.512215774922868627e-01 1.000000000000000056e-01 3.244700460829493260e-01 8.735175561329868721e-01 3.194888178913737886e-03 3.108808290155440357e-02 1.494252873563218509e-01 3.570760535503968991e-01 6.608045275692548959e-01 3.565499450103166712e-01
9.836710603974031797e-02 0.000000000000000000e+00 8.333333333333332871e-02 2.537636651502988561e-01 2.348465298733306075e-02 4.383037856908347241e-01 1.000000000000000056e-01 3.249769585253456383e-01 8.738340329135851903e-01 9.584664536741213658e-03 7.772020725388600892e-03 1.465517241379310220e-01 3.563624199427141703e-01 6.599606840842447975e-01 3.501092642372844455e-01
1.147944127483769422e-01 0.000000000000000000e+00 8.333333333333332871e-02 2.814603856331578946e-01 2.433707085004142498e-02 4.519325516640452789e-01 1.166999999999999982e-01 3.257603686635944795e-01 8.734426011060030248e-01 3.194888178913737886e-03 7.772020725388600892e-03 1.637931034482758563e-01 3.570767504582169072e-01 6.578447306838621778e-01 3.742429979426857845e-01
9.836710603974031797e-02 0.000000000000000000e+00 8.333333333333332871e-02 2.896312148782445584e-01 2.548111169997256675e-02 4.471887781585976440e-01 1.000000000000000056e-01 3.259907834101382629e-01 8.740922113398627014e-01 6.389776357827475772e-03 7.772020725388600892e-03 1.494252873563218509e-01 3.570913855224369660e-01 6.584104653511309024e-01 3.819611255684337570e-01
1.147944127483769422e-01 0.000000000000000000e+00 8.333333333333332871e-02 2.589867094817590032e-01 2.397036785568603875e-02 4.586960107066002101e-01 1.166999999999999982e-01 3.274193548387096531e-01 8.741171963488573171e-01 9.584664536741213658e-03 1.036269430051813510e-02 1.465517241379310220e-01 3.570209978326167044e-01 6.578045476607664588e-01 3.894579394789793314e-01
8.193979933110367986e-02 0.000000000000000000e+00 8.333333333333332871e-02 2.671661760770671634e-01 2.738884441909010814e-01 4.572328500714279986e-01 8.329999999999999905e-02 3.281105990783410031e-01 8.740588979945366210e-01 3.194888178913737886e-03 7.772020725388600892e-03 1.379310344827586188e-01 3.570426019750367885e-01 6.585098654608939617e-01 4.138498725187834126e-01
1.147944127483769422e-01 0.000000000000000000e+00 8.333333333333332871e-02 2.886004816697885778e-01 2.850103351038811572e-02 6.351188426222564853e-01 1.000000000000000056e-01 3.317511520737327357e-01 8.745669265107601786e-01 6.389776357827475772e-03 1.036269430051813510e-02 1.465517241379310220e-01 3.569506101427963873e-01 6.566466421268239984e-01 3.410075495076522745e-01
1.147944127483769422e-01 0.000000000000000000e+00 8.333333333333332871e-02 3.371157583325899987e-01 2.424609409919403769e-01 9.035314373832773471e-01 1.166999999999999982e-01 3.344700460829493349e-01 8.750749550269838473e-01 1.277955271565495154e-02 1.269430051813471572e-01 1.350574712643678177e-01 3.567979873302158378e-01 5.553040004314387934e-01 3.676713355831051633e-01
1.311233523509738319e-01 0.000000000000000000e+00 1.666666666666666574e-01 3.313375256444563433e-01 2.396132426757307046e-02 6.170322970540073060e-01 1.333000000000000018e-01 3.351612903225806295e-01 8.755246851888867088e-01 1.916932907348242732e-02 1.243523316062176143e-01 1.609195402298850552e-01 3.566885728024754010e-01 4.792671462545721184e-01 3.367732309769946863e-01
1.147944127483769422e-01 0.000000000000000000e+00 1.666666666666666574e-01 3.886765126512651269e-01 2.550512354306332385e-01 6.096948363983476504e-01 1.166999999999999982e-01 3.364055299539170374e-01 8.757495502698381395e-01 3.194888178913737886e-03 5.181347150259067030e-02 2.385057471264367679e-01 3.565770675512749954e-01 4.960276966773927154e-01 2.317561092747760232e-01
1.311233523509738319e-01 0.000000000000000000e+00 1.666666666666666574e-01 3.344817589867094543e-01 2.300535051838575873e-02 7.276433240410994374e-01 1.333000000000000018e-01 3.365437788018433296e-01 8.753081484442667426e-01 9.584664536741213658e-03 4.663212435233160535e-02 2.471264367816091989e-01 3.567708079252357445e-01 5.162905147973982922e-01 2.541268609359462194e-01
1.311233523509738319e-01 0.000000000000000000e+00 2.500000000000000000e-01 3.522526239110397306e-01 9.678126351725067911e-02 5.991563622214789442e-01 1.333000000000000018e-01 3.382027649769585032e-01 8.776234259444333219e-01 9.584664536741213658e-03 7.772020725388600892e-02 2.212643678160919614e-01 3.558878257172923831e-01 5.003452567642303617e-01 2.067167959796180621e-01
1.147944127483769422e-01 0.000000000000000000e+00 2.500000000000000000e-01 3.547854785478548045e-01 3.766745834728162101e-02 2.295665993628189516e-01 1.166999999999999982e-01 3.231336405529953715e-01 8.776317542807648975e-01 6.389776357827475772e-03 5.958549222797927120e-02 1.982758620689655249e-01 3.564836819033946336e-01 5.277701700270600593e-01 1.986215317167395189e-01
1.475506590596104561e-01 0.000000000000000000e+00 1.666666666666666574e-01 3.146859735973597805e-01 3.506514083939406973e-02 6.128902615917697361e-01 1.499999999999999944e-01 3.232718894009216637e-01 8.776400826170963620e-01 3.194888178913737886e-03 6.476683937823833614e-02 2.068965517241379282e-01 3.565087705849147581e-01 5.925663522168868047e-01 2.296031935418550163e-01
1.311233523509738319e-01 0.000000000000000000e+00 1.666666666666666574e-01 3.344950331519638276e-01 2.902293299924646811e-02 6.243090838172077328e-01 1.166999999999999982e-01 3.242396313364055427e-01 8.779149177160370243e-01 6.389776357827475772e-03 7.253886010362693704e-02 2.212643678160919614e-01 3.565477974228348779e-01 5.900676026491186166e-01 2.260358272277596670e-01
1.639779657682470804e-01 0.000000000000000000e+00 1.666666666666666574e-01 3.105238902268605550e-01 1.437716472387222111e-01 8.935404459136285782e-01 1.666999999999999871e-01 3.237327188940092304e-01 8.780814844426677590e-01 3.194888178913737886e-03 2.590673575129533515e-02 2.873563218390804419e-01 3.564167787526743569e-01 5.769615924320563582e-01 2.007624031658400143e-01
1.639779657682470804e-01 0.000000000000000000e+00 2.500000000000000000e-01 3.098905836529598501e-01 1.760131760483851782e-01 4.659544963104793047e-01 1.666999999999999871e-01 3.446082949308755805e-01 8.777316943167432495e-01 6.389776357827475772e-03 1.321243523316062152e-01 2.787356321839080664e-01 3.562704281104738246e-01 2.656097826627174530e-01 1.995662552289129144e-01
9.836710603974031797e-02 0.000000000000000000e+00 2.500000000000000000e-01 2.826886287277375898e-01 4.520282599011091890e-02 6.987773190405835999e-01 1.000000000000000056e-01 3.659907834101382429e-01 8.783313345326138055e-01 3.194888178913737886e-03 1.398963730569948161e-01 1.350574712643678177e-01 3.561010795102131921e-01 2.984149912284690398e-01 1.777548099976588858e-01
1.639779657682470804e-01 0.000000000000000000e+00 2.500000000000000000e-01 4.613772188029613974e-01 4.217197203984390241e-01 6.806485011759126902e-01 1.499999999999999944e-01 3.682949308755760209e-01 8.778899327070424086e-01 3.194888178913737886e-03 2.227979274611398830e-01 1.494252873563218509e-01 3.564530179593144998e-01 3.845557608179571707e-01 2.112469522316176018e-01
1.475506590596104561e-01 0.000000000000000000e+00 2.500000000000000000e-01 5.705780037463206167e-01 4.764375023321316266e-02 4.613914351922685508e-01 1.666999999999999871e-01 3.673271889400921419e-01 8.781730961423146464e-01 3.194888178913737886e-03 1.632124352331606187e-01 1.350574712643678177e-01 3.559707577478726792e-01 3.490720365284828985e-01 2.600624345562547179e-01
1.475506590596104561e-01 0.000000000000000000e+00 2.500000000000000000e-01 3.614736850712098604e-01 3.245425977489427988e-02 4.628847976537717734e-01 1.499999999999999944e-01 3.681105990783410387e-01 8.779482310613632157e-01 3.194888178913737886e-03 1.191709844559585424e-01 1.522988505747126520e-01 3.559958464293928038e-01 3.257976065722506531e-01 2.574111865802589660e-01
1.803069053708439839e-01 0.000000000000000000e+00 2.500000000000000000e-01 2.933752832039960290e-01 3.604233095410896287e-02 4.542996962141227502e-01 1.832999999999999907e-01 3.697695852534562122e-01 8.785062295955760048e-01 3.194888178913737886e-03 1.424870466321243589e-01 1.551724137931034531e-01 3.563129394874939848e-01 2.921073140504170107e-01 2.836458950446052452e-01
1.967342120794806359e-01 0.000000000000000000e+00 2.500000000000000000e-01 3.237717910980286717e-01 3.231275701322941507e-01 4.564373414227541059e-01 2.000000000000000111e-01 3.652995391705068928e-01 8.805799853421280021e-01 6.389776357827475772e-03 1.295336787564766723e-01 1.408045977011494199e-01 3.559839989964527218e-01 3.182199343747785791e-01 2.641175943650818092e-01
1.967342120794806359e-01 0.000000000000000000e+00 2.500000000000000000e-01 3.342793744239288545e-01 3.396981163522837938e-02 6.142919838593341453e-01 1.832999999999999907e-01 3.657142857142857140e-01 8.805716570057965376e-01 0.000000000000000000e+00 1.373056994818652732e-01 1.695402298850574585e-01 3.552132189475298296e-01 3.282233922296607931e-01 2.650992034964556043e-01
2.131615187881172602e-01 0.000000000000000000e+00 2.500000000000000000e-01 3.071857074896678919e-01 3.205005014814645004e-02 6.745247929446336332e-01 2.167000000000000037e-01 3.667741935483870841e-01 8.803467919248451068e-01 3.194888178913737886e-03 1.943005181347150223e-01 2.097701149425287293e-01 3.556062749580112814e-01 3.317711301898224607e-01 2.471110656104833492e-01
2.459177650993507880e-01 0.000000000000000000e+00 2.500000000000000000e-01 2.773901911812802767e-01 1.293935152642110564e-01 9.214428039770375944e-01 2.333000000000000074e-01 3.681566820276497842e-01 8.803717769338397225e-01 3.194888178913737886e-03 1.735751295336787625e-01 2.442528735632183978e-01 3.559951495215727957e-01 3.194338846514598873e-01 1.899142672822299316e-01
2.294904583907141637e-01 0.000000000000000000e+00 3.333333333333333148e-01 2.938146061903487705e-01 3.706970874727878035e-02 7.410984811763974278e-01 2.500000000000000000e-01 3.689861751152073710e-01 8.812212672396562141e-01 6.389776357827475772e-03 1.554404145077720178e-01 3.304597701149425415e-01 3.560592650410130400e-01 2.771179889877367630e-01 2.188205484515191313e-01
2.294904583907141637e-01 0.000000000000000000e+00 4.166666666666666852e-01 2.742979083043439736e-01 7.425605796160121841e-01 4.512928882832920041e-01 2.167000000000000037e-01 3.729032258064516325e-01 8.804883736424812257e-01 3.194888178913737886e-03 2.564766839378238572e-01 2.155172413793103314e-01 3.558850380860123508e-01 1.857428519160428670e-01 8.876561898962008479e-02
2.294904583907141637e-01 1.000000000000000000e+00 3.333333333333333148e-01 3.496364121547289594e-01 4.819445289562291346e-01 5.583240566237032132e-01 2.333000000000000074e-01 3.710599078341013657e-01 8.805133586514757305e-01 3.194888178913737886e-03 1.994818652849740803e-01 2.068965517241379282e-01 3.546591772306277313e-01 2.084113641819106688e-01 7.901200739820134211e-02
1.639779657682470804e-01 1.000000000000000000e+00 3.333333333333333148e-01 3.963161180982963105e-01 4.064332353398225628e-01 1.918025812497609617e-01 1.666999999999999871e-01 3.708755760368663834e-01 8.807798654140849282e-01 3.194888178913737886e-03 8.031088082901553793e-02 2.068965517241379282e-01 3.564132942135743720e-01 4.821328302700828017e-01 1.449379004253890380e-01
1.967342120794806359e-01 0.000000000000000000e+00 1.666666666666666574e-01 4.317968959058067768e-01 3.612184932736343251e-02 6.788733523075825005e-01 2.000000000000000111e-01 3.747926267281105894e-01 8.805550003331334974e-01 6.389776357827475772e-03 8.031088082901553793e-02 2.557471264367816022e-01 3.566293356377752133e-01 4.712104501238800203e-01 6.821581248856734003e-02
2.786740114105842880e-01 0.000000000000000000e+00 1.666666666666666574e-01 3.079276677667766582e-01 4.375279201209510832e-02 9.039972036221632923e-01 2.666999999999999926e-01 3.737788018433179649e-01 8.788393630488373631e-01 6.389776357827475772e-03 1.373056994818652732e-01 2.557471264367816022e-01 3.563199085656940102e-01 5.120110228377039441e-01 2.395306944809327820e-01
2.131615187881172602e-01 0.000000000000000000e+00 2.500000000000000000e-01 3.368715249903368458e-01 3.592251560492563250e-02 7.406196502161876971e-01 2.167000000000000037e-01 3.729032258064516325e-01 8.788393630488373631e-01 9.584664536741213658e-03 1.683937823834196768e-01 3.103448275862069061e-01 3.562801848199538823e-01 3.663221853642855130e-01 1.719268821639964862e-01
1.803069053708439839e-01 0.000000000000000000e+00 3.333333333333333148e-01 2.976144456337525557e-01 3.177556864942300274e-01 5.181578487723079718e-01 2.000000000000000111e-01 3.730875576036866148e-01 8.786144979678859324e-01 3.194888178913737886e-03 1.891191709844559643e-01 2.787356321839080664e-01 3.557930462537720051e-01 2.164363368733166759e-01 2.229562544083960596e-01
2.459177650993507880e-01 0.000000000000000000e+00 3.333333333333333148e-01 4.487864805399459089e-01 9.914655584534513844e-02 7.304196080314664385e-01 2.333000000000000074e-01 3.758064516129032140e-01 8.790309147844626025e-01 9.584664536741213658e-03 2.564766839378238572e-01 2.212643678160919614e-01 3.559059453206124268e-01 1.571431139516513698e-01 4.260281489968240631e-01
2.623450718079874400e-01 0.000000000000000000e+00 4.166666666666666852e-01 3.456854131359081705e-01 2.848188205041773946e-01 1.859483049866610671e-01 2.666999999999999926e-01 3.745622119815668061e-01 8.787977213671797072e-01 6.389776357827475772e-03 2.720207253886010590e-01 1.695402298850574585e-01 3.555233429274309853e-01 1.378182521865380650e-01 4.081032436009096598e-01
2.622467047019476638e-01 0.000000000000000000e+00 3.333333333333333148e-01 3.545642315582909765e-01 1.828860617149854761e-01 5.362757175897902018e-01 2.832999999999999963e-01 4.251152073732719083e-01 8.788143780398427474e-01 9.584664536741213658e-03 2.590673575129533446e-01 1.465517241379310220e-01 3.559310340021325514e-01 3.571615135464373259e-01 4.339608154281253682e-01
3.442848711390910643e-01 0.000000000000000000e+00 3.333333333333333148e-01 2.672650373145422642e-01 3.687638440314710414e-02 5.257202566017051826e-01 3.332999999999999852e-01 4.741474654377880182e-01 8.790142581117995624e-01 3.194888178913737886e-03 2.487046632124352286e-01 1.666666666666666574e-01 3.555839739077712447e-01 2.253897488878290889e-01 4.215589669316660015e-01
3.115286248278575365e-01 0.000000000000000000e+00 3.333333333333333148e-01 2.817064073974965277e-01 7.347508726870002893e-02 2.389374844312703305e-01 3.166999999999999815e-01 5.256682027649769440e-01 8.808798054500632801e-01 6.389776357827475772e-03 2.590673575129533446e-01 1.551724137931034531e-01 3.556000027876312641e-01 2.244993776918660089e-01 4.348776865339637476e-01
3.278575644304544401e-01 0.000000000000000000e+00 2.500000000000000000e-01 2.704330568191954387e-01 2.418845874484012171e-01 7.242196054693906815e-01 3.332999999999999852e-01 5.933640552995391726e-01 8.812795655939769102e-01 1.597444089456868943e-02 2.797927461139896321e-01 1.580459770114942541e-01 3.553086953188701602e-01 2.705131689283716279e-01 5.012439486883398798e-01
3.278575644304544401e-01 0.000000000000000000e+00 3.333333333333333148e-01 2.906966372312906888e-01 3.623266472766113050e-02 5.925829807480135214e-01 3.332999999999999852e-01 7.165437788018432785e-01 8.810380438403624392e-01 9.584664536741213658e-03 2.668393782383419732e-01 3.045977011494253039e-01 3.557059327762716605e-01 2.990526323581195745e-01 3.757936994845799128e-01
4.097973637615581755e-01 0.000000000000000000e+00 3.333333333333333148e-01 2.601254720066600856e-01 2.303191833669197830e-01 7.443255359871649990e-01 4.166000000000000258e-01 7.600921658986175000e-01 8.814461323206076448e-01 1.277955271565495154e-02 2.797927461139896321e-01 3.563218390804597790e-01 3.550187816657490725e-01 3.141836554496110212e-01 4.050507704201422587e-01
3.934684241589612719e-01 0.000000000000000000e+00 4.166666666666666852e-01 2.830364121547289669e-01 4.437421717643684482e-02 4.380089114405621986e-01 3.665999999999999814e-01 7.682488479262672421e-01 8.811962822306615983e-01 9.584664536741213658e-03 3.031088082901554626e-01 3.505747126436781769e-01 3.557791080973719544e-01 1.897939351128772878e-01 3.415676087053072241e-01
3.114302577218178159e-01 0.000000000000000000e+00 4.166666666666666852e-01 2.922317842595070769e-01 5.624125303028227468e-02 6.818772237289579818e-01 3.165999999999999925e-01 7.682488479262672421e-01 8.854437337597441671e-01 1.277955271565495154e-02 2.927461139896372910e-01 2.931034482758620441e-01 3.554550459610707480e-01 1.162336240962785205e-01 3.356305295495212171e-01
4.097973637615581755e-01 0.000000000000000000e+00 4.166666666666666852e-01 2.572538875509172152e-01 5.149622635685703609e-02 6.420650047222128398e-01 4.166000000000000258e-01 7.682949308755759876e-01 8.855270171230594789e-01 9.584664536741213658e-03 2.720207253886010590e-01 2.988505747126437018e-01 3.550536270567491992e-01 6.139119970645243868e-02 2.885290993660942771e-01
3.606138107416879679e-01 0.000000000000000000e+00 4.166666666666666852e-01 2.605267282133618689e-01 4.720985052979356084e-02 7.710182833762420085e-01 3.665999999999999814e-01 7.700460829493087633e-01 8.856352854953694065e-01 9.584664536741213658e-03 3.031088082901554626e-01 3.304597701149425415e-01 3.545351276386672357e-01 1.058219913225819098e-01 2.424220753656004812e-01
3.606138107416879679e-01 0.000000000000000000e+00 4.166666666666666852e-01 2.697107543186751388e-01 4.568098921852329353e-01 4.639414352612374892e-01 3.665999999999999814e-01 7.680184331797235142e-01 8.857185688586848293e-01 4.792332268370606829e-02 2.797927461139896321e-01 2.931034482758620441e-01 3.183119498783895662e-01 3.425126867320945068e-01 2.782455392865719190e-01
3.606138107416879679e-01 0.000000000000000000e+00 4.166666666666666852e-01 2.393333927987393306e-01 4.163220280079230062e-02 3.822740161730325270e-01 3.499999999999999778e-01 7.710599078341013879e-01 8.906239589579585392e-01 1.597444089456868943e-02 1.580310880829015607e-01 2.729885057471264642e-01 3.178338711138677941e-01 3.500142226752799290e-01 3.413071510676881082e-01
4.097973637615581755e-01 0.000000000000000000e+00 4.166666666666666852e-01 2.634632652454434454e-01 3.443616300830638077e-01 5.953179252750557815e-01 4.166000000000000258e-01 8.019815668202765480e-01 8.907655406755946581e-01 1.277955271565495154e-02 1.735751295336787625e-01 4.252873563218390607e-01 3.163187935131819839e-01 3.552591646372477707e-01 3.251512498579151034e-01
4.754082234900649517e-01 0.000000000000000000e+00 4.166666666666666852e-01 2.407969598311182347e-01 2.393439809419998510e-01 5.976234905570964040e-01 4.833000000000000074e-01 8.000921658986175355e-01 8.908321673662469298e-01 1.277955271565495154e-02 1.528497409326424750e-01 4.051724137931034253e-01 3.156030691820392864e-01 3.475651731623933260e-01 3.013532505640112436e-01
4.262246704701947997e-01 0.000000000000000000e+00 3.333333333333333148e-01 3.826742039068771750e-01 4.832783414037837288e-01 5.581554898534527576e-01 4.500000000000000111e-01 8.062672811059907740e-01 8.909487640748884330e-01 1.277955271565495154e-02 1.502590673575129598e-01 4.080459770114942541e-01 3.160804510387411059e-01 3.465373337295238332e-01 3.664699182720065895e-01
3.770411174503245921e-01 0.000000000000000000e+00 3.333333333333333148e-01 2.238898388487497448e-01 7.053570036883463623e-02 6.826422733176971125e-01 3.832999999999999741e-01 8.047465437788018372e-01 8.910903457925244409e-01 1.597444089456868943e-02 1.424870466321243589e-01 2.902298850574712707e-01 3.160463025555609873e-01 3.748938586593886235e-01 3.514770432186541949e-01
3.442848711390910643e-01 0.000000000000000000e+00 2.500000000000000000e-01 2.405140947878571522e-01 1.907286828894655673e-01 4.698053137079373776e-01 3.166999999999999815e-01 8.028110599078340792e-01 8.913984942367912945e-01 1.086261980830670881e-01 1.062176165803108835e-01 2.902298850574712707e-01 1.767846067000717891e-01 5.299622596817292752e-01 4.024808213599351259e-01
2.786740114105842880e-01 0.000000000000000000e+00 2.500000000000000000e-01 2.942068444682306438e-01 6.941375893703138900e-02 6.911146276791315657e-01 2.832999999999999963e-01 8.165437788018433674e-01 8.916400159904057654e-01 1.693290734824281218e-01 5.440414507772020625e-02 2.931034482758620441e-01 1.753364322501062833e-01 5.803010131409059857e-01 3.773150430846615166e-01
4.262246704701947997e-01 0.000000000000000000e+00 2.500000000000000000e-01 5.890791781880890809e-01 3.366059716206197816e-01 8.876913995854294193e-01 4.666000000000000147e-01 8.096774193548387233e-01 8.917899260443733489e-01 1.597444089456868943e-01 1.424870466321243589e-01 3.103448275862069061e-01 2.086535044009728834e-01 5.365501605734751545e-01 4.242373145462579598e-01
4.097973637615581755e-01 0.000000000000000000e+00 3.333333333333333148e-01 2.561887387387387638e-01 6.299642573165169235e-02 9.272321460967559714e-01 4.000000000000000222e-01 8.114285714285713880e-01 8.916400159904057654e-01 1.150159744408945639e-01 1.424870466321243589e-01 4.109195402298850830e-01 2.062429002515837329e-01 4.185992409638426559e-01 2.195273973582368976e-01
4.262246704701947997e-01 0.000000000000000000e+00 4.166666666666666852e-01 5.926603767133470368e-01 2.551752401456411912e-01 7.754613392377250891e-01 4.666000000000000147e-01 8.363133640552995463e-01 8.919398360983410434e-01 1.853035143769967974e-01 1.813471502590673634e-01 4.540229885057471271e-01 1.895101434933201268e-01 3.231412972560282482e-01 2.302234741586126898e-01
4.097973637615581755e-01 0.000000000000000000e+00 5.000000000000000000e-01 3.133826896203134038e-01 2.334049131321647708e-01 5.589421290007577925e-01 4.166000000000000258e-01 8.465898617511520285e-01 8.915567326270904536e-01 2.044728434504792247e-01 1.658031088082901616e-01 4.540229885057471271e-01 1.543413872647065033e-01 2.125227219133886680e-01 2.726118255295156279e-01
3.606138107416879679e-01 0.000000000000000000e+00 4.166666666666666852e-01 2.854420583950286749e-01 5.911171562108344379e-02 7.590847388771939652e-01 3.665999999999999814e-01 8.383410138248847954e-01 8.920814178159770513e-01 1.757188498402555976e-01 1.243523316062176143e-01 4.568965517241379559e-01 2.489751970506861034e-01 3.383970992087116936e-01 2.697987324896814476e-01
4.097973637615581755e-01 0.000000000000000000e+00 5.000000000000000000e-01 2.772128564207771984e-01 2.116000161495945331e-01 6.689276621322974847e-01 4.000000000000000222e-01 8.492626728110599377e-01 8.920897461523086269e-01 1.182108626198083018e-01 7.772020725388600892e-02 4.942528735632183978e-01 2.816155717083301258e-01 4.393188766095679765e-01 1.824008924814310983e-01
4.426519771788314239e-01 0.000000000000000000e+00 5.000000000000000000e-01 2.528812133916094607e-01 5.607236922047463545e-02 6.642737997196256350e-01 4.333000000000000185e-01 8.690322580645161166e-01 8.923479245785861380e-01 1.597444089456868943e-02 1.968911917098445652e-01 4.482758620689655249e-01 2.813172951613689965e-01 2.070155328533224426e-01 1.540456372969314924e-01
4.918355301987015760e-01 0.000000000000000000e+00 5.000000000000000000e-01 4.071663485267445481e-01 6.129035527280256995e-02 5.532203468303659166e-01 5.165999999999999481e-01 8.549308755760368639e-01 8.919065227530148521e-01 1.597444089456868943e-02 1.994818652849740803e-01 4.856321839080459668e-01 2.794412193099218844e-01 1.835169239261351393e-01 2.307323451500303824e-01
4.589809167814283275e-01 0.000000000000000000e+00 5.000000000000000000e-01 3.929672241548479161e-01 1.307385635292991899e-01 6.866875470360406242e-01 5.000000000000000000e-01 8.566359447004607830e-01 8.919398360983410434e-01 1.054313099041533502e-01 1.968911917098445652e-01 4.425287356321839227e-01 2.781979357590371738e-01 3.454005771551054149e-01 1.363134404421456614e-01
5.573480228211685761e-01 0.000000000000000000e+00 5.000000000000000000e-01 2.667573068117622404e-01 8.113108400395190045e-02 6.482464127630481743e-01 5.500000000000000444e-01 8.564516129032258007e-01 8.922229995336131703e-01 1.916932907348242732e-02 2.202072538860103679e-01 4.885057471264367956e-01 2.777498240307754718e-01 2.885595760902552875e-01 1.718516053901181229e-01
5.737753295298052558e-01 0.000000000000000000e+00 5.000000000000000000e-01 2.462090803674961970e-01 6.418286594146417612e-02 5.960010958180427254e-01 5.665999999999999925e-01 8.508294930875576201e-01 8.930558331667666216e-01 1.597444089456868943e-02 2.461139896373056857e-01 4.396551724137930939e-01 2.779519272985762068e-01 1.559873233136612747e-01 1.516789355261959349e-01
6.065315758410387836e-01 0.000000000000000000e+00 5.000000000000000000e-01 2.478786548925162869e-01 5.042486766686680166e-01 4.598988950112180563e-01 5.999999999999999778e-01 8.670046082949308675e-01 8.931058031847558532e-01 2.236421725239616520e-02 2.746113989637305464e-01 4.425287356321839227e-01 2.778508756646758115e-01 2.963244165795153040e-01 1.994661371196546906e-01
5.573480228211685761e-01 0.000000000000000000e+00 5.000000000000000000e-01 2.284123093390420245e-01 2.912882563799882862e-01 6.378324916752179385e-01 5.665999999999999925e-01 8.628571428571428781e-01 8.926560730228529916e-01 1.597444089456868943e-02 2.720207253886010590e-01 4.367816091954023205e-01 2.778557540194158682e-01 1.751651998100823560e-01 1.894520678906168321e-01
6.389927208341530385e-01 0.000000000000000000e+00 5.000000000000000000e-01 2.304307956471322860e-01 2.002679535837159908e-01 6.479694942854040685e-01 6.329000000000000181e-01 8.605529953917050445e-01 8.921230594976347072e-01 1.597444089456868943e-02 2.383419689119170848e-01 4.195402298850574585e-01 2.778055766563756745e-01 1.705441521540743965e-01 1.765661897381196332e-01
5.902026362384418245e-01 0.000000000000000000e+00 5.000000000000000000e-01 2.384426500758183853e-01 1.698825217624719275e-01 6.516276581649025346e-01 5.999999999999999778e-01 8.649308755760368728e-01 8.926893863681790720e-01 2.236421725239616520e-02 2.564766839378238572e-01 4.454022988505746961e-01 2.775762939835947907e-01 1.853886068440147861e-01 1.035552467535009319e-01
6.393861892583120321e-01 0.000000000000000000e+00 5.000000000000000000e-01 2.208263104688847345e-01 5.550438927455811355e-02 5.346928024283974512e-01 6.500000000000000222e-01 8.606451612903225357e-01 8.921813578519555143e-01 1.597444089456868943e-02 2.435233160621761705e-01 4.683908045977011603e-01 2.735216842868193887e-01 1.943758571937657109e-01 1.724703804713982047e-01
6.557151288609088802e-01 0.000000000000000000e+00 5.000000000000000000e-01 2.177678916540302656e-01 2.158532184628391137e-01 5.393306758939173662e-01 6.665999999999999703e-01 8.649769585253456183e-01 8.924561929508961766e-01 1.277955271565495154e-02 2.642487046632124303e-01 4.367816091954023205e-01 2.736248266441797528e-01 1.443807743268550603e-01 1.578185092037147630e-01
6.229588825496753524e-01 0.000000000000000000e+00 5.000000000000000000e-01 2.324627270835191439e-01 8.237776431658783149e-02 6.634440298671308023e-01 6.166000000000000369e-01 8.632258064516129537e-01 8.965204210806849705e-01 2.236421725239616520e-02 2.616580310880828875e-01 4.482758620689655249e-01 2.510833432061941317e-01 1.996430055632338052e-01 1.182673394402870698e-01
6.065315758410387836e-01 0.000000000000000000e+00 5.000000000000000000e-01 2.320070198911783066e-01 1.837072338909180591e-01 7.647684403582872825e-01 6.332999999999999741e-01 8.647004608294930339e-01 8.966620027983209784e-01 1.629392971246006461e-01 2.772020725388600892e-01 4.856321839080459668e-01 1.865810399258490127e-01 2.603415768452731482e-01 6.285610618842830954e-02
6.393861892583120321e-01 0.000000000000000000e+00 5.833333333333333703e-01 2.470669446674396974e-01 4.273391847752859851e-01 5.387058345157366146e-01 6.500000000000000222e-01 8.769585253456221308e-01 9.057815310813511767e-01 1.661341853035143701e-01 3.290155440414507804e-01 4.626436781609195581e-01 1.865176213142287764e-01 8.084718502061494227e-02 1.386763783741872813e-01
6.065315758410387836e-01 0.000000000000000000e+00 5.833333333333333703e-01 2.462955400945500140e-01 2.547417434633211797e-01 7.005641200131152990e-01 6.332999999999999741e-01 8.717050691244239147e-01 9.062146045705909980e-01 1.341853035143769912e-01 3.160621761658031215e-01 4.741379310344827624e-01 1.708971294366894156e-01 0.000000000000000000e+00 1.369638317684546691e-01
6.721424355695455599e-01 0.000000000000000000e+00 5.833333333333333703e-01 2.530111794963280092e-01 2.592527201254525848e-01 6.556771625089499178e-01 6.665999999999999703e-01 8.788940092165898887e-01 9.059480978079819113e-01 1.693290734824281218e-01 3.160621761658031215e-01 4.425287356321839227e-01 2.086806838059529767e-01 1.253636299228168827e-01 1.477931484585951472e-01
6.229588825496753524e-01 0.000000000000000000e+00 5.833333333333333703e-01 2.625362471382273744e-01 4.853735864920551979e-01 5.261203458990501014e-01 6.332999999999999741e-01 8.770046082949308763e-01 9.064311413152108532e-01 1.437699680511182188e-01 3.108808290155440357e-01 4.568965517241379559e-01 2.271989183990633654e-01 9.189963126789069126e-02 1.220808608049646499e-01
5.902026362384418245e-01 0.000000000000000000e+00 5.833333333333333703e-01 2.567411084351678419e-01 4.124769602848735728e-01 3.844523339162909115e-01 6.332999999999999741e-01 8.787557603686635410e-01 9.061479778799387264e-01 1.373801916932907430e-01 3.393782383419688964e-01 4.885057471264367956e-01 2.060888836233631394e-01 1.686830437159567708e-01 1.578154981327596351e-01
6.065315758410387836e-01 0.000000000000000000e+00 5.000000000000000000e-01 2.422586655962893631e-01 6.490555978336953746e-02 5.612178869776688339e-01 5.833000000000000407e-01 8.752073732718893551e-01 9.061979478979279579e-01 1.853035143769967974e-01 3.186528497409326643e-01 4.339080459770114917e-01 1.710769316542500862e-01 8.534662615935951699e-03 1.230669865427711368e-01
6.065315758410387836e-01 0.000000000000000000e+00 4.166666666666666852e-01 2.267725314423334193e-01 1.427798020446610361e-01 6.402575535273089535e-01 6.166000000000000369e-01 8.766359447004608008e-01 9.062312612432540382e-01 2.236421725239616520e-02 3.290155440414507804e-01 5.114942528735632044e-01 3.514234342223553909e-01 9.328488811671688252e-02 2.603567667421191056e-01
7.048986818807790877e-01 0.000000000000000000e+00 4.166666666666666852e-01 2.305800121904082456e-01 8.065275186605956603e-02 7.942355179184480418e-01 6.833000000000000185e-01 8.796774193548386744e-01 9.105286827903258384e-01 2.875399361022364098e-02 3.937823834196891304e-01 5.086206896551723755e-01 3.511997268121345717e-01 1.233301574645781357e-01 2.365263984354475379e-01
6.065315758410387836e-01 0.000000000000000000e+00 5.000000000000000000e-01 2.589765379240626664e-01 2.167126879112830362e-01 9.200368575868660415e-01 6.332999999999999741e-01 8.900000000000000133e-01 9.153841028716103168e-01 9.904153354632587447e-02 3.704663212435233000e-01 4.367816091954023205e-01 2.630032545595193949e-01 1.290720999753614540e-01 2.439915961009642142e-01
6.229588825496753524e-01 0.000000000000000000e+00 5.000000000000000000e-01 2.709874706389557852e-01 7.640714739899628904e-01 7.559958849877949083e-01 6.166000000000000369e-01 8.834101382488479537e-01 9.150426410820174938e-01 2.268370607028754038e-01 3.316062176165803232e-01 4.798850574712643646e-01 1.716156413991121454e-01 3.244673370181870575e-02 2.250978786252353370e-01
5.737753295298052558e-01 1.000000000000000000e+00 5.833333333333333703e-01 2.751940935985490722e-01 4.564194263480839675e-01 6.116188823370293237e-01 5.665999999999999925e-01 8.988479262672811609e-01 9.148177760010660631e-01 2.108626198083067005e-01 2.642487046632124303e-01 5.603448275862068506e-01 1.656891372978096244e-01 1.988509770290576018e-01 1.088027906605612133e-01
4.589809167814283275e-01 0.000000000000000000e+00 5.833333333333333703e-01 3.533797817619599990e-01 3.186883029887366825e-01 8.190898709332632421e-01 4.500000000000000111e-01 9.032718894009216237e-01 9.148760743553867592e-01 2.236421725239616520e-01 3.212435233160621517e-01 5.488505747126436463e-01 2.724184792077551931e-01 1.784929885911937797e-01 6.695116268741094223e-02
6.065315758410387836e-01 0.000000000000000000e+00 6.666666666666666297e-01 3.218609297416227810e-01 2.939475436156621102e-01 7.481568585457692988e-01 6.166000000000000369e-01 8.976036866359446975e-01 9.149177160370444151e-01 2.076677316293929765e-01 2.849740932642487179e-01 5.948275862068965747e-01 1.948707584447804952e-01 2.262335923728392428e-01 1.125229688256296351e-01
5.245917765099350483e-01 0.000000000000000000e+00 7.500000000000000000e-01 3.694494558915351057e-01 4.946040814157247056e-01 5.803188014697930885e-01 5.165999999999999481e-01 8.911059907834101290e-01 9.153924312079418923e-01 2.268370607028754038e-01 2.616580310880828875e-01 7.155172413793103869e-01 1.442404053215881055e-01 3.148435029867618362e-01 0.000000000000000000e+00
6.065315758410387836e-01 0.000000000000000000e+00 7.500000000000000000e-01 3.006390122796063769e-01 9.185488505006528248e-02 6.013786755817918106e-01 6.166000000000000369e-01 9.032258064516128782e-01 9.196898527550136926e-01 2.715654952076677064e-01 1.606217616580310759e-01 7.298850574712644201e-01 1.263974744060603062e-01 3.105016215964714887e-01 1.454091330298675766e-01
6.229588825496753524e-01 0.000000000000000000e+00 6.666666666666666297e-01 3.283996610471858202e-01 5.128504381409229040e-01 7.990949345478524091e-01 6.332999999999999741e-01 8.933640552995392170e-01 9.196648677460190768e-01 2.300319488817891278e-01 1.787564766839378205e-01 7.586206896551723755e-01 6.702162504965468448e-02 4.605778107231569551e-01 1.147315893712206325e-01
5.737753295298052558e-01 0.000000000000000000e+00 7.500000000000000000e-01 2.802583340766509057e-01 2.319871927184878890e-01 6.008804480517455637e-01 5.833000000000000407e-01 9.030414746543778959e-01 9.199563595176227793e-01 2.715654952076677064e-01 3.963730569948186733e-01 7.729885057471264087e-01 2.242161529294520173e-02 2.500547229327685361e-01 1.320700886986226619e-01
5.902026362384418245e-01 0.000000000000000000e+00 7.500000000000000000e-01 3.513600228941812786e-01 3.596108164373710836e-01 6.356040646814157258e-01 5.999999999999999778e-01 8.938709677419355293e-01 9.197648077819974288e-01 3.003194888178913891e-01 3.031088082901554626e-01 8.132183908045976795e-01 2.416527865859182875e-02 2.241779135071002294e-01 1.594399709130545628e-01
5.902026362384418245e-01 0.000000000000000000e+00 7.500000000000000000e-01 2.949021630541432959e-01 3.138720981685057532e-01 5.019565126490893592e-01 5.999999999999999778e-01 8.953456221198157206e-01 9.247368245719235214e-01 3.067092651757188371e-01 2.849740932642487179e-01 8.620689655172413257e-01 4.814936128398296898e-03 1.570257372262928164e-01 1.490645731694005827e-01
4.589809167814283275e-01 0.000000000000000000e+00 7.500000000000000000e-01 3.826837793238783703e-01 1.051246448254627014e-01 5.789397251527297339e-01 4.666000000000000147e-01 9.041013824884792660e-01 9.240872143380638448e-01 3.897763578274760499e-01 1.113989637305699415e-01 9.166666666666666297e-01 2.340983058170895831e-02 1.443204997922114818e-01 1.213333624403525601e-01
5.737753295298052558e-01 0.000000000000000000e+00 7.500000000000000000e-01 3.635776142479112960e-01 7.523650073896100965e-01 5.172812400043564907e-01 5.665999999999999925e-01 9.047004608294930694e-01 9.248617496168964891e-01 3.099041533546325611e-01 1.113989637305699415e-01 8.879310344827586743e-01 8.035347164630534441e-04 1.369913278691471670e-01 1.967810145954136947e-01
6.229588825496753524e-01 1.000000000000000000e+00 7.500000000000000000e-01 3.181282698540124354e-01 4.188898730932250070e-01 4.536433177070832157e-01 6.166000000000000369e-01 9.171428571428571486e-01 9.248950629622226804e-01 4.376996805111821320e-01 8.290155440414508081e-02 9.252873563218391162e-01 2.308437462976772186e-02 2.624268642543458596e-01 1.326324061994939851e-01
5.902026362384418245e-01 0.000000000000000000e+00 7.500000000000000000e-01 3.552467487289269199e-01 6.850439342285172817e-01 4.808345932137884082e-01 5.999999999999999778e-01 9.167741935483870730e-01 9.252365247518156144e-01 3.738019169329073743e-01 1.321243523316062152e-01 8.563218390804597790e-01 5.602093511091287698e-02 1.798401773128766590e-01 1.105063040534284419e-01
5.573480228211685761e-01 1.000000000000000000e+00 7.500000000000000000e-01 3.511222341153034110e-01 5.133107960511776868e-01 3.844758361078609021e-01 5.665999999999999925e-01 9.227649769585253292e-01 9.260610300486374902e-01 4.984025559105431102e-01 5.440414507772020625e-02 9.741379310344827624e-01 2.894815702727000437e-02 2.265740906211766714e-01 2.015844255365916715e-01
3.934684241589612719e-01 1.000000000000000000e+00 7.500000000000000000e-01 3.988945633752564723e-01 2.902506362034602827e-02 2.139685519100964217e-01 4.000000000000000222e-01 8.993087557603686166e-01 9.259777466853221783e-01 3.418530351437699677e-01 1.347150259067357581e-01 8.735632183908046411e-01 1.281139583667268433e-01 1.919236353369505044e-01 1.089932408984734674e-01
5.902026362384418245e-01 0.000000000000000000e+00 6.666666666666666297e-01 5.697995852287931484e-01 3.966954395323468163e-01 6.499868538815822827e-01 5.999999999999999778e-01 9.036405529953916993e-01 9.259527616763275626e-01 4.153354632587859530e-01 7.512953367875647992e-02 9.712643678160919336e-01 6.254190158267765309e-02 3.410216850856480075e-01 5.567470196043302483e-02
6.393861892583120321e-01 0.000000000000000000e+00 6.666666666666666297e-01 3.186404230963637008e-01 2.364290371434718818e-01 3.865440730425628302e-01 6.500000000000000222e-01 9.197695852534562011e-01 9.258694783130121397e-01 4.472843450479233041e-01 7.512953367875647992e-02 9.195402298850574585e-01 1.448453213093504194e-02 3.408916189845749845e-01 1.285953128163976888e-01
5.737753295298052558e-01 0.000000000000000000e+00 6.666666666666666297e-01 3.334539633693099359e-01 1.502788259121558556e-01 5.104773266421979150e-01 5.833000000000000407e-01 9.105990783410138345e-01 9.302668398960624030e-01 4.504792332268370836e-01 5.440414507772020625e-02 1.000000000000000000e+00 9.947662222717800276e-03 3.403502056207589610e-01 8.643429730260736299e-02
6.557151288609088802e-01 0.000000000000000000e+00 6.666666666666666297e-01 2.943377783724318020e-01 4.443475145899285494e-01 7.425161273601463829e-01 6.665999999999999703e-01 9.239170506912441905e-01 9.303084815777200589e-01 4.121405750798722289e-01 4.533678756476683946e-01 8.247126436781608838e-01 7.421371375208200838e-03 2.050275306580604529e-01 1.383858100270168312e-01
8.032657879205193918e-01 0.000000000000000000e+00 7.500000000000000000e-01 2.846855766657747089e-01 1.492872605225523397e-01 5.780047872199721715e-01 8.333000000000000407e-01 9.428110599078340925e-01 9.347558131787594426e-01 3.961661341853034979e-01 2.150259067357512821e-01 7.959770114942529284e-01 6.043723996626965828e-02 2.308133995577752451e-01 1.136709396272745781e-01
8.032657879205193918e-01 0.000000000000000000e+00 7.500000000000000000e-01 2.690487512264739811e-01 2.240787122489109051e-01 6.884520337160043857e-01 7.999000000000000554e-01 9.402764976958525311e-01 9.347974548604170986e-01 3.865814696485623259e-01 1.891191709844559643e-01 7.586206896551723755e-01 4.361249137576572732e-02 1.635184678001803948e-01 1.755928610518724675e-01
7.869368483179225437e-01 0.000000000000000000e+00 7.500000000000000000e-01 2.593703877144470926e-01 8.701776933889815435e-02 7.996350730911691018e-01 7.832999999999999963e-01 9.408294930875575890e-01 9.349890065960423380e-01 3.674121405750798708e-01 1.968911917098445652e-01 7.471264367816091712e-01 3.412060686732965812e-03 2.732054314757849656e-01 6.192643803103059508e-02
8.852055872516231272e-01 0.000000000000000000e+00 7.500000000000000000e-01 2.583463755835042619e-01 2.197736203273451261e-01 7.293773256487414702e-01 9.165999999999999703e-01 9.440552995391705560e-01 9.349057232327270262e-01 3.738019169329073743e-01 1.891191709844559643e-01 7.183908045977011048e-01 5.222766584663846717e-02 1.157027852122245182e-01 1.825905899516045705e-01
9.016328939602596959e-01 0.000000000000000000e+00 7.500000000000000000e-01 2.532737058841019184e-01 1.635993432429769801e-01 5.366244143588373428e-01 9.165999999999999703e-01 9.556682027649769928e-01 9.349473649143846821e-01 3.514376996805111952e-01 1.968911917098445652e-01 8.074712643678161328e-01 9.751831125297057146e-02 2.642858577965110367e-01 1.180272065316151225e-01
7.540822349006491843e-01 0.000000000000000000e+00 7.500000000000000000e-01 2.448440653524811828e-01 8.011300470332297641e-01 8.765929921613746512e-01 7.832999999999999963e-01 9.589861751152073399e-01 9.347724698514224828e-01 3.801916932907348223e-01 1.839378238341968785e-01 7.787356321839080664e-01 0.000000000000000000e+00 1.091392056239313124e-01 6.192493249555302420e-02
8.360220342317529196e-01 1.000000000000000000e+00 7.500000000000000000e-01 2.700127850622900394e-01 4.304805802255237679e-01 6.235177805044170851e-01 8.333000000000000407e-01 9.673732718894009208e-01 9.345559331068026276e-01 4.376996805111821320e-01 1.761658031088082776e-01 7.729885057471264087e-01 6.922315685304304689e-02 1.694613254264423219e-01 1.349464142285146939e-01
8.360220342317529196e-01 0.000000000000000000e+00 7.500000000000000000e-01 2.782986724348110452e-01 9.834868958382572690e-02 7.385825486634802761e-01 8.666000000000000369e-01 9.569585253456220908e-01 9.346642014791125552e-01 3.578274760383386432e-01 1.968911917098445652e-01 7.126436781609195581e-01 5.144921981169550684e-02 1.768380825084358010e-01 2.278018203429459376e-01
1.000000000000000000e+00 0.000000000000000000e+00 7.500000000000000000e-01 2.438906728510688848e-01 4.305856095776788295e-01 6.788117398014956727e-01 1.000000000000000000e+00 9.762672811059908140e-01 9.348307682057431789e-01 3.674121405750798708e-01 1.761658031088082776e-01 7.500000000000000000e-01 4.696740562125847895e-02 2.585121918464416413e-01 1.141308807156713456e-01
9.672437536887664722e-01 0.000000000000000000e+00 7.500000000000000000e-01 2.427539128237148069e-01 1.040326553056952485e-01 7.151727473112710065e-01 9.832999999999999519e-01 9.581566820276498087e-01 9.349973349323739136e-01 3.546325878594249192e-01 1.528497409326424750e-01 7.471264367816091712e-01 4.245562439456133236e-02 1.847446210265070443e-01 1.101374478614244867e-01
