4.242868384812119587e+00 1.000000000000000000e+00 1.000000000000000000e+00 4.075615466952100263e+01 2.441396517088577411e+00 9.199166668184658135e+01 4.296700000000000408e+00 3.145732718894009494e+01 8.711875374775135583e+01 1.000000000000000000e+00 1.512953367875647714e+00 1.465517241379310320e+01 3.641117491689374219e+01 7.200733551661092235e+01 3.982268480636178509e+01
4.242868384812119587e+00 1.000000000000000000e+00 1.750000000000000000e+01 4.333910891089109185e+01 2.132911755978640578e+00 3.156971463373236020e+01 4.296700000000000408e+00 3.221465437788017994e+01 8.717069758145112246e+01 1.316293929712460065e+00 4.077720207253886286e+00 1.579310344827586299e+01 3.641358970249005012e+01 6.613479395097459701e+01 3.523968200079642799e+01
4.242868384812119587e+00 1.000000000000000000e+00 9.250000000000000000e+00 4.357164838105432381e+01 2.348478146635237795e+00 4.621066225831084751e+01 4.296700000000000408e+00 3.228308755760368598e+01 8.725397261643014701e+01 1.316293929712460065e+00 4.334196891191710144e+00 1.408620689655172420e+01 3.639482336871301982e+01 6.564339153174510955e+01 3.910650910736048758e+01
4.242868384812119587e+00 1.000000000000000000e+00 9.250000000000000000e+00 4.421775488359646999e+01 2.532767209509219519e+00 4.886299555883076096e+01 4.296700000000000408e+00 3.240170506912442505e+01 8.726386667999200597e+01 1.316293929712460065e+00 4.590673575129534001e+00 1.408620689655172420e+01 3.639558230132900718e+01 6.500333307602099353e+01 3.980472452088215363e+01
4.242868384812119587e+00 1.000000000000000000e+00 9.250000000000000000e+00 3.870082954241370032e+01 1.855242052316101953e+00 4.346892150312164915e+00 4.296700000000000408e+00 3.245645161290322278e+01 8.730014491305216495e+01 1.316293929712460065e+00 4.334196891191710144e+00 1.380172413793103559e+01 3.638295642235401317e+01 6.059861283974480983e+01 3.540736101461046559e+01
5.869171748967145774e+00 1.000000000000000000e+00 1.000000000000000000e+00 3.873075545892427130e+01 2.129974217328403974e+00 9.151136115240238667e+01 5.950000000000000178e+00 3.258419354838709836e+01 8.726798920647611624e+01 1.316293929712460065e+00 2.282383419689119286e+00 1.380172413793103559e+01 3.635239213609215625e+01 7.196315745506110773e+01 4.092877010548534855e+01
4.242868384812119587e+00 1.000000000000000000e+00 9.250000000000000000e+00 3.650936580144500709e+01 1.897371932267565509e+00 1.204160865395579538e+00 4.296700000000000408e+00 3.262981566820276669e+01 8.729519788127123547e+01 1.316293929712460065e+00 4.590673575129534001e+00 1.294827586206896619e+01 3.634438884668725223e+01 6.625947658440072985e+01 3.739774817058620471e+01
4.242868384812119587e+00 1.000000000000000000e+00 1.000000000000000000e+00 4.082385603425207421e+01 3.112552559855512602e+00 9.074412691262641317e+01 4.296700000000000408e+00 3.220096774193548583e+01 8.729849590245852653e+01 1.316293929712460065e+00 3.821243523316062429e+00 1.351724137931034520e+01 3.636577694768313052e+01 7.196294808036181223e+01 3.578385629362759346e+01
7.495475113122171962e+00 1.000000000000000000e+00 9.250000000000000000e+00 3.536187667915439903e+01 3.372666156152737571e+00 4.655805456395995634e+01 5.950000000000000178e+00 3.242451612903225566e+01 8.732982710373775603e+01 1.316293929712460065e+00 3.564766839378238128e+00 1.380172413793103559e+01 3.636577694768313052e+01 6.645607942703237825e+01 3.743814018191385173e+01
1.073834349793429155e+01 1.000000000000000000e+00 1.000000000000000000e+00 2.602767376237624219e+01 3.268181624348971859e+00 3.217700450067980000e+01 1.090000000000000036e+01 3.324115207373271375e+01 8.735208874675194579e+01 1.316293929712460065e+00 1.512953367875647714e+00 1.465517241379310320e+01 3.635825661539747955e+01 7.193688093030043262e+01 3.516404013456475752e+01
1.236464686208931774e+01 1.000000000000000000e+00 1.000000000000000000e+00 3.156737649183837036e+01 2.561358083353634907e+00 5.437215501485714952e+01 1.255330000000000013e+01 3.318640552995391602e+01 8.736940335798520607e+01 1.316293929712460065e+00 1.769430051813471572e+00 1.323275862068965480e+01 3.638840693841425633e+01 7.188380444403085789e+01 4.096767163669020562e+01
9.112040133779263584e+00 1.000000000000000000e+00 1.000000000000000000e+00 2.834575862991704653e+01 3.186308694016338983e+00 9.246964892796043500e+01 9.246700000000000585e+00 3.323202764976958434e+01 8.740403258045172663e+01 1.316293929712460065e+00 1.512953367875647714e+00 1.465517241379310320e+01 3.637874779602901754e+01 7.191793252001484404e+01 3.717782782846831680e+01
1.073834349793429155e+01 1.000000000000000000e+00 9.250000000000000000e+00 3.090536075729194465e+01 2.689434158581584189e+00 1.147124896288523210e+00 1.090000000000000036e+01 3.340539170506912114e+01 8.744195982410553825e+01 1.632587859424920129e+00 4.334196891191710144e+00 1.579310344827586299e+01 3.637281432284951421e+01 6.658683392673788148e+01 3.699464782137724939e+01
1.073834349793429155e+01 1.000000000000000000e+00 9.250000000000000000e+00 3.382338774417982563e+01 2.391646673568578407e+00 4.567093617173640041e+01 1.090000000000000036e+01 3.312253456221198178e+01 8.747823805716569723e+01 1.316293929712460065e+00 4.077720207253886286e+00 1.579310344827586299e+01 3.635052930148929562e+01 6.641964822935624113e+01 3.629844455602135156e+01
1.073834349793429155e+01 1.000000000000000000e+00 9.250000000000000000e+00 2.612260284987958769e+01 3.324980645745973185e+00 4.439207478339263702e+01 1.090000000000000036e+01 3.317271889400921481e+01 8.750956925844494094e+01 1.948881789137380194e+00 1.769430051813471572e+00 1.550862068965517082e+01 3.627987957432870303e+01 6.633610772434023772e+01 3.566081715949115960e+01
9.112040133779263584e+00 1.000000000000000000e+00 9.250000000000000000e+00 2.744945143162964740e+01 2.811495597489920684e+01 4.626605215707137120e+01 9.246700000000000585e+00 3.348294930875575659e+01 8.753183090145913070e+01 1.316293929712460065e+00 1.769430051813471572e+00 1.465517241379310320e+01 3.634721759552864029e+01 6.619247668062850209e+01 4.197113737935956124e+01
1.236464686208931774e+01 1.000000000000000000e+00 9.250000000000000000e+00 2.957144768530907086e+01 3.821602317528423498e+00 6.387676541960339449e+01 1.090000000000000036e+01 3.384336405529953851e+01 8.758212572456525891e+01 1.632587859424920129e+00 2.025906735751295429e+00 1.550862068965517082e+01 3.633811040413684168e+01 6.600801757055558028e+01 3.475974740125757734e+01
1.236464686208931774e+01 1.000000000000000000e+00 9.250000000000000000e+00 3.437446007492641087e+01 2.500363315820209564e+01 9.044961230094445170e+01 1.255330000000000013e+01 3.411253456221198377e+01 8.763242054767140132e+01 2.265175718849840258e+00 1.356735751295336811e+01 1.437068965517241459e+01 3.632300074569136683e+01 5.597509604271244399e+01 3.739946222272740783e+01
1.398121188274640936e+01 1.000000000000000000e+00 1.750000000000000000e+01 3.380241503880117904e+01 3.372171102489733840e+00 6.208619740834672029e+01 1.419669999999999987e+01 3.418096774193548271e+01 8.767694383369978084e+01 2.897763578274760388e+00 1.331088082901554337e+01 1.693103448275861922e+01 3.631216870744506764e+01 4.844744747920263706e+01 3.434054986672247622e+01
1.236464686208931774e+01 1.000000000000000000e+00 2.575000000000000000e+01 3.612376237623762876e+01 4.729078376380880577e+00 2.372709333691907574e+01 1.255330000000000013e+01 3.299023041474654150e+01 8.788554367379572341e+01 1.632587859424920129e+00 6.898963730569947828e+00 2.062931034482758719e+01 3.629188450843606972e+01 5.324924683267894920e+01 2.066353163995721332e+01
1.560751524690143555e+01 1.000000000000000000e+00 1.750000000000000000e+01 3.215391138613861699e+01 4.471448943100012841e+00 6.167613589758520476e+01 1.584999999999999964e+01 3.300391705069124271e+01 8.788636817909254262e+01 1.316293929712460065e+00 7.411917098445595542e+00 2.148275862068965480e+01 3.629436828790655767e+01 5.966406886947179089e+01 2.373071616064364520e+01
1.398121188274640936e+01 1.000000000000000000e+00 1.750000000000000000e+01 3.411500828204442115e+01 3.873270366925400499e+00 6.280659929790356699e+01 1.255330000000000013e+01 3.309972350230415117e+01 8.791357685388766185e+01 1.632587859424920129e+00 8.181347150259068002e+00 2.290517241379310320e+01 3.629823194486065319e+01 5.941669266226274004e+01 2.337754689554820686e+01
1.723381861105645996e+01 1.000000000000000000e+00 1.750000000000000000e+01 3.174186513245919627e+01 1.523339307663349906e+01 8.946050414544923512e+01 1.750329999999999941e+01 3.304953917050691103e+01 8.793006695982410292e+01 1.316293929712460065e+00 3.564766839378238128e+00 2.944827586206896441e+01 3.628526109651475906e+01 5.811919765077357880e+01 2.087547791341816250e+01
1.723381861105645996e+01 1.000000000000000000e+00 2.575000000000000000e+01 3.167916778164302372e+01 1.842530442879013108e+01 4.712949513473745355e+01 1.750329999999999941e+01 3.511622119815667986e+01 8.789543773735758236e+01 1.632587859424920129e+00 1.408031088082901583e+01 2.859482758620689680e+01 3.627077238293691153e+01 2.729536848360902823e+01 2.075705926766237752e+01
1.073834349793429155e+01 1.000000000000000000e+00 2.575000000000000000e+01 2.898617424404602261e+01 5.475079773020980589e+00 7.017895458501777739e+01 1.090000000000000036e+01 3.723308755760368882e+01 8.795480211872876453e+01 1.316293929712460065e+00 1.484974093264248651e+01 1.437068965517241459e+01 3.625400687151110901e+01 3.054308413161843561e+01 1.859772618976823111e+01
1.560751524690143555e+01 1.000000000000000000e+00 2.575000000000000000e+01 3.678589482204977656e+01 4.212971717714533604e+00 4.682559496772340424e+01 1.584999999999999964e+01 3.744294930875576455e+01 8.791687487507495291e+01 1.316293929712460065e+00 1.279792746113989566e+01 1.607758620689655515e+01 3.624358879650988996e+01 3.325396305065281410e+01 2.648370747144563708e+01
2.047668699586858310e+01 1.000000000000000000e+00 2.575000000000000000e+01 3.409365806796895981e+01 4.363011351887609024e+00 6.181490640207407949e+01 1.914669999999999916e+01 3.720571428571428640e+01 8.817659404357385711e+01 1.000000000000000000e+00 1.459326424870466177e+01 1.778448275862068684e+01 3.616610867580545374e+01 3.349411583073641907e+01 2.724482114614910344e+01
2.210299036002360751e+01 1.000000000000000000e+00 2.575000000000000000e+01 3.141138504147712140e+01 4.172954964666498512e+00 6.777795450151873524e+01 2.245329999999999870e+01 3.731064516129032427e+01 8.815433240055966735e+01 1.316293929712460065e+00 2.023575129533678663e+01 2.176724137931034520e+01 3.620502122084311480e+01 3.384534188879242578e+01 2.546399549543785312e+01
2.534585874483572709e+01 1.000000000000000000e+00 2.575000000000000000e+01 2.846162892694674795e+01 1.380995801115689403e+01 9.222283759372672307e+01 2.409670000000000201e+01 3.744751152073732925e+01 8.815680591645013919e+01 1.316293929712460065e+00 1.818393782383419577e+01 2.518103448275862277e+01 3.624351980263570994e+01 3.262395458049452657e+01 1.980151246094076356e+01
2.371955538068070268e+01 1.000000000000000000e+00 4.225000000000000000e+01 2.815549292213005472e+01 7.451349738198520356e+01 4.567799594004591057e+01 2.245329999999999870e+01 3.791741935483871373e+01 8.816834899060563657e+01 1.316293929712460065e+00 2.639119170984456275e+01 2.233620689655172242e+01 3.623261877051522362e+01 1.938854233968824303e+01 9.787796279972388547e+00
2.047668699586858310e+01 1.000000000000000000e+00 1.750000000000000000e+01 4.374789269467487429e+01 4.576063083408979715e+00 6.820846187845066311e+01 2.080000000000000071e+01 3.810447004608295174e+01 8.817494503298021868e+01 1.632587859424920129e+00 8.950777202072538685e+00 2.631896551724137723e+01 3.630630422813974434e+01 4.764983456226412528e+01 7.753365436368166996e+00
2.858872712964784313e+01 1.000000000000000000e+00 1.750000000000000000e+01 3.148483910891089010e+01 5.331526409197415717e+00 9.049572315859415994e+01 2.740329999999999799e+01 3.800410138248847858e+01 8.800509694183489273e+01 1.632587859424920129e+00 1.459326424870466177e+01 2.631896551724137723e+01 3.627567094800370739e+01 5.168909126093269180e+01 2.471353875361234387e+01
2.210299036002360751e+01 1.000000000000000000e+00 2.575000000000000000e+01 3.435028097404335057e+01 4.556329044887637458e+00 7.432134537140258601e+01 2.245329999999999870e+01 3.791741935483871373e+01 8.800509694183489273e+01 1.948881789137380194e+00 1.767098445595854628e+01 3.172413793103448398e+01 3.627173829717543185e+01 3.726589635106426357e+01 1.802076133423565096e+01
1.885038363171355513e+01 1.000000000000000000e+00 3.400000000000000000e+01 3.046383011774150162e+01 3.245781296292877016e+01 5.229762702845849276e+01 2.080000000000000071e+01 3.793566820276497253e+01 8.798283529882070297e+01 1.316293929712460065e+00 1.972279792746114069e+01 2.859482758620689680e+01 3.622351157912342501e+01 2.242719735045834994e+01 2.307266918643120945e+01
2.534585874483572709e+01 1.000000000000000000e+00 3.400000000000000000e+01 4.542986157345464449e+01 1.081550902868916886e+01 7.331154119511518275e+01 2.409670000000000201e+01 3.820483870967741780e+01 8.802406056366179143e+01 1.948881789137380194e+00 2.639119170984456275e+01 2.290517241379310320e+01 3.623468858674063142e+01 1.655716828121348527e+01 4.317678675068557936e+01
2.696242376549281872e+01 1.000000000000000000e+00 3.400000000000000000e+01 3.610185892427080745e+01 1.910572010978356161e+01 5.409129604138922787e+01 2.904670000000000130e+01 4.308640552995392170e+01 8.800262342594443510e+01 1.948881789137380194e+00 2.664766839378238217e+01 1.550862068965517082e+01 3.623717236621111937e+01 3.635898984109729781e+01 4.396212072738440924e+01
3.184133385795789550e+01 1.000000000000000000e+00 3.400000000000000000e+01 2.888893433235215724e+01 8.274033639601302781e+00 2.465481095869576222e+01 3.235329999999999728e+01 5.304115207373271801e+01 8.820710073955626740e+01 1.632587859424920129e+00 2.664766839378238217e+01 1.636206896551724199e+01 3.620440027597549459e+01 2.322543839149473399e+01 4.405289096686241379e+01
3.345789887861499068e+01 1.000000000000000000e+00 2.575000000000000000e+01 2.777287262510034793e+01 2.494657415739171924e+01 7.269774094146967514e+01 3.399669999999999703e+01 5.974304147465437609e+01 8.824667699380371744e+01 2.581469648562300101e+00 2.869948186528497303e+01 1.664655172413792883e+01 3.617556083656814536e+01 2.778080372390878949e+01 5.062315092014564755e+01
3.345789887861499068e+01 1.000000000000000000e+00 3.400000000000000000e+01 2.977896708589777930e+01 4.587033808038452065e+00 5.966571509405333984e+01 3.399669999999999703e+01 7.193783410138247802e+01 8.822276634019587505e+01 1.948881789137380194e+00 2.741709844559585463e+01 3.115517241379310676e+01 3.621488734485089367e+01 3.060621060345383881e+01 3.820357624897341253e+01
4.156993901239425782e+01 1.000000000000000000e+00 3.400000000000000000e+01 2.675242172865934975e+01 2.380159915332505705e+01 7.468822806272933690e+01 4.224340000000000117e+01 7.624912442396313850e+01 8.826316709974015851e+01 2.265175718849840258e+00 2.869948186528497303e+01 3.627586206896551602e+01 3.614685938490915618e+01 3.210418188951149432e+01 4.110002627159408206e+01
3.995337399173716619e+01 1.000000000000000000e+00 4.225000000000000000e+01 2.902060480331816805e+01 5.393047500467247346e+00 4.436288223261566088e+01 3.729339999999999833e+01 7.705663594470046007e+01 8.823843194083549690e+01 1.948881789137380194e+00 3.100777202072539041e+01 3.570689655172414234e+01 3.622213170163982454e+01 1.978959957617485088e+01 3.481519326182541363e+01
3.183159551445996271e+01 1.000000000000000000e+00 4.225000000000000000e+01 2.993094664169120023e+01 6.567884049997945617e+00 6.850584514916684498e+01 3.234340000000000259e+01 7.705663594470046007e+01 8.865892964221467309e+01 2.265175718849840258e+00 2.998186528497409142e+01 3.001724137931034164e+01 3.619004955014600711e+01 1.250712878553157381e+01 3.422742242540260094e+01
3.670076726342711027e+01 1.000000000000000000e+00 4.225000000000000000e+01 2.679214609312282391e+01 5.673775202449562904e+00 7.733081005424796217e+01 3.729339999999999833e+01 7.723456221198156868e+01 8.867789326404157180e+01 1.948881789137380194e+00 3.100777202072539041e+01 3.371551724137930961e+01 3.609897763622805655e+01 1.147637714093560923e+01 2.499978546119444900e+01
3.670076726342711027e+01 1.000000000000000000e+00 4.225000000000000000e+01 2.770136467754883824e+01 4.622417932633806004e+01 4.693020209086250816e+01 3.729339999999999833e+01 7.703382488479262236e+01 8.868613831700979233e+01 5.744408945686901191e+00 2.869948186528497303e+01 3.001724137931034164e+01 3.251288303796056312e+01 3.490875598647735956e+01 2.854630838937061910e+01
3.670076726342711027e+01 1.000000000000000000e+00 4.225000000000000000e+01 2.469400588707519262e+01 5.121588077278437900e+00 3.884512760113022267e+01 3.564999999999999858e+01 7.733493087557603474e+01 8.917177193683789937e+01 2.581469648562300101e+00 1.664507772020725440e+01 2.802586206896551957e+01 3.246555324027291078e+01 3.565140804485271531e+01 3.478940795570112243e+01
4.156993901239425782e+01 1.000000000000000000e+00 4.225000000000000000e+01 2.708286325929890026e+01 3.509180137822331602e+01 5.993647460223052548e+01 4.224340000000000117e+01 8.039617511520738447e+01 8.918578852688386860e+01 2.265175718849840258e+00 1.818393782383419577e+01 4.310344827586206407e+01 3.231556055780501424e+01 3.617065729908753013e+01 3.318997373593359868e+01
4.806541412551643333e+01 1.000000000000000000e+00 4.225000000000000000e+01 2.483889902328070676e+01 2.469505411325798505e+01 6.016472556515254411e+01 4.884669999999999845e+01 8.020912442396313224e+01 8.919238456925845071e+01 2.265175718849840258e+00 1.613212435233160491e+01 4.111206896551723844e+01 3.224470384902188869e+01 3.540895214307693806e+01 3.083397180583711261e+01
4.319624237654928578e+01 1.000000000000000000e+00 3.400000000000000000e+01 3.888474618678083772e+01 4.884455579897458932e+01 5.625739349549182577e+01 4.555000000000000426e+01 8.082046082949308641e+01 8.920392764341394809e+01 2.265175718849840258e+00 1.587564766839378372e+01 4.139655172413792883e+01 3.229196465283536810e+01 3.530719603922285899e+01 3.728052190892865525e+01
3.832707062758213112e+01 1.000000000000000000e+00 3.400000000000000000e+01 2.316509404602622624e+01 7.983034336514628571e+00 6.858158505845202058e+01 3.894669999999999987e+01 8.066990783410138022e+01 8.921794423345991731e+01 2.581469648562300101e+00 1.510621761658031126e+01 2.973275862068965480e+01 3.228858395300053985e+01 3.811449200727947328e+01 3.579622727864676790e+01
3.508420224277001864e+01 1.000000000000000000e+00 2.575000000000000000e+01 2.481089538399785965e+01 1.988213960605709119e+01 4.751072605708579744e+01 3.235329999999999728e+01 8.047829493087557751e+01 8.924845092944234182e+01 1.175399361022364175e+01 1.151554404145077726e+01 2.973275862068965480e+01 1.850167606330710868e+01 5.346626370849119780e+01 4.084560131463357635e+01
2.858872712964784313e+01 1.000000000000000000e+00 2.575000000000000000e+01 3.012647760235483219e+01 7.871962134766107511e+00 6.942034814023402589e+01 2.904670000000000130e+01 8.183783410138249792e+01 8.927236158305017000e+01 1.776357827476038409e+01 6.386010362694300113e+00 3.001724137931034164e+01 1.835830679276052280e+01 5.844980030094968981e+01 3.835418926538149265e+01
4.319624237654928578e+01 1.000000000000000000e+00 2.575000000000000000e+01 5.931883864062081813e+01 3.432399119044136171e+01 8.888144855895751562e+01 4.719340000000000401e+01 8.115806451612903061e+01 8.928720267839295843e+01 1.681469648562300279e+01 1.510621761658031126e+01 3.172413793103448398e+01 2.165669693569631704e+01 5.411846589677404040e+01 4.299949414007954118e+01
4.319624237654928578e+01 1.000000000000000000e+00 4.225000000000000000e+01 5.967337729462135343e+01 2.626234877441847715e+01 7.777067258453477905e+01 4.719340000000000401e+01 8.379502304147464997e+01 8.930204377373576108e+01 1.934504792332268153e+01 1.895336787564766823e+01 4.594827586206896797e+01 1.976150420583869405e+01 3.299098842834679601e+01 2.379212394170265554e+01
4.156993901239425782e+01 1.000000000000000000e+00 5.050000000000000000e+01 3.202488627241102392e+01 2.410708640008431303e+01 5.633527077107502379e+01 4.224340000000000117e+01 8.481239631336404727e+01 8.926411653008194946e+01 2.124281150159744413e+01 1.741450777202072686e+01 4.594827586206896797e+01 1.627979733920594185e+01 2.203974946942547675e+01 2.798857072742204721e+01
3.670076726342711027e+01 1.000000000000000000e+00 4.225000000000000000e+01 2.925876378110783804e+01 6.852059846487261296e+00 7.614938914884220367e+01 3.729339999999999833e+01 8.399576036866359630e+01 8.931606036378173030e+01 1.839616613418530378e+01 1.331088082901554337e+01 4.623275862068965836e+01 2.564854450801792396e+01 3.450131282166245938e+01 2.771007451647846409e+01
4.156993901239425782e+01 1.000000000000000000e+00 5.050000000000000000e+01 2.844407278565694241e+01 2.194840159880985908e+01 6.722383855109745809e+01 4.060000000000000142e+01 8.507700460829492783e+01 8.931688486907854951e+01 1.270287539936102128e+01 8.694300518134713940e+00 4.993103448275861922e+01 2.887994159912468106e+01 4.449256878434722751e+01 1.905768835566167851e+01
4.482254574070431374e+01 1.000000000000000000e+00 5.050000000000000000e+01 2.603524012576933799e+01 6.551164552826988619e+00 6.676310617224294219e+01 4.389670000000000272e+01 8.703419354838709410e+01 8.934244453328003033e+01 2.581469648562300101e+00 2.049222797927461315e+01 4.537931034482758719e+01 2.885041222097553160e+01 2.149453775247892295e+01 1.625051809239622003e+01
4.643911076136140537e+01 1.000000000000000000e+00 5.050000000000000000e+01 3.990375519132994242e+01 1.394311778940062041e+01 6.898206715656802146e+01 5.050000000000000000e+01 8.580695852534562107e+01 8.930204377373576108e+01 1.143769968051118191e+01 2.049222797927461315e+01 4.481034482758620641e+01 2.854159564014468131e+01 3.519465713835543852e+01 1.449503060377242036e+01
5.780375762345072133e+01 1.000000000000000000e+00 5.050000000000000000e+01 2.537469895638212236e+01 7.354103728204953505e+00 6.000410848598622948e+01 5.709340000000000259e+01 8.523211981566819873e+01 8.941252748350989066e+01 2.581469648562300101e+00 2.536528497409326377e+01 4.452586206896551602e+01 2.851724080255904425e+01 1.644274500805246575e+01 1.601621461709339655e+01
6.104662600826284091e+01 1.000000000000000000e+00 5.050000000000000000e+01 2.553998683435911232e+01 5.092061899019813609e+01 4.652999060611058724e+01 6.039999999999999858e+01 8.683345622119816198e+01 8.941747451529083435e+01 3.214057507987220230e+00 2.818652849740932353e+01 4.481034482758620641e+01 2.850723669080290534e+01 3.033611724137201549e+01 2.074714757484581540e+01
5.617745425929568626e+01 1.000000000000000000e+00 5.050000000000000000e+01 2.361281862456516123e+01 2.983753738161884073e+01 6.414541667584657603e+01 5.709340000000000259e+01 8.642285714285713993e+01 8.937295122926244062e+01 2.581469648562300101e+00 2.793005181347150412e+01 4.424137931034483273e+01 2.850771964792217261e+01 1.834135478119815232e+01 1.975575472117106557e+01
6.426027936258114437e+01 1.000000000000000000e+00 5.050000000000000000e+01 2.381264876906609729e+01 2.082652740478788189e+01 6.514897993425499578e+01 6.365709999999999980e+01 8.619474654377880540e+01 8.932018289026584057e+01 2.581469648562300101e+00 2.459585492227979131e+01 4.253448275862069039e+01 2.850275208898119317e+01 1.788387106325336617e+01 1.848005278407384466e+01
5.943006098760574218e+01 1.000000000000000000e+00 5.050000000000000000e+01 2.460582235750602109e+01 1.781836965448471943e+01 6.551113815832535181e+01 6.039999999999999858e+01 8.662815668202765096e+01 8.937624925044973168e+01 3.214057507987220230e+00 2.639119170984456275e+01 4.509482758620689680e+01 2.848005310437588378e+01 1.935347207755746268e+01 1.125196942859659188e+01
6.429923273657288973e+01 1.000000000000000000e+00 5.050000000000000000e+01 2.286180473641958955e+01 6.494934538181253103e+00 5.393458744041134878e+01 6.535000000000000853e+01 8.620387096774193481e+01 8.932595442734358926e+01 2.581469648562300101e+00 2.510880829015544080e+01 4.737068965517241281e+01 2.807864674439511887e+01 2.024320986218280538e+01 1.807456766666842185e+01
6.591579775722998136e+01 1.000000000000000000e+00 5.050000000000000000e+01 2.255902127374899635e+01 2.236946862782107104e+01 5.439373691349781836e+01 6.699339999999999407e+01 8.663271889400921566e+01 8.935316310213872271e+01 2.265175718849840258e+00 2.716062176165803166e+01 4.424137931034483273e+01 2.808885783777379430e+01 1.529369665835865177e+01 1.662403241116776087e+01
6.267292937241786177e+01 1.000000000000000000e+00 5.050000000000000000e+01 2.401380998126839472e+01 9.155398667342195651e+00 6.668095895684595575e+01 6.204340000000000543e+01 8.645935483870968596e+01 8.975552168698780520e+01 3.214057507987220230e+00 2.690414507772020514e+01 4.537931034482758719e+01 2.585725097741321932e+01 2.076465755076014830e+01 1.270846660458841981e+01
6.104662600826284091e+01 1.000000000000000000e+00 5.050000000000000000e+01 2.396869496922665377e+01 1.918701615520088666e+01 7.671207559547043786e+01 6.369669999999999987e+01 8.660534562211981324e+01 8.976953827703377442e+01 1.713099041533546441e+01 2.844300518134715006e+01 4.907758620689654805e+01 1.947152295265905053e+01 2.677381610768204112e+01 7.222754512654402603e+00
6.104662600826284091e+01 1.000000000000000000e+00 5.875000000000000711e+01 2.538325846936045238e+01 2.621943260286879607e+01 7.035584788129841627e+01 6.369669999999999987e+01 8.729880184331796045e+01 9.071524585248850769e+01 1.428434504792332227e+01 3.229015544041450880e+01 4.793965517241379359e+01 1.791881581423225356e+01 1.000000000000000000e+00 1.455941934507701241e+01
6.754210112138501643e+01 1.000000000000000000e+00 5.875000000000000711e+01 2.604810677013647435e+01 2.666601929241980429e+01 6.591203908838603809e+01 6.699339999999999407e+01 8.801050691244239488e+01 9.068886168299020767e+01 1.776357827476038409e+01 3.229015544041450880e+01 4.481034482758620641e+01 2.165938769678934506e+01 1.341099936235887213e+01 1.563152169740092035e+01
6.267292937241786177e+01 1.000000000000000000e+00 5.875000000000000711e+01 2.699108846668450923e+01 4.905198506271346304e+01 5.308591424400596281e+01 6.369669999999999987e+01 8.782345622119815687e+01 9.073668299020587824e+01 1.523322683706070357e+01 3.177720207253885931e+01 4.623275862068965836e+01 2.349269292150727395e+01 1.009806349552117766e+01 1.308600521969150066e+01
5.943006098760574218e+01 1.000000000000000000e+00 5.875000000000000711e+01 2.641736973508161768e+01 4.183521906820248404e+01 3.906078105771280207e+01 6.369669999999999987e+01 8.799682027649768656e+01 9.070864981011393979e+01 1.460063897763578389e+01 3.459844559585491908e+01 4.936206896551724554e+01 2.140279947871295008e+01 1.769962132787971854e+01 1.662373431514320288e+01
6.104662600826284091e+01 1.000000000000000000e+00 5.050000000000000000e+01 2.498360789403264803e+01 7.425650418553583876e+00 5.656057081078921556e+01 5.874670000000000414e+01 8.764552995391704826e+01 9.071359684189486927e+01 1.934504792332268153e+01 3.254663212435233532e+01 4.395689655172413524e+01 1.793661623377075998e+01 1.844931598977659348e+00 1.318363166773434259e+01
6.104662600826284091e+01 1.000000000000000000e+00 4.225000000000000000e+01 2.345048061279100793e+01 1.513520040242144304e+01 6.438549779920359128e+01 6.204340000000000543e+01 8.778695852534562505e+01 9.071689486308214612e+01 3.214057507987220230e+00 3.357253886010362720e+01 5.163793103448275446e+01 3.579091998801318653e+01 1.023520392355497144e+01 2.677531990746979318e+01
6.267292937241786177e+01 1.000000000000000000e+00 5.050000000000000000e+01 2.782775959325662285e+01 7.664307592500632893e+01 7.584359261379169936e+01 6.204340000000000543e+01 8.845760368663594875e+01 9.158922146711972800e+01 2.345686900958466481e+01 3.382901554404145372e+01 4.850862068965517437e+01 1.798994849851210276e+01 4.212226636480052022e+00 2.328468998389829991e+01
5.780375762345072133e+01 1.000000000000000000e+02 5.875000000000000711e+01 2.824421526625635792e+01 4.618552320846031023e+01 6.155026935136590538e+01 5.709340000000000259e+01 8.998594470046083416e+01 9.156695982410553825e+01 2.187539936102236382e+01 2.716062176165803166e+01 5.647413793103447688e+01 1.740322459248315212e+01 2.068624672587670332e+01 1.177147627539556041e+01
5.293458587448356667e+01 1.000000000000000000e+00 7.525000000000000000e+01 3.757549613326197857e+01 4.996580406015674924e+01 5.845156134550951776e+01 5.214339999999999264e+01 8.921949308755760910e+01 9.162385068958624856e+01 2.345686900958466481e+01 2.690414507772020514e+01 7.183620689655172953e+01 1.527980012683722322e+01 3.216950679568942206e+01 1.000000000000000000e+00
6.104662600826284091e+01 1.000000000000000000e+00 7.525000000000000000e+01 3.076326221568103136e+01 1.009363361995646358e+01 6.053648888259738925e+01 6.204340000000000543e+01 9.041935483870967971e+01 9.204929542274635423e+01 2.788498402555910261e+01 1.690155440414507737e+01 7.325862068965517437e+01 1.351334996619996964e+01 3.173966053805067844e+01 1.539550416995689019e+01
5.780375762345072133e+01 1.000000000000000000e+00 7.525000000000000000e+01 2.874557507358844077e+01 2.396673207913030268e+01 6.048716435712280770e+01 5.874670000000000414e+01 9.040110599078340670e+01 9.207567959224465426e+01 2.788498402555910261e+01 4.024093264248704571e+01 7.752586206896550891e+01 3.219739914001574999e+00 2.575541757034408619e+01 1.407493878116364350e+01
5.943006098760574218e+01 1.000000000000000000e+00 7.525000000000000000e+01 3.578464226652394586e+01 3.660147082729973533e+01 6.392480240346015563e+01 6.039999999999999858e+01 8.949322580645161906e+01 9.205671597041774135e+01 3.073162939297124652e+01 3.100777202072539041e+01 8.150862068965517437e+01 3.392362587200591140e+00 2.319361343720292368e+01 1.678455712039239955e+01
5.943006098760574218e+01 1.000000000000000000e+00 7.525000000000000000e+01 3.019531414236018563e+01 3.207333771868206895e+01 5.069369475225984445e+01 6.039999999999999858e+01 8.963921658986176055e+01 9.254894563262043050e+01 3.136421725239616620e+01 2.921243523316062252e+01 8.634482758620688969e+01 1.476678676711431493e+00 1.654554798540299032e+01 1.575739274377065691e+01
4.643911076136140537e+01 1.000000000000000000e+00 7.525000000000000000e+01 3.888569415306395882e+01 1.140733983772080684e+01 5.831503279012024166e+01 4.719340000000000401e+01 9.050603686635945166e+01 9.248463421946831886e+01 3.958785942492012566e+01 1.202849740932642497e+01 9.175000000000000000e+01 3.317573227589186935e+00 1.528772947942893623e+01 1.301200288159490270e+01
6.267292937241786177e+01 1.000000000000000000e+02 7.525000000000000000e+01 3.249469871554722999e+01 4.247009743622927402e+01 4.591068845300123513e+01 6.204340000000000543e+01 9.179714285714285893e+01 9.256461123326005236e+01 4.433226837060703218e+01 9.207253886010363431e+00 9.260344827586207828e+01 3.285353088347004569e+00 2.698025956118024027e+01 1.413060821374990539e+01
5.943006098760574218e+01 1.000000000000000000e+00 7.525000000000000000e+01 3.616942812416376540e+01 6.881934948862321733e+01 4.860262472816505408e+01 6.039999999999999858e+01 9.176064516129032711e+01 9.259841595042973950e+01 3.800638977635782823e+01 1.408031088082901583e+01 8.577586206896552312e+01 6.546072575980375063e+00 1.880417755397478885e+01 1.194012410128941504e+01
5.617745425929568626e+01 1.000000000000000000e+02 7.525000000000000000e+01 3.576110117741503558e+01 5.181776880906659244e+01 3.906310777467822959e+01 5.709340000000000259e+01 9.235373271889400826e+01 9.268004197481511142e+01 5.034185303514377097e+01 6.386010362694300113e+00 9.743965517241379359e+01 3.865867545699730456e+00 2.343083497149649119e+01 2.095685812812257609e+01
3.995337399173716619e+01 1.000000000000000000e+02 7.525000000000000000e+01 4.049056177415039315e+01 3.873481298414256813e+00 2.218288663909954650e+01 4.060000000000000142e+01 9.003156682027649538e+01 9.267179692184689088e+01 3.484345047923322625e+01 1.433678756476684057e+01 8.748275862068966546e+01 1.368328187830595688e+01 2.000043989835809910e+01 1.179033084894887295e+01
6.429923273657288973e+01 1.000000000000000000e+00 6.700000000000000000e+01 3.254540188654000588e+01 2.440647467720371466e+01 3.926786323121371680e+01 6.535000000000000853e+01 9.205718894009216058e+01 9.266107835298819850e+01 4.528115015974440638e+01 8.437823834196890971e+00 9.203448275862068328e+01 2.433968680962569131e+00 3.474827027947292635e+01 1.373093596882337053e+01
5.780375762345072133e+01 1.000000000000000000e+00 6.700000000000000000e+01 3.401194237356168060e+01 1.587760376530343009e+01 5.153725533757759081e+01 5.874670000000000414e+01 9.114930875576037295e+01 9.309641714971017734e+01 4.559744408945687155e+01 6.386010362694300113e+00 1.000000000000000000e+02 1.984818560049062208e+00 3.469467035645513420e+01 9.556995432958128589e+00
6.591579775722998136e+01 1.000000000000000000e+00 6.700000000000000000e+01 3.013944005887074695e+01 4.499040394440292800e+01 7.450909660865448814e+01 6.699339999999999407e+01 9.246778801843316842e+01 9.310053967619428761e+01 4.180191693290735344e+01 4.588341968911917235e+01 8.264655172413792172e+01 1.734715766145611848e+00 2.129772553514798616e+01 1.470019519267466634e+01
8.052331300413142401e+01 1.000000000000000000e+00 7.525000000000000000e+01 2.918387208991169501e+01 1.577943879173268193e+01 5.822247393477724842e+01 8.349670000000000414e+01 9.433829493087557694e+01 9.354082550469718171e+01 4.022044728434504890e+01 2.228756476683937748e+01 7.980172413793104624e+01 6.983286756660696426e+00 2.385052655621974793e+01 1.225342302310018283e+01
8.052331300413142401e+01 1.000000000000000000e+00 7.525000000000000000e+01 2.763582637142092580e+01 2.318379251264217800e+01 6.915675133788442963e+01 8.019010000000000105e+01 9.408737327188940469e+01 9.354494803118129198e+01 3.927156549520766760e+01 1.972279792746114069e+01 7.610344827586206407e+01 5.317636646200806894e+00 1.718832831221785895e+01 1.838369324413537598e+01
7.890674798347433239e+01 1.000000000000000000e+00 7.525000000000000000e+01 2.667766838373026062e+01 9.614759164550918058e+00 8.016387223602573897e+01 7.854670000000000130e+01 9.414211981566819532e+01 9.356391165300819068e+01 3.737380191693290499e+01 2.049222797927461315e+01 7.496551724137930250e+01 1.337794007986563560e+00 2.804733771610271020e+01 7.130717365072029246e+00
9.026165650206570490e+01 1.000000000000000000e+00 7.525000000000000000e+01 2.607409688252608859e+01 1.719633498105472214e+01 5.412581702152489527e+01 9.174339999999999407e+01 9.561115207373272540e+01 9.355978912652408042e+01 3.579233226837060755e+01 2.049222797927461315e+01 8.093965517241379359e+01 1.065431281404408637e+01 2.716429992185459241e+01 1.268469344662989684e+01
8.376618138894353649e+01 1.000000000000000000e+02 7.525000000000000000e+01 2.773126572116671440e+01 4.361757744232685496e+01 6.272826026993729442e+01 8.349670000000000414e+01 9.676995391705068528e+01 9.352103737757346380e+01 4.433226837060703218e+01 1.844041450777201874e+01 7.752586206896550891e+01 7.853092528451261600e+00 1.777667121721778898e+01 1.435969500862295511e+01
8.376618138894353649e+01 1.000000000000000000e+00 7.525000000000000000e+01 2.855156857104629253e+01 1.073652026879874732e+01 7.411967231768454667e+01 8.679340000000000543e+01 9.573889400921659387e+01 9.353175594643214197e+01 3.642492012779552368e+01 2.049222797927461315e+01 7.155172413793103203e+01 6.093472761357855205e+00 1.850697016833514397e+01 2.355238021395164694e+01
1.000000000000000000e+02 1.000000000000000000e+00 7.525000000000000000e+01 2.514517661225582046e+01 4.362797534819020484e+01 6.820236224034806582e+01 1.000000000000000000e+02 9.765046082949308470e+01 9.354824605236856883e+01 3.737380191693290499e+01 1.844041450777201874e+01 7.525000000000000000e+01 5.649773156504589444e+00 2.659270699279772288e+01 1.229895719085146411e+01
9.675713161518788752e+01 1.000000000000000000e+00 7.525000000000000000e+01 2.503263736954776419e+01 1.129923287526382936e+01 7.180210198381583098e+01 9.834669999999999845e+01 9.585751152073733294e+01 9.356473615830502411e+01 3.610862619808306562e+01 1.613212435233160491e+01 7.496551724137930250e+01 5.203106815061572021e+00 1.928971748162419786e+01 1.190360733828102369e+01
1.000000000000000000e+00 1.000000000000000000e+00 1.000000000000000000e+00 1.000000000000000000e+00 1.219765706225116153e+00 1.472629852843714726e+00 1.000000000000000000e+00 2.469032258064515872e+00 1.187987207675394785e+00 1.316293929712460065e+00 1.256476683937823857e+00 1.284482758620689724e+00 3.823564892571659612e+01 8.425355699062995996e+01 9.999590117966232583e+01
1.000000000000000000e+00 1.000000000000000000e+00 1.000000000000000000e+00 1.000000000000000000e+00 1.205301142910337298e+00 1.067438881897261105e+00 1.000000000000000000e+00 1.171207373271889374e+01 1.188811712972216661e+00 1.632587859424920129e+00 1.256476683937823857e+00 1.568965517241379448e+00 3.806564801973642886e+01 8.425523198822425286e+01 9.999709356376055780e+01
1.000000000000000000e+00 1.000000000000000000e+00 1.000000000000000000e+00 1.000000000000000000e+00 1.221225962050383140e+00 1.037313169255496659e+00 1.000000000000000000e+00 1.454064516129032292e+01 1.000000000000000000e+00 1.316293929712460065e+00 1.000000000000000000e+00 1.853448275862068950e+00 3.802749440731474806e+01 8.425523198822425286e+01 9.999470879556409386e+01
1.000000000000000000e+00 1.000000000000000000e+00 1.000000000000000000e+00 1.000000000000000000e+00 1.006115742505229615e+00 1.005786748106690887e+00 1.000000000000000000e+00 1.454064516129032292e+01 1.426269238456925770e+00 1.000000000000000000e+00 1.000000000000000000e+00 1.568965517241379448e+00 3.802749440731474806e+01 8.425523198822425286e+01 9.999768975580967378e+01
1.000000000000000000e+00 1.000000000000000000e+00 1.000000000000000000e+00 1.000000000000000000e+00 1.137672695567965242e+00 1.042154952376843635e+00 1.000000000000000000e+00 1.454064516129032292e+01 1.432040775534679122e+00 1.000000000000000000e+00 1.000000000000000000e+00 1.568965517241379448e+00 3.791248161905624414e+01 8.425188199303565284e+01 9.999590117966232583e+01
1.000000000000000000e+00 1.000000000000000000e+00 1.000000000000000000e+00 1.000000000000000000e+00 1.000000000000000000e+00 1.079558540689226964e+00 1.000000000000000000e+00 1.454064516129032292e+01 1.432865280831501220e+00 1.000000000000000000e+00 1.256476683937823857e+00 1.568965517241379448e+00 3.796871162651316212e+01 8.425271949183280640e+01 9.999768975580967378e+01
1.000000000000000000e+00 1.000000000000000000e+00 1.000000000000000000e+00 1.000000000000000000e+00 1.218236579998065894e+00 1.000000000000000000e+00 1.000000000000000000e+00 1.454064516129032292e+01 1.437812312612432475e+00 1.316293929712460065e+00 1.000000000000000000e+00 1.284482758620689724e+00 3.800769316542501031e+01 8.425439448942711351e+01 9.999530498761320985e+01
1.000000000000000000e+00 1.000000000000000000e+00 1.000000000000000000e+00 1.000000000000000000e+00 1.216568950564477003e+00 1.028164892413660159e+00 1.000000000000000000e+00 1.454064516129032292e+01 1.474090545672596342e+00 1.316293929712460065e+00 1.256476683937823857e+00 1.284482758620689724e+00 3.798202744422994925e+01 8.425523198822425286e+01 9.999470879556409386e+01
1.000000000000000000e+00 1.000000000000000000e+00 1.000000000000000000e+00 1.000000000000000000e+00 2.361025520610334549e+00 9.085930770036647175e+01 1.000000000000000000e+00 1.747414746543778818e+01 1.659304417349590111e+01 1.316293929712460065e+00 1.256476683937823857e+00 1.000000000000000000e+00 3.800500240433198229e+01 8.425606948702140642e+01 9.999530498761320985e+01
2.626303364155026188e+00 1.000000000000000000e+00 9.250000000000000000e+00 1.000000000000000000e+00 3.153687249794489666e+00 6.313667084603591917e+01 1.000000000000000000e+00 1.629253456221198348e+01 3.115133419948030991e+01 1.744728434504792247e+01 1.256476683937823857e+00 1.284482758620689724e+00 1.799533002069816234e+01 8.425355699062995996e+01 9.999359093547199961e+01
2.626303364155026188e+00 1.000000000000000000e+00 9.250000000000000000e+00 8.850254214610650649e+01 1.910079410866734495e+00 5.987891807973978331e+01 2.653299999999999770e+00 1.657082949308755815e+01 3.262060263841694763e+01 1.807987220447284216e+01 1.256476683937823857e+00 1.284482758620689724e+00 1.146733662738429693e+01 8.426088510510504648e+01 9.999418712752111560e+01
2.626303364155026188e+00 1.000000000000000000e+00 9.250000000000000000e+00 9.961586834359111720e+01 2.582424802269633446e+00 4.681004353374544991e+01 2.653299999999999770e+00 1.673506912442396199e+01 3.314086548071156813e+01 1.618210862619808310e+01 1.512953367875647714e+00 1.284482758620689724e+00 1.329084472196862521e+01 8.425837260871358581e+01 9.999418712752111560e+01
2.626303364155026188e+00 1.000000000000000000e+00 9.250000000000000000e+00 1.000000000000000000e+02 1.897883504661624254e+00 3.195755415904861607e+01 2.653299999999999770e+00 1.689930875576036939e+01 3.588234559264441259e+01 1.586581469648562326e+01 1.256476683937823857e+00 1.284482758620689724e+00 1.404191203629495810e+01 8.426004760630787871e+01 9.999306926742902135e+01
1.000000000000000000e+00 1.000000000000000000e+00 1.000000000000000000e+00 1.000000000000000000e+00 8.202123752028479942e+01 1.083105843388561862e+00 1.000000000000000000e+00 1.717760368663594406e+01 3.681321207275634322e+01 1.080511182108626222e+01 1.000000000000000000e+00 1.284482758620689724e+00 3.140180568816162676e+01 8.426172260390218582e+01 9.998897044709134718e+01
2.626303364155026188e+00 1.000000000000000000e+02 1.000000000000000000e+00 1.000000000000000000e+00 4.496576460516120477e+01 9.069119027459052518e+01 1.000000000000000000e+00 1.732359447004608199e+01 3.925539676194283345e+01 8.274760383386581708e+00 1.256476683937823857e+00 1.284482758620689724e+00 2.066953258392512538e+01 8.425837260871358581e+01 9.999016283118957915e+01
4.242868384812119587e+00 1.000000000000000000e+00 9.250000000000000000e+00 5.802883328873427615e+01 4.245288963150645856e+00 4.550074361429808079e+01 4.296700000000000408e+00 1.751064516129032356e+01 4.097696382170697404e+01 2.092651757188498607e+01 1.000000000000000000e+00 1.284482758620689724e+00 2.471947299830651446e+01 8.425596479967175867e+01 9.998777806299311521e+01
2.626303364155026188e+00 1.000000000000000000e+00 9.250000000000000000e+00 9.009205244848809002e+01 4.975818408015932448e+00 9.126283528972290071e+01 2.653299999999999770e+00 1.760645161290322847e+01 4.230359284429341926e+01 1.839616613418530378e+01 1.000000000000000000e+00 1.284482758620689724e+00 2.298455303816964346e+01 8.425763979726606578e+01 9.998777806299311521e+01
9.102301790281330796e+00 1.000000000000000000e+00 1.750000000000000000e+01 3.989627374899652068e+01 4.916075240476272867e+00 6.120674861232821229e+01 7.593400000000000816e+00 1.781175115207373238e+01 4.536663002198680772e+01 2.630351437699680517e+01 1.000000000000000000e+00 1.284482758620689724e+00 1.282782683234488452e+01 8.425596479967175867e+01 9.999016283118957915e+01
5.869171748967145774e+00 1.000000000000000000e+02 1.750000000000000000e+01 5.121626086432967639e+01 4.432467773560095026e+01 3.128744050187646408e+01 5.950000000000000178e+00 1.803986175115207402e+01 5.014051569058564439e+01 3.262939297124600557e+01 1.256476683937823857e+00 1.284482758620689724e+00 4.204282498553916447e+00 8.425680229846892644e+01 9.998837425504223120e+01
5.869171748967145774e+00 1.000000000000000000e+00 9.250000000000000000e+00 6.112813303451966362e+01 2.667642902708077912e+00 3.974155278968142113e+01 5.950000000000000178e+00 1.833640552995391459e+01 5.229494803118129909e+01 2.598722044728434710e+01 1.256476683937823857e+00 1.284482758620689724e+00 2.074038929270825449e+01 8.425512730087461932e+01 9.999016283118957915e+01
7.495475113122171962e+00 1.000000000000000000e+00 9.250000000000000000e+00 4.153692801712603710e+01 2.778308489538321435e+00 4.614157566078358030e+01 7.603299999999999947e+00 1.692668202764976826e+01 7.178295522686389063e+01 2.661980830670926323e+01 1.000000000000000000e+00 1.568965517241379448e+00 1.694952087587374834e+01 8.426088510510504648e+01 9.998777806299311521e+01
9.112040133779263584e+00 1.000000000000000000e+00 9.250000000000000000e+00 4.114573187048434733e+01 3.158297500564794191e+00 7.273040425349752525e+01 9.246700000000000585e+00 1.709092165898617566e+01 7.241617529482310545e+01 2.440575079872204256e+01 1.256476683937823857e+00 1.284482758620689724e+00 1.898173543985337020e+01 8.426256010269935359e+01 9.998606401085190498e+01
7.495475113122171962e+00 1.000000000000000000e+00 1.750000000000000000e+01 4.374090179288199209e+01 3.082248312399201939e+00 3.732645691887262274e+01 7.603299999999999947e+00 1.717304147465437936e+01 7.245822506496102733e+01 3.009904153354632328e+01 1.000000000000000000e+00 1.284482758620689724e+00 1.574323197970604404e+01 8.426256010269935359e+01 9.998546781880278900e+01
1.073834349793429155e+01 1.000000000000000000e+00 9.250000000000000000e+00 4.199194991972170499e+01 5.675411319226984830e+00 9.144868236172538900e+01 1.090000000000000036e+01 1.759732718894009196e+01 7.350452228662801701e+01 2.978274760383386521e+01 1.000000000000000000e+00 1.284482758620689724e+00 2.125763636743768004e+01 8.425921010751073936e+01 9.998844877904836892e+01
9.112040133779263584e+00 1.000000000000000000e+00 1.750000000000000000e+01 4.091260369280171005e+01 3.090816451130297793e+00 9.100839034091835344e+01 9.246700000000000585e+00 1.768400921658986391e+01 7.359356885868479026e+01 3.832268370607028629e+01 1.256476683937823857e+00 1.284482758620689724e+00 7.828047752123826086e+00 8.426172260390218582e+01 9.998666020290102097e+01
1.236464686208931774e+01 1.000000000000000000e+00 2.575000000000000000e+01 4.484966926679154398e+01 6.162387831013550255e+00 3.171887295732394207e+01 1.255330000000000013e+01 1.774331797235022989e+01 7.364221467119728004e+01 3.705750798722044692e+01 1.256476683937823857e+00 1.284482758620689724e+00 1.224641545462781522e+01 8.425837260871358581e+01 9.998725639495012274e+01
9.112040133779263584e+00 1.000000000000000000e+00 1.750000000000000000e+01 3.436588172330746005e+01 7.508799611460963419e+00 3.171708968464266221e+01 9.246700000000000585e+00 2.124253456221197922e+01 7.368261543074154929e+01 2.408945686900958449e+01 1.512953367875647714e+00 1.284482758620689724e+00 2.630046762514722047e+01 8.425921010751073936e+01 9.998725639495012274e+01
9.112040133779263584e+00 1.000000000000000000e+00 9.250000000000000000e+00 4.429539068771742194e+01 3.811910396816936331e+00 4.679652924684188520e+01 7.603299999999999947e+00 2.137483870967741950e+01 7.369086048370976982e+01 1.871246006389776184e+01 1.256476683937823857e+00 1.284482758620689724e+00 2.524410241757322737e+01 8.426172260390218582e+01 9.998546781880278900e+01
1.236464686208931774e+01 1.000000000000000000e+00 1.750000000000000000e+01 9.054480532512711477e+01 4.747060412873091551e+00 3.131589990003157808e+01 1.419669999999999987e+01 2.155732718894009281e+01 7.374362882270638408e+01 3.674121405750798885e+01 1.256476683937823857e+00 1.284482758620689724e+00 8.544894104856750161e+00 8.426088510510504648e+01 9.998434995871068054e+01
1.398121188274640936e+01 1.000000000000000000e+00 1.750000000000000000e+01 4.299659563821246877e+01 5.024882151239761896e+01 4.322065276638364395e+01 1.584999999999999964e+01 2.259294930875575957e+01 8.009891565060964069e+01 3.610862619808306562e+01 1.000000000000000000e+00 1.284482758620689724e+00 1.639191238474887058e+01 8.426256010269935359e+01 9.998658567889486903e+01
1.560751524690143555e+01 1.000000000000000000e+00 1.750000000000000000e+01 3.886493176344662004e+01 2.213361418581697748e+01 6.094595129557298918e+01 1.419669999999999987e+01 2.503373271889400797e+01 8.008077653407954699e+01 3.357827476038338688e+01 1.256476683937823857e+00 1.568965517241379448e+00 1.049086632611104442e+01 8.426088510510504648e+01 9.998897044709134718e+01
1.723381861105645996e+01 1.000000000000000000e+00 1.750000000000000000e+01 3.828181696548033131e+01 4.064497805111153994e+00 6.193923890029105195e+01 1.750329999999999941e+01 2.995635944700460840e+01 8.011458125124924834e+01 2.946645367412140715e+01 1.256476683937823857e+00 1.284482758620689724e+00 1.437425552822128338e+01 8.425606948702140642e+01 9.999068449923254320e+01
1.560751524690143555e+01 1.000000000000000000e+00 1.750000000000000000e+01 3.827254482204977393e+01 1.106499371102259843e+01 6.194074154483929107e+01 1.750329999999999941e+01 3.237433179723502974e+01 8.012529982010794072e+01 3.389456869009584494e+01 1.000000000000000000e+00 1.284482758620689724e+00 1.958212013297001164e+01 8.425523198822425286e+01 9.999306926742902135e+01
1.723381861105645996e+01 1.000000000000000000e+00 1.750000000000000000e+01 3.738752123360984569e+01 3.813150572317685061e+00 6.185753011717227423e+01 1.584999999999999964e+01 4.667230414746543943e+01 8.011787927243653940e+01 3.073162939297124652e+01 1.000000000000000000e+00 1.000000000000000000e+00 1.803852018593500617e+01 8.425271949183280640e+01 9.999299474342288363e+01
1.398121188274640936e+01 1.000000000000000000e+00 1.750000000000000000e+01 3.944959191865132908e+01 4.300232803983002228e+00 6.197602557883556074e+01 1.419669999999999987e+01 5.142612903225806775e+01 8.181388666799919918e+01 3.231309904153354751e+01 1.000000000000000000e+00 1.284482758620689724e+00 1.115776111393745929e+01 8.425606948702140642e+01 9.999537951161934757e+01
2.210299036002360751e+01 1.000000000000000000e+00 1.750000000000000000e+01 3.125243401123896092e+01 4.986013768823113423e+00 6.099079235205275040e+01 2.245329999999999870e+01 5.614801843317972896e+01 8.185511193284030185e+01 3.199680511182108944e+01 1.256476683937823857e+00 1.284482758620689724e+00 1.778489870444836285e+01 8.425355699062995996e+01 9.999299474342288363e+01
2.210299036002360751e+01 1.000000000000000000e+00 1.750000000000000000e+01 3.321679264115600461e+01 1.657362888474091278e+01 6.087603025318922789e+01 2.245329999999999870e+01 6.092465437788018789e+01 8.183202578452927867e+01 4.211821086261981151e+01 1.000000000000000000e+00 1.284482758620689724e+00 7.352059014154197492e+00 8.425355699062995996e+01 9.999880761590176803e+01
1.885038363171355513e+01 1.000000000000000000e+00 1.750000000000000000e+01 3.367167295959325912e+01 3.981106930461722371e+00 6.136495713955989117e+01 2.080000000000000071e+01 6.800064516129032199e+01 8.183697281631022236e+01 4.433226837060703218e+01 1.256476683937823857e+00 1.284482758620689724e+00 3.980535364587326264e+00 8.425355699062995996e+01 9.999821142385265205e+01
2.047668699586858310e+01 1.000000000000000000e+00 1.750000000000000000e+01 4.398795820176611926e+01 4.672128145061144266e+00 8.989163265265879943e+01 1.914669999999999916e+01 7.046880184331797636e+01 8.184356885868479026e+01 4.591373801916932962e+01 1.000000000000000000e+00 1.000000000000000000e+00 8.402283766926148090e+00 8.425523198822425286e+01 9.999821142385265205e+01
1.885038363171355513e+01 1.000000000000000000e+00 2.575000000000000000e+01 3.808777087235750969e+01 4.550515213959229754e+00 8.100649508129862397e+01 1.914669999999999916e+01 7.084746543778801708e+01 8.185593643813712106e+01 4.591373801916932962e+01 1.256476683937823857e+00 1.000000000000000000e+00 1.367116404513174954e+00 8.425271949183280640e+01 1.000000000000000000e+02
1.885038363171355513e+01 1.000000000000000000e+02 3.400000000000000000e+01 4.327160829542413722e+01 4.066225498037045583e+01 5.610590845493481282e+01 1.914669999999999916e+01 7.092046082949309493e+01 8.368139116530082333e+01 5.666773162939296782e+01 1.256476683937823857e+00 1.284482758620689724e+00 8.395591361130662733e+00 8.425523198822425286e+01 9.999470879556409386e+01
1.723381861105645996e+01 1.000000000000000000e+00 3.400000000000000000e+01 4.666957452502007442e+01 3.587537997702050507e+00 3.806053268782979160e+01 1.750329999999999941e+01 7.071516129032258391e+01 8.368798720767539123e+01 5.065814696485622903e+01 1.000000000000000000e+00 1.284482758620689724e+00 1.809433623014683690e+01 8.425188199303565284e+01 9.999478331957021737e+01
2.047668699586858310e+01 1.000000000000000000e+00 3.400000000000000000e+01 3.846767678619212916e+01 8.229241180476215334e+01 5.782524828185637489e+01 2.080000000000000071e+01 7.087027649769585480e+01 8.371602038776732968e+01 4.876038338658146643e+01 1.256476683937823857e+00 1.284482758620689724e+00 1.531760876988800746e+01 8.425271949183280640e+01 9.999299474342288363e+01
2.210299036002360751e+01 1.000000000000000000e+02 3.400000000000000000e+01 3.870003699491570615e+01 4.015493323701350903e+01 5.399141245556369029e+01 2.245329999999999870e+01 7.117138248847926718e+01 8.371437137717369126e+01 5.382108626198083812e+01 1.256476683937823857e+00 1.000000000000000000e+00 2.134912224460070718e+01 8.425523198822425286e+01 9.999418712752111560e+01
2.534585874483572709e+01 1.000000000000000000e+00 3.400000000000000000e+01 3.075975381321916302e+01 7.338408392359410115e+00 5.506412869511077446e+01 2.575000000000000000e+01 7.127175115207373324e+01 8.371931840895462074e+01 4.970926517571884773e+01 1.256476683937823857e+00 1.284482758620689724e+00 1.704873406694496296e+01 8.425188199303565284e+01 9.998956663914046317e+01
2.697216210899075506e+01 1.000000000000000000e+00 3.400000000000000000e+01 4.084390888413165754e+01 8.855209358833784350e+00 5.538212050045887480e+01 2.740329999999999799e+01 7.155460829493087260e+01 8.570720067959224764e+01 5.413738019169328908e+01 1.256476683937823857e+00 1.568965517241379448e+00 2.263689290617530148e+01 8.425439448942711351e+01 9.998777806299311521e+01
2.210299036002360751e+01 1.000000000000000000e+00 3.400000000000000000e+01 3.633524421996254006e+01 5.150674258920181714e+00 5.565382626123454912e+01 2.245329999999999870e+01 7.137211981566819929e+01 8.571627023785728738e+01 4.939297124600638966e+01 1.256476683937823857e+00 1.568965517241379448e+00 1.449878947111665539e+01 8.425690698581855997e+01 9.999016283118957915e+01
2.210299036002360751e+01 1.000000000000000000e+00 3.400000000000000000e+01 4.024418944340379767e+01 5.348315285038802713e+00 3.737522283484147323e+01 2.409670000000000201e+01 7.145423963133640655e+01 8.576079352388566690e+01 5.318849840255590777e+01 1.000000000000000000e+00 1.568965517241379448e+00 1.289047327010056421e+01 8.425523198822425286e+01 9.998777806299311521e+01
2.534585874483572709e+01 1.000000000000000000e+00 3.400000000000000000e+01 3.550309642761573770e+01 3.993226342235331572e+00 5.498447437030986151e+01 2.409670000000000201e+01 7.175078341013825423e+01 8.576986308215072086e+01 5.318849840255590777e+01 1.256476683937823857e+00 1.568965517241379448e+00 1.191683171766870331e+01 8.425271949183280640e+01 9.998897044709134718e+01
2.697216210899075506e+01 1.000000000000000000e+00 3.400000000000000000e+01 3.220729361787530109e+01 4.685327881845754661e+00 3.382414678516512652e+01 2.740329999999999799e+01 7.175078341013825423e+01 9.343693783729762004e+01 5.508626198083067038e+01 1.256476683937823857e+00 1.568965517241379448e+00 1.107621035465638926e+01 8.425271949183280640e+01 9.999046092721413004e+01
2.047668699586858310e+01 1.000000000000000000e+00 2.575000000000000000e+01 3.347792342788333286e+01 5.069227765983092659e+00 6.866576305439168948e+01 1.914669999999999916e+01 7.177359447004607773e+01 9.346662002798321112e+01 3.579233226837060755e+01 1.000000000000000000e+00 1.568965517241379448e+00 2.839519063913416019e+01 8.425355699062995996e+01 9.998636210687645587e+01
2.858872712964784313e+01 1.000000000000000000e+00 2.575000000000000000e+01 2.926777277227722962e+01 8.039445040664675801e+00 9.038484571707577686e+01 2.575000000000000000e+01 8.253585253456220983e+01 9.347074255446732138e+01 4.623003194888178768e+01 1.000000000000000000e+00 1.568965517241379448e+00 1.658502623857942382e+01 8.425523198822425286e+01 9.998636210687645587e+01
3.508420224277001864e+01 1.000000000000000000e+00 4.225000000000000000e+01 3.208456649719025222e+01 5.708565683126102464e+00 6.708257737356848338e+01 3.399669999999999703e+01 8.317000000000000171e+01 9.353175594643214197e+01 7.058466453674121510e+01 1.256476683937823857e+00 1.568965517241379448e+00 1.605301447477542354e+01 8.425565073762284385e+01 9.998606401085190498e+01
2.697216210899075506e+01 1.000000000000000000e+00 4.225000000000000000e+01 3.257413199090179035e+01 2.735289506792738123e+01 6.299385966840835493e+01 2.740329999999999799e+01 8.312894009216590518e+01 9.356308714771137147e+01 6.805431309904153636e+01 1.256476683937823857e+00 1.568965517241379448e+00 7.726488769330480899e+00 8.424811324844846183e+01 9.998755449097468784e+01
2.534585874483572709e+01 1.000000000000000000e+00 2.575000000000000000e+01 3.603369012576933272e+01 4.416967943249947126e+01 9.203212012497729688e+01 2.575000000000000000e+01 8.338442396313364213e+01 9.361338197081751389e+01 6.710543130990414795e+01 1.512953367875647714e+00 1.568965517241379448e+00 3.422945062756549106e+01 8.425397574002853673e+01 9.998516972277822390e+01
2.047668699586858310e+01 1.000000000000000000e+00 3.400000000000000000e+01 4.000493929622692235e+01 7.722326828302394475e+00 6.899290757169359267e+01 2.080000000000000071e+01 7.196520737327189465e+01 9.360348790725565493e+01 5.002555910543130580e+01 1.512953367875647714e+00 5.267241379310345195e+00 3.488171871406569124e+01 8.425606948702140642e+01 9.606714462399627052e+01
3.832707062758213112e+01 1.000000000000000000e+02 4.225000000000000000e+01 6.674991704575863594e+01 2.985350198433213809e+00 5.871960642209444359e+01 4.224340000000000117e+01 7.266322580645160656e+01 9.367274635218868184e+01 5.350479233226837295e+01 1.512953367875647714e+00 2.262068965517241637e+01 4.208578308047194838e+01 8.425690698581855997e+01 7.452866351357353381e+01
3.670076726342711027e+01 1.000000000000000000e+00 4.225000000000000000e+01 3.101043621889215984e+01 6.981201252801098711e+00 7.647276510858483789e+01 3.729339999999999833e+01 7.353460829493087658e+01 9.394235958424944499e+01 4.749520766773162705e+01 1.256476683937823857e+00 1.693103448275861922e+01 3.605226878340801733e+01 8.424706637495202699e+01 7.406765801159413343e+01
4.482254574070431374e+01 1.000000000000000000e+00 5.050000000000000000e+01 2.779747574257426379e+01 5.049238576600531658e+00 5.260805525108438019e+01 4.555000000000000426e+01 7.274990783410139272e+01 9.389371377173695521e+01 4.717891373801916899e+01 1.256476683937823857e+00 1.664655172413792883e+01 4.004045968039807235e+01 8.425125386893778057e+01 7.144344418340132563e+01
3.670076726342711027e+01 1.000000000000000000e+00 5.050000000000000000e+01 2.914884929087503451e+01 4.832415491712129807e+00 2.971834853387514741e+01 3.729339999999999833e+01 7.272253456221197609e+01 9.390855486707974364e+01 4.306709265175719281e+01 1.256476683937823857e+00 1.607758620689655515e+01 3.828594545999400367e+01 8.425041637014062701e+01 6.680596432934792972e+01
4.156993901239425782e+01 1.000000000000000000e+00 4.225000000000000000e+01 2.718153063955044146e+01 8.141680851041327571e+01 7.612326319185451950e+01 4.224340000000000117e+01 7.306926267281106391e+01 9.394235958424944499e+01 4.433226837060703218e+01 1.256476683937823857e+00 1.863793103448275801e+01 5.979506171118746494e+01 8.424874137254633411e+01 7.007861153496116913e+01
3.345789887861499068e+01 1.000000000000000000e+02 4.225000000000000000e+01 5.741665105699759408e+01 4.413027274044756254e+00 6.237873438929552350e+01 3.399669999999999703e+01 7.587046082949308357e+01 9.493176594043573857e+01 1.839616613418530378e+01 1.256476683937823857e+00 6.216379310344827758e+01 8.199729042239583521e+01 8.424790387374916634e+01 1.410430123958263593e+01
2.534585874483572709e+01 1.000000000000000000e+00 3.400000000000000000e+01 6.966794888948354014e+01 3.803978215369587446e+01 6.978779158708843511e+01 2.740329999999999799e+01 7.551460829493086635e+01 9.501916350189885918e+01 3.530351437699680517e+00 1.512953367875647714e+00 5.732758620689655515e+01 9.997005665860577039e+01 8.424957887134347345e+01 3.368160860443636295e+01
3.184133385795789550e+01 1.000000000000000000e+00 2.575000000000000000e+01 4.086618881455713392e+01 1.774943216123981671e+01 9.174499283608386691e+01 3.235329999999999728e+01 7.634036866359447515e+01 9.489548770737556538e+01 4.162939297124600202e+00 1.256476683937823857e+00 6.728448275862068328e+01 9.990561638012140122e+01 8.425041637014062701e+01 4.504011047619334818e+01
2.534585874483572709e+01 1.000000000000000000e+00 3.400000000000000000e+01 4.165246186780840532e+01 1.614904107880605721e+01 9.045465273416151319e+01 2.409670000000000201e+01 7.450635944700461266e+01 9.489878572856287064e+01 3.846645367412140359e+00 1.000000000000000000e+00 6.102586206896551602e+01 9.991292973078451212e+01 8.424874137254633411e+01 2.838772130430560381e+01
2.858872712964784313e+01 1.000000000000000000e+02 4.225000000000000000e+01 4.139563821246989761e+01 3.935504570659723100e+01 9.201158162219402925e+01 2.904670000000000130e+01 7.735774193548387245e+01 9.487487507495502825e+01 3.846645367412140359e+00 2.538860103626943143e+00 6.330172413793103203e+01 9.998137165397132264e+01 7.932728437842679625e+01 2.737359862875828753e+01
5.130828251032853871e+01 1.000000000000000000e+00 5.050000000000000000e+01 5.462987243778431434e+01 6.366700072580762537e+01 5.969044599372502091e+01 5.545000000000000284e+01 7.707944700460829779e+01 9.495072956226263727e+01 4.162939297124600202e+00 2.126165803108808205e+01 5.078448275862069039e+01 9.992058805081850892e+01 3.563183151046926156e+01 3.979712307225591417e+01
4.482254574070431374e+01 1.000000000000000000e+00 5.050000000000000000e+01 3.344830466952100068e+01 5.798652144705788913e+01 6.729087719990667438e+01 4.555000000000000426e+01 7.695626728110599402e+01 9.494660703577852701e+01 4.162939297124600202e+00 2.613471502590673623e+01 5.362931034482758719e+01 9.987436215511773696e+01 3.758341308253486801e+01 1.906640766438000867e+01
4.643911076136140537e+01 1.000000000000000000e+00 5.875000000000000711e+01 3.468058798501471784e+01 8.143717878576612890e+00 6.961549349601052938e+01 4.719340000000000401e+01 7.626281105990783260e+01 9.506368678792725291e+01 5.111821086261980618e+00 2.998186528497409142e+01 5.846551724137930961e+01 9.995680983476316328e+01 3.089075081978654325e+01 2.362615898002982462e+01
4.806541412551643333e+01 1.000000000000000000e+00 5.875000000000000711e+01 2.959641874498261060e+01 7.681057865338216573e+01 7.088475894734000349e+01 5.050000000000000000e+01 7.642248847926268240e+01 9.501586548071156813e+01 4.162939297124600202e+00 2.818652849740932353e+01 4.566379310344827047e+01 9.993631865413161108e+01 3.926448254312008856e+01 2.124563865191342416e+01
5.617745425929568626e+01 1.000000000000000000e+02 5.875000000000000711e+01 3.085515210061546654e+01 4.342204751003706775e+01 6.066890787754435621e+01 5.379670000000000130e+01 7.760410138248848000e+01 9.513294523286027982e+01 5.111821086261980618e+00 3.382901554404145372e+01 5.050000000000000000e+01 9.993231700942915552e+01 2.820845154720500858e+01 2.782692815810531428e+01
4.319624237654928578e+01 1.000000000000000000e+02 5.875000000000000711e+01 3.374742180893765209e+01 4.277814203669017701e+01 4.720764574197917085e+01 4.389670000000000272e+01 7.677377880184332071e+01 9.530609134519288261e+01 5.744408945686901191e+00 2.587823834196891326e+01 5.135344827586206407e+01 9.982130586587312848e+01 3.443567385343559550e+01 2.655435622926595229e+01
3.832707062758213112e+01 1.000000000000000000e+00 5.050000000000000000e+01 3.747247849879582304e+01 2.734443468214963247e+01 7.874137946047666503e+01 3.894669999999999987e+01 7.664147465437787332e+01 9.531845892464521341e+01 6.060702875399361034e+00 2.690414507772020514e+01 4.082758620689655515e+01 9.987015352879274133e+01 1.879831506239471750e+01 4.659438314824029703e+01
4.643911076136140537e+01 1.000000000000000000e+00 5.875000000000000711e+01 3.430999807332084828e+01 8.127004593834719515e+01 5.601494409387819928e+01 4.555000000000000426e+01 7.763147465437788242e+01 9.577935738556865886e+01 7.009584664536740561e+00 3.434196891191709256e+01 4.111206896551723844e+01 9.982323769435016914e+01 7.345937760727015764e+00 4.014604446900139578e+01
3.670076726342711027e+01 1.000000000000000000e+02 5.875000000000000711e+01 3.957298633930960818e+01 7.650182095200833032e+01 5.712270322609185058e+01 3.729339999999999833e+01 7.782764976958524983e+01 9.578595342794324097e+01 8.274760383386581708e+00 4.819170984455958262e+01 3.997413793103448398e+01 9.966048114515892564e+01 1.046899932640563913e+00 3.860913589038497662e+01
6.104662600826284091e+01 1.000000000000000000e+02 5.875000000000000711e+01 5.558205739898314590e+01 5.267130587420349030e+01 8.804651226346285853e+01 6.204340000000000543e+01 9.557009216589861467e+01 9.975099940035978818e+01 5.445367412140575425e+01 5.639896373056994605e+01 1.568965517241379448e+00 4.226806489605619532e+01 6.637452798165962520e+01 9.908663378075338812e+01
5.617745425929568626e+01 1.000000000000000000e+02 5.875000000000000711e+01 3.913781506556060918e+01 5.483270014012401106e+00 7.148218498220349204e+01 5.709340000000000259e+01 9.468046082949308584e+01 9.974770137917249713e+01 6.710543130990414795e+01 4.049740932642486513e+01 1.568965517241379448e+00 1.774798698176192246e+01 9.840508822817189127e+01 9.908424901255690997e+01
8.376618138894353649e+01 1.000000000000000000e+00 6.700000000000000000e+01 3.869823231201498714e+01 8.166319122918889661e+01 9.297157705892770707e+01 8.514010000000000389e+01 9.466221198156682703e+01 9.979057565460723822e+01 9.620447284345047478e+01 4.177979274611399063e+01 1.568965517241379448e+00 1.198099602065634883e+01 1.000000000000000000e+02 9.909527856546557700e+01
7.890674798347433239e+01 1.000000000000000000e+02 7.525000000000000000e+01 3.769766574792613767e+01 4.415246437339685315e+01 8.889143607343810061e+01 8.020000000000000284e+01 9.749990783410139272e+01 9.979799620227863954e+01 9.873482428115015352e+01 4.973056994818652754e+01 1.853448275862068950e+00 3.668338083921639736e+00 7.098904166662261161e+01 9.909229760521999708e+01
8.377591973244146573e+01 1.000000000000000000e+00 8.350000000000000000e+01 3.934579748461332827e+01 8.764425194570885935e+01 9.228666071482541611e+01 8.844669999999999277e+01 9.568870967741935374e+01 9.980706576054367929e+01 1.000000000000000000e+02 6.075906735751295429e+01 1.853448275862068950e+00 1.268949411461345989e+01 8.711288257145969283e+01 9.909259570124454797e+01
7.728044461931929732e+01 1.000000000000000000e+02 9.175000000000000000e+01 4.352791123896172820e+01 7.631546235781903498e+00 7.793475606137405975e+01 7.689339999999999975e+01 9.770976958525345424e+01 9.982025784529282930e+01 9.082747603833865924e+01 7.589119170984456275e+01 1.568965517241379448e+00 2.377253207518241496e+01 2.709960313977452984e+01 9.909147784115246793e+01
8.539248475309857156e+01 1.000000000000000000e+00 1.000000000000000000e+02 4.000806562750869233e+01 3.499362700168258300e+01 7.948206025569854205e+01 8.844669999999999277e+01 9.597156682027649310e+01 9.985571157305616907e+01 9.240894568690096378e+01 7.332642487046632596e+01 1.568965517241379448e+00 2.073066115644883567e+01 4.013956409879524756e+01 9.909207403320158392e+01
7.728044461931929732e+01 1.000000000000000000e+02 1.000000000000000000e+02 4.357110868343591648e+01 5.386864666500501109e+00 5.191029496579219682e+01 7.525000000000000000e+01 9.883207373271888230e+01 9.986065860483709855e+01 8.798083067092650822e+01 6.794041450777201874e+01 1.949137931034482563e+01 2.171989532444543514e+01 5.011218571324337034e+01 8.560978703447901239e+01
7.728044461931929732e+01 1.000000000000000000e+00 1.000000000000000000e+02 4.052294201230934334e+01 8.472957953953572030e+01 6.473458360228364938e+01 7.854670000000000130e+01 9.615861751152074532e+01 9.985736058364980750e+01 7.785942492012779326e+01 5.434715025906736230e+01 1.806896551724138078e+01 2.348199887100933125e+01 3.574238135169344588e+01 8.551044653429497089e+01
7.728044461931929732e+01 1.000000000000000000e+02 1.000000000000000000e+02 5.246825528498795421e+01 5.927795482440488684e+01 1.000000000000000000e+02 8.349670000000000414e+01 9.728092165898617338e+01 9.996537077753347944e+01 8.861341853035143856e+01 6.999222797927461670e+01 2.034482758620689680e+01 1.721742408931570623e+01 3.739811647366478553e+01 8.505592462084970862e+01
6.754210112138501643e+01 1.000000000000000000e+02 1.000000000000000000e+02 4.234228740968691085e+01 6.296528821881945071e+00 3.436018529074075190e+01 6.535000000000000853e+01 9.453447004608294435e+01 9.993568858684788836e+01 8.038977635782747200e+01 5.691191709844559909e+01 2.006034482758620641e+01 4.459591821089824037e+01 3.824985275036931398e+01 8.031254615407198116e+01
7.890674798347433239e+01 1.000000000000000000e+00 9.175000000000000000e+01 7.078958065293015522e+01 9.655777879136014974e+01 7.538809881751150499e+01 7.689339999999999975e+01 9.797437788018433480e+01 9.994228462922247047e+01 5.635143769968051686e+01 4.870466321243523566e+01 2.006034482758620641e+01 2.606678537329867140e+01 2.875921169368270114e+01 8.021939114639752688e+01
4.969171748967145419e+01 1.000000000000000000e+02 1.000000000000000000e+02 5.802975903130853652e+01 4.222759611098295096e+01 4.223585375136926245e+01 5.214339999999999264e+01 9.688400921658985965e+01 9.994558265040974732e+01 6.520766773162938534e+01 6.127202072538860733e+01 1.778448275862068684e+01 3.971832728185042782e+01 1.419699198348689251e+01 8.348003998702228046e+01
6.104662600826284091e+01 1.000000000000000000e+00 1.000000000000000000e+02 9.265939814021942311e+01 1.000000000000000000e+02 7.203485866282655081e+01 6.369669999999999987e+01 1.000000000000000000e+02 9.999340395762543210e+01 3.452715654952076818e+01 4.485751295336788047e+01 1.806896551724138078e+01 5.875746283739049858e+01 2.027126607188742824e+01 8.831702060551131694e+01
7.565414125516426225e+01 1.000000000000000000e+02 1.000000000000000000e+02 4.899793189724378095e+01 5.954358034005370826e+01 4.359557996394482871e+01 7.689339999999999975e+01 9.889594470046083075e+01 1.000000000000000000e+02 6.615654952076677375e+01 1.000000000000000000e+02 1.835344827586207117e+01 4.347883839404561712e+01 1.930374558647650929e+01 8.673934739553654083e+01
