0.00014985
0.82408424
1.10264960
1.05013769
1.40123471
1.43166017
1.71517945
1.79696162
1.96060357
2.04753560
2.30761823
2.40694367
2.60597488
2.65720317
2.93197229
3.11390776
3.25325550
3.48826082
3.54888805
3.90513252
3.95262044
4.14309717
4.31071244
4.48583344
4.65451825
4.74840540
5.06441297
5.10006424
5.31912680
5.44831882
5.64350327
5.88103827
5.93123517
6.20705857
6.25390541
6.51832114
6.66246187
6.81842253
6.93320021
7.07318066
7.35495480
7.30054437
7.61315139
7.70127979
7.94900311
8.15603392
8.27537655
8.50750580
8.53381667
8.84508177
8.90736039
9.05207818
9.21473201
9.28531834
9.55811627
9.66938739
9.88456284
9.93135115
10.18089177
10.23074137
10.46315535
10.67256618
10.72407301
11.00612906
11.09995301
11.39517115
11.29334777
11.45673642
11.62411110
11.68333220
11.94911946
12.02788388
12.27954020
12.38154646
12.52731454
12.58896792
12.71772687
12.85279410
13.01354511
13.18893401
13.20288107
13.33258079
13.50074300
13.55089970
13.60749658
13.84543046
14.00249631
14.13258193
14.19766897
14.32626763
14.47504261
14.66284161
14.51635198
14.77157587
14.76095275
14.95532042
14.95390390
15.07248012
15.25806265
15.27489678
15.25538146
14.93862011
15.28926721
15.11438349
15.40108363
14.98734529
15.61718990
15.70204127
15.23792516
15.24906048
15.56677723
15.28220286
15.76799774
15.56298395
15.30630225
15.39505451
15.69687817
15.29749858
15.66194817
15.57589644
15.52351525
15.16649065
15.50954501
15.52025924
15.48862509
15.31900654
15.59660623
15.49321804
15.63259726
15.66035032
15.50720778
15.70339770
15.43404556
15.74223521
15.63527937
15.62004043
15.63341687
15.47254144
15.47696456
15.52821905
15.45820552
15.63242152
15.62609630
15.61938280
15.55284555
15.59770556
15.63214995
15.59631201
15.86192619
15.62252361
15.36682869
15.53173454
15.55378022
15.56908990
15.63793304
15.75659191
15.49709669
15.80599587
15.61654034
15.58129735
15.77758340
15.61664225
15.69481993
15.64315387
15.75217700
15.69756823
15.83743508
15.78271752
15.62938678
15.72955088
15.61173416
15.63606398
15.71999271
15.72627327
15.70826992
15.66391846
15.74868908
15.77410068
15.59789847
15.71645134
15.66425993
15.79550158
15.68416555
15.81243395
15.73474069
15.73847177
15.85753173
15.78855100
15.83223257
15.75864666
15.81904378
15.91072326
15.74330042
15.81897564
15.78830702
15.84298159
15.78321761
15.83077970
15.81135400
15.87051543
15.95631079
15.84519522
15.88272291
15.74361186
15.80231084
15.94161806
15.90990929
15.80011563
15.63124380
15.81796575
15.69985305
15.98365301
15.90166088
15.88517790
15.92742391
15.95366629
16.44241347
15.94407345
15.91236764
16.09389121
15.98894001
15.91354800
16.03088564
16.09234820
15.91638294
15.90268450
15.95549957
16.08233898
16.05967504
16.12447332
16.01096980
15.97894445
16.10807494
16.11682000
16.11035023
15.97398921
16.10513057
16.06520495
16.11005429
16.04932839
16.29865742
16.11757068
16.03678762
16.02502899
16.10755856
16.13655821
17.76737690
17.58026585
16.81899705
16.33512395
16.08874084
16.29842541
16.22215388
16.34580323
16.52573804
16.24259300
16.15349491
16.19530739
16.78578099
16.32892444
16.13833603
16.27282078
16.34805310
16.51732254
16.27690862
16.68528618
16.28931442
16.39134326
16.33679887
16.16543719
16.60149601
16.27373704
16.35920779
16.47459755
16.52547585
16.36421885
16.46138219
16.39515874
16.49991853
16.22468194
16.36071039
16.25446694
16.49870148
16.51158178
16.52824426
16.32179477
16.47667635
16.54868660
16.54205272
16.31843471
16.48286373
16.41725237
16.41277586
16.56118288
16.69354784
16.53618679
16.50629638
16.56617448
16.34746094
16.65520980
16.58950338
16.49814494
16.62453257
16.49875963
16.57150517
16.51526168
16.70459127
16.54936180
16.57017397
16.70444662
16.65149002
16.89821071
16.73224957
16.65638909
16.72294846
16.76599638
16.54205773
16.70062583
16.70815768
16.71294849
16.77932135
16.87475949
16.61801111
16.84944533
16.77774418
16.64526137
16.78670736
16.71108773
16.96684237
16.77747826
16.66607060
16.72477043
16.57646157
16.70576948
16.69862356
16.70308788
16.81359000
16.78991301
16.89663709
16.80068695
16.82104612
16.96401559
17.08190638
16.82234924
17.18924673
16.81970604
17.03403579
16.75615183
16.88182527
16.85385143
16.75821694
16.66724684
17.02915975
17.22576746
16.85568243
16.93634499
17.30342975
16.94455654
16.95992348
17.03986190
17.10778203
17.36859535
16.86505569
16.76071199
17.11838090
17.07120215
16.84368207
17.14058404
16.79180703
17.41999871
17.11758197
17.08779695
16.95300844
16.85538901
17.09104621
16.93810154
16.95423131
16.89962679
16.88818126
16.84713908
16.86014951
17.14663974
17.16862337
17.07381669
17.00783055
17.10667050
17.06810566
17.03025018
17.39023725
17.21472194
17.70694806
17.43208072
17.10182135
17.05508266
17.03623811
17.17026058
17.18800804
17.42999370
17.28959684
16.96664607
17.78985206
17.03889574
17.48097876
17.17868554
17.42983178
17.42695913
17.53824546
17.31967116
17.22925510
17.08025512
17.71880428
17.00214415
17.45501651
17.19959775
17.49860620
17.51688848
17.31755282
17.33096554
17.15714787
17.38852834
17.52800915
17.25262959
17.42617649
17.44843946
17.37151809
17.50869866
17.29025732
17.14643549
17.24197203
17.51960933
17.19027595
17.47828024
17.08251386
17.58684510
17.06771647
17.39851524
17.86113051
17.40331605
17.44392583
17.26995542
17.27718343
17.35225852
17.19861709
17.54820711
17.22282909
16.75754867
17.31573207
17.39986932
17.25878083
17.25338584
17.69328308
17.52037672
17.24135249
17.24211590
16.87057530
17.13687761
17.79282490
17.76584748
17.15293512
17.17886399
17.11692551
17.16033829
17.27351080
17.51398109
17.49124222
17.32862635
17.36607481
17.15924577
17.18103949
17.80097544
17.33798449
17.29423773
17.33590774
17.41058702
17.11195814
18.07115714
17.02286174
17.51209355
17.07309596
17.50744943
17.15603181
17.43492393
17.40786173
17.18813507
17.26602746
18.57117532
17.11090058
17.02399463
17.38888286
17.55846796
18.08020839
17.40618043
16.99388274
17.21506462
17.26821461
17.61550096
17.53421736
17.12410527
17.62716298
17.17040608
17.28481296
17.15634899
17.69778271
17.90086462
17.27475431
17.61336867
17.16439464
17.14795475
16.81960038
17.32301710
16.92531265
16.96015234
17.32642383
17.29663753
17.78632361
17.23652189
17.43889689
17.38978845
17.41618402
16.83286288
17.26522002
17.21579859
17.43362892
21.03604798
17.07170179
17.20694702
17.40741409
17.21779142
17.40502898
17.21688313
17.09674182
17.09467257
17.57633847
19.63300945
17.15909349
17.21553892
17.11036366
17.23852253
17.37262129
17.46550959
17.38903319
17.44986914
17.97616345
17.78580798
17.21675252
17.46997086
17.32587849
17.28494379
17.31141219
17.15983438
17.14129072
17.28554140
17.26581524
17.08803712
17.63511205
17.21944153
17.24446745
17.65933742
17.15596878
17.23312688
17.35529189
17.39328023
16.86115327
17.47034184
17.21516758
17.02595559
17.25364788
17.21806719
17.35230483
17.33404805
17.32751234
17.45697360
17.39373156
17.25733960
19.49266020
17.36240759
17.34947962
17.16997655
17.55863619
17.01989168
17.26733696
17.22968518
17.19751718
17.59169279
17.48722210
17.59354505
17.23988059
17.10909666
17.17312512
17.66605653
17.42640243
17.30672272
17.70989266
17.51255666
17.28430435
17.43167533
16.90082487
17.40058969
24.51741515
17.37919728
17.17931854
17.09337351
17.47397628
17.28377810
17.30329720
17.13890808
17.88023377
17.40215619
17.32745846
17.17119544
17.22069482
17.25255980
17.31058432
17.32894996
