18432000
18432000
18526208
18751488
18841600
18948096
19148800
19079168
19214336
19320832
19456000
19849216
20062208
20152320
20221952
20242432
20508672
20824064
20951040
21012480
21405696
21610496
21651456
21839872
22126592
22466560
22671360
22978560
23183360
23523328
23896064
24154112
24883200
24915968
25296896
26046464
26030080
26128384
26910720
27160576
27586560
27967488
28422144
29048832
29392896
29900800
29999104
30576640
30887936
31322112
31846400
32493568
33513472
33865728
34328576
35110912
35815424
35917824
36806656
37044224
37761024
38109184
38486016
39493632
39895040
40366080
41046016
41959424
42524672
43237376
43532288
44281856
44548096
45359104
45973504
46874624
47218688
48689152
48959488
49586176
50307072
50716672
51888128
52400128
53592064
53760000
54743040
55705600
56459264
57077760
57741312
58724352
59052032
59703296
61198336
61612032
62308352
63152128
63934464
64733184
65368064
65667072
66850816
67588096
68055040
69861376
70324224
70578176
71196672
72445952
72851456
81510400
82608128
83927040
84045824
85630976
85766144
86446080
87511040
88174592
89071616
90316800
90136576
91037696
92110848
92987392
93532160
94613504
95092736
95944704
96940032
98136064
98496512
99180544
100155392
101179392
101281792
102625280
103538688
103350272
105627648
105463808
106418176
107192320
108322816
108707840
108974080
110751744
111824896
111792128
112734208
113618944
114376704
115298304
116428800
116543488
117161984
118509568
119263232
127856640
128958464
121757696
122236928
131149824
131796992
124809216
133828608
134148096
135319552
135987200
137109504
137412608
138969088
139485184
140034048
141570048
141991936
143118336
143474688
145080320
145928192
145711104
146857984
147996672
148635648
149303296
149983232
151236608
152178688
153026560
154112000
154701824
154820608
156094464
156860416
158699520
159350784
159150080
159952896
160710656
162017280
162701312
162951168
163852288
171929600
165167104
173608960
174034944
167190528
174272512
177053696
175693824
176570368
177405952
178683904
181477376
179945472
180875264
181534720
182325248
183066624
184500224
187285504
188493824
185765888
187150336
188223488
189177856
190676992
190742528
192282624
192573440
194117632
194105344
195497984
196263936
197636096
197156864
198615040
199970816
201134080
201408512
202358784
203661312
203960320
204251136
221343744
204886016
213889024
208728064
209240064
213942272
211296256
218492928
217350144
213012480
216584192
209203200
211894272
220651520
219435008
219795456
221347840
215031808
222208000
223182848
224411648
224583680
225988608
226635776
226525184
226955264
226656256
227803136
228745216
228978688
230506496
231854080
232587264
234819584
233984000
234471424
235249664
236507136
237371392
238645248
238882816
239570944
240263168
241655808
241725440
243605504
244387840
245395456
245854208
246784000
247455744
250101760
250363904
250855424
251342848
251289600
252821504
253251584
254898176
255152128
256585728
257511424
259809280
259133440
260931584
261681152
262127616
263294976
263954432
264265728
265326592
265805824
266924032
267026432
267952128
269336576
271036416
271343616
273571840
273281024
273707008
274096128
275734528
276398080
277049344
278167552
278478848
279801856
280084480
282472448
282996736
283070464
284442624
284667904
285802496
286068736
287232000
288448512
289697792
290856960
292306944
292442112
293277696
294846464
295403520
296714240
297529344
299581440
299073536
299388928
303763456
301678592
305750016
304443392
307466240
306065408
306737152
307511296
308641792
309227520
310235136
311517184
312152064
312619008
315105280
313995264
314449920
316309504
316575744
317980672
318697472
319696896
319983616
322297856
323436544
323457024
324046848
324169728
325443584
329908224
330604544
328691712
328413184
331370496
332206080
331091968
332574720
333074432
334528512
335626240
336691200
338186240
347090944
339468288
340107264
341053440
341442560
342265856
344195072
349077504
345227264
346308608
354246656
358649856
348270592
350429184
351113216
360079360
354463744
355016704
355127296
354275328
355557376
356196352
358342656
358526976
358367232
359993344
360304640
360914944
367341568
364965888
363778048
365019136
365944832
368316416
367407104
369381376
369098752
370728960
370876416
376246272
374620160
373743616
374206464
375906304
380182528
377274368
378155008
378679296
383172608
380600320
383746048
384036864
398241792
392396800
391057408
394522624
405852160
395218944
396967936
397901824
398331904
399867904
409333760
401551360
408854528
407687168
404602880
406859776
405499904
406499328
407060480
407900160
411512832
419856384
410390528
411119616
413605888
412745728
417292288
414597120
425213952
416440320
422551552
420913152
418578432
420540416
423809024
422301696
422428672
424144896
424120320
427462656
430649344
427286528
426909696
428191744
433135616
429625344
431616000
431575040
441716736
433696768
434888704
434507776
441954304
437149696
439029760
437964800
445812736
439607296
441741312
441139200
441827328
443260928
445677568
450203648
445444096
446570496
446832640
447852544
448598016
449277952
454635520
452689920
454647808
453111808
454008832
455610368
455438336
456765440
461623296
459067392
458792960
459497472
467775488
462708736
462217216
462741504
464674816
472694784
467374080
469278720
468951040
469667840
475787264
472768512
472633344
473243648
476246016
478404608
478486528
477360128
477425664
477941760
481210368
479727616
481284096
481214464
482136064
484519936
485842944
490057728
485752832
486408192
487616512
488439808
489213952
489844736
492052480
493629440
494399488
498388992
498814976
501174272
496226304
496128000
496930816
497737728
498622464
502075392
499912704
501714944
501886976
507117568
508100608
506462208
509530112
506167296
506998784
509722624
516055040
510193664
511864832
514375680
511954944
515055616
513724416
515264512
515923968
516640768
519671808
521465856
521465856
522854400
523063296
525996032
524988416
525492224
528023552
528097280
528044032
529096704
531828736
532451328
531709952
532758528
