0.00026630
0.68372120
0.80214887
0.70481128
0.98202047
0.89695230
1.09334848
1.17127157
1.20384831
1.25470896
1.42502640
1.52316235
1.65411411
1.65375241
1.88939154
1.85848352
2.03917185
2.19152385
2.26418708
2.31898017
2.38677426
2.47526361
2.48372038
2.58861182
2.71149635
2.84389070
3.06347545
3.05589534
3.21080783
3.29050385
3.33980495
3.49876031
3.49959900
3.72846770
3.69181145
3.86139759
3.87275792
4.00588259
4.09032272
4.18451744
4.35917474
4.35723488
4.52784562
4.56896767
4.69239176
4.85991849
5.00151582
5.06903387
5.06772014
5.32405929
5.35344446
5.41473658
5.51463186
5.51695674
5.76550607
5.80506628
5.92553423
6.00620174
6.12853751
6.19743176
6.37943882
6.45311249
6.41959626
6.68360468
6.66580171
6.86805007
6.79146616
7.07925180
7.18948832
7.24070607
7.38162212
7.34851258
7.61713293
7.60999600
7.79000772
7.82742853
7.95304201
8.02649147
8.08304364
8.31235602
8.25660075
8.40895844
8.42423904
8.57914558
8.64000362
8.63761959
8.91059504
8.98520089
9.08732910
9.07736761
9.15907562
9.17958030
9.04651435
9.40024499
9.39090893
9.47450091
9.51563355
9.64170636
9.65839125
9.77083326
9.64693416
9.65426479
9.75689038
9.81046236
9.97038807
9.53225488
9.83893165
9.98776523
9.58264376
9.68739784
9.81318047
9.42684604
10.01792191
9.69908622
9.64168168
9.70589527
9.76856922
9.63246502
9.72000913
9.77214702
9.81189507
9.52640825
9.57171166
9.61665507
9.56600388
9.40318244
9.71995811
9.72045289
9.75141137
9.66237269
9.59565059
9.71939334
9.54044111
9.81144885
9.84320669
9.68101557
9.85800015
9.76851209
9.65371025
9.88224788
9.57540234
9.93640957
9.78210038
9.71529331
9.77709419
9.75334767
9.74041585
9.61627872
9.77453999
9.72929506
9.64926102
9.62701729
9.76514203
9.69645138
9.62308695
9.73455264
9.66406728
9.86246312
9.69583256
9.68797049
9.86805617
9.58794200
9.78646683
9.68184911
9.74212650
9.74006125
9.77726848
9.63339583
9.71321134
9.64769167
9.73034733
9.60174168
9.71682151
9.68325262
9.63003118
9.77034259
9.69623979
9.69672575
9.53156478
9.77324148
9.70536385
9.72579304
9.60392359
9.60117144
9.82200455
9.73149881
9.80482809
9.77219910
9.73725428
9.69781539
9.88612669
9.77980166
9.66593823
9.62766526
9.69824498
9.73458008
9.85743733
10.00271346
9.73574034
9.77110582
9.81338613
9.70175701
9.64774363
9.80218787
9.67284108
9.90295672
9.74591145
9.79605136
9.66983115
9.75446725
9.83168429
9.68505602
10.06252288
9.85356348
9.83307491
9.74841485
9.82612665
9.85116134
9.67382158
9.84394153
9.75816197
9.67896115
9.89016675
9.84387098
9.87116937
9.86858313
9.83881207
9.83647428
9.81740482
9.84858436
9.76069474
9.72119342
9.77394188
9.88966757
9.79987662
9.86347100
9.85533171
9.84735803
9.87514088
9.79668934
10.04294106
9.72993084
9.98197240
9.81114854
10.00369774
9.82743935
9.70607653
9.92457230
9.83676952
9.85745950
9.84429102
9.78154503
10.06324439
9.73109625
9.94637359
10.04651155
9.80357403
9.94348792
10.11066923
9.85021683
9.85066150
9.87507905
10.06149271
9.94413585
9.90605888
10.08051133
9.94881123
9.91602531
10.02523160
9.92636552
10.01189841
9.97432605
9.97866380
10.17006659
9.98295303
9.95371833
9.80030995
10.01247031
10.11476385
9.83779700
10.10073568
9.99977803
9.88614709
10.26575441
10.01190226
9.90975013
10.03204563
10.14225415
10.14478092
9.96358756
10.06445992
10.09920730
9.99038357
9.97940660
10.10918481
9.97256776
10.18414228
10.13297057
10.13588089
10.11243483
9.96944365
9.82826429
9.98071679
10.27096224
9.99089780
10.19941633
10.18509839
10.11321560
10.08106016
10.15042870
10.07786249
10.21018535
10.27824238
10.14940734
10.25462119
10.04301382
10.17081829
10.14262623
10.25839712
10.03942516
10.09752842
10.17435827
10.18914526
10.26105881
10.11090342
10.15890520
10.26872285
10.22438187
10.10388262
10.20964482
10.31519385
10.30601354
10.24459572
10.10795100
10.18709778
10.37214472
10.33370368
10.16643122
10.06435952
10.27794507
10.24472405
10.46915366
10.46852454
10.16984040
10.07702780
10.14218467
10.04814474
10.32532846
10.30931828
10.08637511
10.15241488
10.25943527
9.97065184
10.08005118
10.08890944
10.23227418
10.44520534
10.26446261
10.31191768
10.18080662
10.13606401
10.25634059
10.20519018
10.19372142
9.96937419
10.26137072
10.36250927
10.29310874
10.11793162
10.09619704
10.04670477
10.00389492
10.05256927
10.04122891
9.96504878
10.33035760
10.12842629
10.04392838
9.99906812
10.11403724
10.12412735
10.30175692
10.16817774
10.09689252
9.91288158
10.16810284
9.95359636
10.21677906
9.89805063
9.99598437
10.11235705
9.99358637
10.17988628
10.09733394
9.98510002
10.15775905
9.98636140
10.09632981
10.01723192
9.87389737
10.14238976
10.19462719
10.17979844
10.04916864
10.16366840
10.10704573
10.07434435
10.13989926
10.02656147
10.16059413
9.93473766
10.01494578
9.93904989
9.96941748
10.06926482
10.08509411
10.12483335
10.01335494
10.15610112
10.01393747
10.14435886
9.89325631
9.96965755
10.18821616
10.22117516
10.17486196
10.03790716
10.09180322
10.03365133
9.96310983
10.09916312
9.96565450
10.09905307
10.20645696
9.86465204
10.07481879
10.00049309
9.92061533
10.26216961
10.02506367
10.04245930
10.05696116
10.07240619
10.09563370
10.01925477
9.99451015
10.04115560
10.03988010
10.13955388
10.09806609
10.04772986
10.13897203
10.04990288
10.00606182
9.95838482
9.94786543
10.14105374
10.15886983
10.20657322
10.02239239
10.08714900
9.98712523
10.01985632
10.06573767
10.09485080
9.95737777
10.01225590
10.00146822
9.93986559
9.95307162
9.90592389
10.08147156
10.05365983
10.07079957
10.14484230
10.07437875
10.15971146
10.15401251
10.18417324
10.02025514
9.96379971
9.94213348
10.15999161
10.10144769
10.05724010
10.19443622
10.06870531
10.03592277
10.07993083
10.31746646
10.06511257
9.94355017
9.91336896
10.16593302
9.99373804
10.06705844
10.21993025
10.14034384
10.13981978
10.16202213
10.09805877
10.06695518
10.12573249
10.09873921
9.93232312
10.14614388
10.18591594
10.16546729
10.07314456
10.24072454
10.01779241
10.00660374
10.14361927
10.08822003
10.05145804
10.03888040
9.94985113
9.95512216
10.19192385
10.16314533
10.11431155
10.00263430
10.18016974
10.16913702
10.20357563
10.06700319
10.00282179
10.10380770
10.11592808
9.98006089
10.06314166
10.02859071
10.09926141
9.99719519
10.00947377
10.02363258
10.05035096
9.92077952
9.93460734
10.09381049
9.97951985
9.96793100
10.16408127
10.09382006
9.98906667
10.08006760
10.07608675
10.04375640
10.08863147
10.08344656
10.07399467
10.07111027
10.06562884
10.21031569
10.03395034
10.07552332
10.19420327
10.05280673
10.07306122
10.07396753
10.02268778
10.07171006
10.09519899
10.11733923
10.18625964
10.12414610
10.01719296
9.99679065
10.16436117
10.04310040
10.20300727
10.06600977
10.09864908
10.03773738
10.19629736
10.02114172
10.08207948
10.19772298
10.00242666
10.13693284
10.13694930
10.12464367
9.97507570
10.13058020
9.98973581
10.21230274
9.97258133
10.17942921
10.00825153
10.14185417
10.08462998
10.07568056
10.12770262
10.04880375
9.97188020
10.12807315
10.00451175
10.11862310
10.19855606
10.00530632
10.12718799
10.07095804
10.19577734
10.12095791
10.09548223
9.95607178
10.10483062
10.22709096
10.17214188
10.14693622
10.09946200
10.17005434
10.09916486
10.22895371
