171802624
172830720
174252032
175005696
176414720
177012736
176975872
177070080
177348608
177500160
178225152
178319360
178544640
178524160
178651136
178913280
179052544
179945472
180178944
182546432
182579200
182743040
183070720
183115776
183296000
183603200
183672832
183894016
184254464
184483840
184582144
184766464
184946688
185237504
185270272
185421824
185565184
185696256
185946112
185954304
186093568
186277888
186429440
186691584
186716160
186933248
187117568
187281408
187559936
187604992
187777024
187961344
188141568
188444672
188542976
188731392
188928000
189124608
189427712
189534208
189739008
189947904
190160896
190480384
190570496
190902272
191127552
191356928
191684608
191787008
192020480
192258048
192503808
193241088
193400832
194060288
194490368
194670592
195133440
195465216
195821568
196153344
196624384
196927488
197263360
197513216
197988352
198344704
198868992
199229440
199606272
199913472
200978432
201699328
201707520
202100736
202498048
202891264
203411456
204582912
205131776
205434880
207396864
207888384
208146432
208547840
210350080
210661376
211050496
211320832
211628032
212029440
212602880
213061632
213241856
213549056
213925888
214228992
214626304
215068672
215212032
215515136
215830528
216219648
216399872
216735744
217141248
217448448
217845760
218025984
218333184
218640384
218947584
219365376
219574272
219881472
220196864
220516352
220909568
221093888
221401088
221708288
222019584
222412800
222588928
222896128
223203328
223653888
224104448
224288768
224595968
224903168
225214464
225521664
225787904
226095104
226414592
226725888
227037184
227393536
228397056
228884480
229429248
231702528
232108032
232558592
233009152
233447424
233922560
234508288
234819584
235380736
235962368
238174208
238682112
238989312
239976448
243261440
243634176
243920896
244346880
245473280
246710272
247050240
247595008
248045568
249044992
249450496
250122240
251592704
252796928
254525440
254832640
255295488
256360448
256892928
260718592
262926336
263503872
263782400
264175616
264613888
265048064
268984320
269496320
271138816
273014784
274661376
275107840
275632128
276111360
277217280
279609344
279920640
280293376
280338432
280649728
280965120
283459584
283783168
283963392
286375936
286691328
287129600
287498240
287682560
287997952
288317440
288628736
289030144
289214464
289529856
289845248
290168832
290521088
290705408
291024896
291340288
291655680
292057088
292245504
292560896
292876288
293191680
293466112
293732352
294985728
295292928
295612416
296022016
296161280
296484864
296804352
297078784
297377792
297660416
297975808
298299392
300109824
300519424
300675072
300900352
301142016
301481984
301875200
302022656
302362624
302682112
303001600
303321088
303599616
303915008
304234496
304553984
304963584
305152000
305471488
305811456
306130944
306450432
306724864
307085312
307408896
307728384
308056064
308326400
308645888
309055488
309284864
309694464
309878784
310202368
310517760
310870016
311193600
311451648
311775232
312090624
312360960
312705024
312971264
313290752
313606144
313929728
314376192
314675200
314810368
315138048
315457536
315781120
316137472
316329984
316653568
316981248
317308928
317714432
317906944
318177280
318504960
318828544
319238144
319430656
319758336
320081920
320409600
320819200
320995328
321323008
321650688
321974272
322301952
322584576
322908160
323182592
324706304
325410816
325509120
325836800
326160384
326488064
326823936
327106560
327434240
327766016
328085504
328413184
328695808
329023488
329351168
329678848
330006528
330289152
330571776
330878976
331198464
331530240
331862016
332279808
332496896
332824576
333107200
333443072
333770752
334123008
334434304
334848000
335093760
335540224
335724544
336482304
336814080
337125376
337453056
337866752
338067456
338399232
338694144
339025920
339329024
339611648
339849216
340180992
340508672
340881408
341164032
341385216
341716992
342798336
343142400
343293952
343588864
344219648
344588288
347869184
347885568
348217344
348438528
348766208
349089792
349368320
349696000
350089216
350412800
350740480
350932992
347426816
347725824
348053504
348381184
348663808
348987392
349310976
349773824
349995008
350269440
350593024
350920704
351248384
351584256
351862784
352186368
352489472
352796672
353124352
353386496
353796096
354041856
354373632
354697216
354979840
355303424
355631104
355954688
357130240
357412864
357740544
358068224
358395904
358809600
359002112
359325696
359673856
360001536
360415232
360591360
360927232
361250816
361549824
361943040
362139648
362438656
362766336
363081728
363298816
363724800
363917312
364982272
365199360
365527040
365854720
366075904
366403584
366731264
367054848
367464448
367661056
367988736
368336896
368660480
368984064
369311744
369528832
369942528
370139136
370462720
370790400
371183616
371339264
371662848
372076544
372269056
372592640
372920320
373334016
373686272
373719040
374046720
374374400
374697984
375107584
375308288
375631872
375959552
376221696
376631296
376782848
377106432
377438208
377847808
378175488
378376192
378703872
379027456
379289600
379699200
379891712
380219392
380555264
380882944
381292544
381464576
381796352
382124032
382410752
382742528
383021056
383324160
383651840
383926272
384258048
384540672
384835584
385150976
385081344
385409024
385687552
386015232
386342912
386662400
387076096
387272704
387596288
387923968
388247552
388661248
388993024
389189632
389517312
389840896
390168576
390496256
390774784
391102464
391430144
391745536
392081408
392486912
392683520
392851456
393179136
393506816
393916416
394113024
394420224
394743808
395120640
395218944
395546624
395878400
396288000
396484608
396808192
397168640
397496320
397893632
398090240
398417920
398811136
399003648
399413248
399613952
399937536
400216064
400543744
400875520
401154048
401481728
401735680
402067456
402395136
402808832
402935808
403263488
403587072
403914752
404328448
404525056
404852736
405123072
405450752
405823488
406020096
406347776
406671360
407085056
407412736
407613440
407842816
409886720
410218496
410566656
410701824
411058176
411414528
411742208
412065792
412344320
412672000
412921856
413167616
413495296
413773824
414113792
414285824
