29.9897
28.7385
28.6370
47.2425
27.8724
28.2421
28.3990
28.8242
28.7143
27.5491
27.5857
27.6731
27.8265
27.6232
28.1877
28.5669
28.6006
29.1524
28.9645
28.8936
29.5884
30.0057
29.6548
30.0849
30.3228
30.9236
31.6231
31.1338
31.6560
31.4795
31.9994
32.0099
33.3969
33.0954
34.4052
37.0258
33.7270
34.6314
34.9496
35.2878
40.4243
36.9048
37.4103
36.7039
37.6126
38.5604
39.0978
40.0235
39.1193
39.9431
40.8606
40.9253
42.1848
45.7276
43.3309
43.6442
49.3260
44.7694
46.2933
45.9843
48.9080
47.5598
48.7154
47.2424
49.4080
49.9572
51.9003
54.1395
53.9751
56.7163
55.8878
58.7381
57.4374
59.8303
61.5249
62.8122
63.3425
67.2034
67.9355
70.9248
68.3098
73.6193
73.0515
76.9969
75.4264
78.8313
82.8880
83.3842
86.8396
85.8037
87.5912
90.3990
94.5131
94.1435
94.9684
99.0338
100.4766
107.6723
106.2032
107.9501
109.4607
145.8953
126.0491
133.7676
133.9339
159.1593
157.9730
152.9540
158.6854
182.8678
177.4840
185.4406
191.9827
185.6672
217.7480
215.2269
222.3559
231.2004
227.6905
240.7210
253.0471
262.5011
275.8028
279.3056
276.1312
283.0004
306.2155
292.6333
284.3905
320.4592
305.1366
326.1063
311.8628
344.1480
341.8725
346.6512
359.8504
367.3560
376.3647
365.4761
399.7027
393.9802
383.3914
384.9779
410.4398
404.1864
428.6306
429.1072
414.6458
459.4427
436.9151
467.6164
467.6164
464.1641
468.9963
488.0047
503.8083
508.0404
490.4356
505.2969
512.0998
530.5138
528.6651
535.3724
550.9002
545.9793
562.8037
575.2857
577.8179
582.4970
582.9522
601.5179
614.7959
617.6404
612.1121
630.9521
616.4353
621.8812
653.4697
645.6655
658.8165
661.0404
684.1377
665.0127
673.5864
692.7338
712.4500
686.0977
711.4954
707.8848
716.8273
707.9372
742.9425
765.3866
749.3083
745.1940
775.2938
775.6023
765.4646
784.2135
786.9724
798.9289
804.6769
818.4728
804.3875
830.2918
805.1340
838.4097
848.1980
859.5317
858.1645
868.0832
865.5309
865.0560
873.8213
891.5215
902.0240
913.0100
892.8622
892.8622
909.0641
926.3288
924.9690
924.1889
953.2711
948.5388
961.2927
955.2410
974.3075
975.0564
951.6254
975.1430
1000.6142
1015.6829
1010.3339
1020.5800
1021.9305
1039.7459
1024.7003
1041.7551
1023.3707
1023.3707
1049.7330
1049.7325
1064.3635
1076.8610
1071.6197
1103.4064
1060.4275
1090.2148
1099.5504
1115.2357
1107.8343
1107.7732
1167.5371
1103.2625
1109.6448
1146.2048
1142.9009
1106.3902
1159.2029
1195.7364
1208.6862
1194.6043
1169.3153
1182.7087
1193.8675
1219.4314
1223.4135
1211.5482
1196.6223
1233.8716
1221.3876
1254.6547
1199.2234
1283.3731
1236.4808
1281.4886
1263.3181
1283.8173
1335.9322
1265.2441
1275.3192
1317.9003
1294.5942
1321.7372
1337.4741
1332.6479
1344.9992
1338.0006
1375.1962
1355.8349
1363.1160
1360.6362
1372.9040
1360.0297
1360.0297
1392.1241
1412.6609
1431.6929
1382.0384
1378.1375
1479.1730
1413.6041
1441.5640
1429.7539
1447.7404
1469.8878
1439.6262
1466.5791
1471.9695
1449.0565
1444.1519
1483.8227
1499.6767
1476.7214
1498.0414
1497.2910
1527.7689
1553.7891
1509.2086
1544.9110
1520.8140
1576.4411
1542.5592
1543.6158
1539.2902
1576.4318
1553.7697
1575.0406
1575.0406
1592.8544
1592.8544
1605.7435
1618.5391
1615.7921
1631.2005
1626.0733
1626.0733
1614.5367
1632.6152
1583.4184
1646.5937
1627.7113
1666.0075
1577.0935
1718.5625
1681.5141
1682.0318
1685.0677
1707.0656
1711.6077
1747.1311
1710.6826
1744.4422
1734.4883
1718.0258
1726.5703
1759.1721
1780.7157
1770.2335
1770.2335
1777.2719
1795.8474
1802.7149
1815.5068
1802.1553
1814.1080
1780.9944
1804.2799
1821.4047
1853.4735
1835.0182
1840.4753
1880.5119
1808.7863
1848.9090
1854.8205
1891.8060
1862.7831
1871.6822
1869.3596
1908.9875
1965.8877
1917.1040
1878.8969
1917.5096
1917.5096
1875.9899
1907.2410
1969.7784
2040.6407
1887.6261
2023.1093
1966.6873
1989.4599
1995.6991
2007.6904
2008.7593
2024.6244
2001.0476
2035.8354
2107.3039
1963.6552
2057.3497
2036.7338
2036.7338
2056.7287
2028.0616
2084.3894
1995.2003
2127.7439
2127.7439
2084.1576
2164.0624
2116.6476
2093.7293
2174.9032
2085.1093
2155.0157
2126.6192
2155.2338
2164.3823
2187.6836
2187.6836
2170.9126
2218.6182
2218.6182
2211.4897
2188.6897
2196.7313
2145.1422
2216.1225
2220.7709
2291.8117
2286.9303
2199.9837
2287.3134
2250.5402
2265.7897
2295.3130
2298.1432
2252.6824
2323.5716
2235.3158
2289.4544
2333.3743
2301.5052
2337.7995
2347.6306
2356.3831
2358.5819
2323.1712
2393.4810
2357.1892
2341.6203
2305.1804
2305.1804
2420.4167
2425.2132
2419.8536
2412.1302
2431.1951
2431.1951
2379.5946
2448.2319
2432.2724
2467.5408
2470.5139
2483.4064
2483.4064
2517.2381
2502.1486
2483.5797
2507.9712
2517.3129
2494.8787
2551.7271
2527.0328
2550.8089
2541.5790
2582.7183
2556.2833
2588.9165
2573.4438
2639.4394
2604.3308
2589.2759
2589.2759
2567.9824
2567.9824
2635.0687
2642.4381
2684.9723
2662.7411
2626.5981
2668.3277
2655.5713
2655.5713
2689.9860
2681.9538
2672.7952
2687.3477
2677.7347
2712.1684
2694.7720
2693.4331
2690.8675
2720.2508
2757.0146
2750.0020
2751.3730
2751.5196
2743.6223
2707.3469
2786.9089
2797.6939
2774.8619
2774.8619
2815.7020
2815.7020
2743.5049
2842.7151
2849.8280
2826.9070
2815.6363
2815.6363
2897.5983
2897.5983
2870.3768
2891.8182
2868.0273
2854.3023
2904.1938
2864.3602
2915.7964
2868.7522
2926.8655
2889.5054
2866.0650
2866.0650
2867.3645
2913.3192
2940.2090
2953.9988
2950.7385
2938.8907
2937.6192
2937.6192
2897.9401
2952.2474
2946.7824
3001.4176
2933.3528
2983.2615
2974.2038
2987.3239
2956.4279
3007.1059
2986.4664
3030.9213
3006.4332
2994.4543
2996.6865
3045.8212
3075.0857
3035.3256
3042.8953
3035.7443
3022.9079
2991.2266
3013.2434
3014.9744
3054.8032
3081.6697
3081.6697
3068.9159
3027.4987
3060.8283
3114.8689
3114.8689
3044.0351
3070.6302
3068.7600
3061.8670
3051.1114
3126.6014
3101.5037
3133.9901
3088.8300
3097.7574
3091.6634
3065.5032
3126.3418
3141.6554
3116.5740
3156.7750
3101.2852
3101.2852
3148.3620
3116.4808
3188.7857
3154.1519
3144.8442
3165.3838
3173.7753
3087.7939
3139.5350
3166.4806
3145.0203
3151.9820
3189.2180
3184.2454
3241.4587
