3.2494
3.2498
4.6831
4.4664
5.6164
6.3328
6.3497
7.8661
8.0496
9.4995
10.4990
11.2161
12.1992
12.6492
13.8493
14.3157
15.4823
17.1655
17.3655
18.6318
19.2321
20.3656
20.5653
21.7989
22.1482
23.3322
25.2487
25.4150
26.5487
26.8631
28.1653
28.6148
30.1485
30.0480
31.5484
32.9317
33.2145
34.4983
34.6977
36.0815
36.2143
37.4815
37.3642
39.1141
40.4806
40.9473
42.0812
42.5138
43.8645
44.2463
44.8455
45.7310
46.8977
47.5302
48.1976
49.4134
49.7475
50.5966
51.3141
52.1465
53.4464
54.3639
55.0945
56.1129
56.7258
57.6138
57.8128
58.0638
58.9961
60.3303
61.0459
61.8469
62.8625
63.1302
64.2861
64.1624
65.1134
65.9467
66.6122
67.5966
67.8799
68.4632
68.5799
69.7275
70.1632
70.8131
72.0131
72.3952
73.1297
73.4451
74.2796
74.2284
74.9629
74.7783
75.9962
76.9615
77.2089
77.2961
78.0115
78.7702
78.4627
76.3782
78.3794
78.7281
79.6280
78.2794
79.5947
80.0293
79.2947
78.0128
79.9613
79.2460
78.8614
81.3293
78.9127
79.1614
80.2627
79.0960
80.8126
79.4947
79.5794
78.6281
79.0127
78.7461
80.1780
79.2627
78.8961
80.3613
80.8779
80.0947
79.9293
79.6114
80.1613
79.2794
80.7613
80.2127
80.6613
79.5447
79.8793
80.6780
79.4460
79.9447
80.5626
80.6960
80.0280
80.0947
79.9447
80.0613
81.5459
79.7793
80.9126
80.2558
80.2558
80.9293
80.6293
80.8126
79.7947
80.1127
80.4946
80.6599
80.1947
80.4446
80.2780
80.1460
80.3113
80.6126
80.0724
80.3280
80.5280
79.9127
80.8793
80.7946
80.8446
80.0460
81.2946
80.7126
81.0459
80.2280
80.5126
80.0113
80.6626
80.7793
80.5113
81.0459
80.7446
80.8960
80.8779
81.2113
80.8779
80.5613
80.3626
80.9198
81.4293
79.9627
80.9279
81.2779
81.0126
81.3279
80.8626
81.4793
81.5612
81.3779
81.3959
80.9613
80.5446
81.2126
81.8292
81.3031
80.9779
80.1780
81.4612
80.7280
81.3279
81.0099
81.3099
81.0113
81.2612
81.2626
80.8113
80.8113
81.6279
80.9960
82.2626
81.8779
81.5793
81.9959
81.6959
82.2959
81.3446
81.7945
81.5932
81.9126
81.5612
81.9279
82.1126
81.9459
81.4779
81.9959
81.4112
82.3292
82.5445
82.5445
81.5946
81.9918
82.0626
82.5959
81.5446
81.6446
81.8626
81.7765
82.7292
82.6459
82.2612
82.6792
81.9112
83.0958
82.7125
82.0959
82.4125
83.9625
82.7237
82.0612
82.6278
83.1778
82.6125
83.0611
82.6278
82.5625
83.5944
82.2612
83.7944
82.9292
82.5931
84.2125
83.7611
83.1986
82.6625
82.6778
83.0445
83.1792
83.5611
83.7125
82.3778
83.5569
83.9763
83.5278
83.2778
83.3944
84.1458
83.5444
83.3958
83.4625
83.0125
82.8487
84.1791
83.1778
83.1778
83.0111
84.6277
84.1763
83.3625
83.1431
83.1125
83.8597
84.0611
82.9459
84.0430
84.2111
84.1777
83.5930
84.1458
83.7625
84.3624
85.0791
84.1277
83.5569
83.6444
83.7291
84.3624
84.7124
84.4277
84.6277
84.5624
85.3864
84.5458
84.4110
85.4457
84.9110
85.6776
84.8943
84.8943
84.6958
84.6958
85.1110
85.1039
85.1872
85.3791
84.5944
84.5944
84.0916
85.4443
86.9942
84.4124
86.4290
84.9791
85.9276
85.0624
85.2191
85.4110
85.1365
85.0957
85.0943
84.4124
84.2791
84.6777
85.5957
85.8457
86.3675
85.3829
85.6372
84.2944
84.2944
85.9214
85.7081
85.4124
85.1624
86.4790
86.1109
87.0109
85.4386
85.7290
85.3110
85.3776
84.6110
85.5581
86.8942
85.6790
85.5081
84.8763
85.6610
86.4623
86.6232
85.4610
84.6110
84.7610
86.0290
84.9943
84.9943
85.7081
84.8926
84.2458
83.7026
85.1401
84.9443
85.0110
85.6957
85.1886
85.6957
84.7246
85.4957
83.3597
85.7624
83.4792
85.4610
84.7091
84.8415
84.8415
84.2777
85.2624
86.4479
85.5443
84.1235
84.1235
84.2610
83.9221
84.0763
86.3776
84.3291
85.2277
84.8483
84.5624
83.7444
84.2456
84.4958
84.4958
84.2944
84.4624
84.4624
85.5276
85.4457
84.7791
85.7929
84.3624
85.7238
82.9459
82.9292
85.6790
83.1390
83.3611
85.6776
84.8124
86.2566
85.1610
84.6110
85.7457
87.2456
84.3249
84.7458
85.0929
84.7720
84.0125
83.7930
84.3791
84.3624
86.4276
85.6952
85.3610
85.3610
83.8791
85.8943
85.6824
84.1277
84.6458
84.6458
84.3396
84.3624
85.0457
84.7415
84.4054
83.7832
83.7832
84.8443
83.3028
85.5624
84.9443
84.6958
85.3457
84.3291
85.3124
85.2053
84.7943
84.9328
84.2944
84.2554
84.1625
82.3126
84.6444
85.1624
85.1624
85.1110
85.1110
85.1791
84.7110
84.6910
85.2291
85.1277
85.7957
85.1777
85.1777
83.4625
86.2624
84.0611
84.8943
83.6791
84.1111
83.6902
84.6082
86.3957
85.8609
84.3916
85.0277
84.9458
84.0958
85.4610
85.4748
84.5277
84.8763
84.8234
84.8234
85.7443
85.7443
84.7661
83.5778
83.7511
85.3124
84.8291
84.8291
84.3622
84.3622
83.5458
85.0610
84.7124
84.4458
84.2610
85.8623
84.3791
86.0276
85.6443
85.2110
86.9123
86.9123
83.8111
83.5778
85.1610
85.0957
85.7790
84.6458
84.4124
84.4124
85.1124
84.9291
84.0944
84.7610
84.3582
84.4458
84.0749
86.4276
85.3734
86.2124
84.2944
85.2974
85.7110
85.9457
84.1458
84.5291
85.1291
84.4444
85.4957
85.3262
83.9458
84.9429
85.2262
86.4790
85.3457
84.9624
84.9624
84.3791
85.9124
84.2625
85.3110
85.3110
85.5443
86.0966
84.6458
85.1337
83.7402
84.9610
85.4929
84.2763
85.3791
84.2777
85.3910
83.9958
85.1791
85.5457
85.8609
85.7790
84.7749
84.7749
84.8929
85.8290
85.0777
85.4429
84.7110
85.3262
83.9164
83.7125
84.6582
85.1553
86.0957
85.0791
85.2443
84.6277
85.8052
