350437376
352501760
354566144
354566144
355360768
355332096
356098048
356098048
356098048
356098048
356098048
356098048
356098048
356098048
356098048
356098048
356098048
356098048
356098048
356098048
356098048
356098048
356098048
356098048
356098048
356864000
357629952
357629952
357629952
357629952
357629952
357629952
357629952
357629952
357629952
357629952
357629952
357629952
357629952
357629952
357629952
357629952
357629952
358395904
358395904
358395904
358395904
358395904
359927808
359927808
359927808
359927808
359927808
360722432
360693760
360693760
360693760
360693760
360693760
360693760
360693760
360693760
360693760
360693760
360693760
360693760
360693760
360693760
360693760
360693760
360693760
360693760
360693760
360693760
360693760
360693760
360693760
360693760
361459712
363761664
363732992
363732992
363732992
363732992
363732992
363732992
363839488
363798528
363798528
363798528
363798528
363798528
363798528
363798528
363798528
363798528
363798528
363798528
363798528
363798528
363798528
363798528
363798528
363798528
363798528
363798528
363798528
363798528
394739712
394559488
394559488
394559488
394559488
394559488
394559488
394559488
394559488
394559488
394559488
394559488
394559488
394559488
394379264
394379264
394379264
394379264
394379264
394379264
394379264
394379264
394379264
394379264
394379264
394395648
394395648
394395648
394395648
394395648
394395648
394395648
394395648
394395648
394395648
394395648
394395648
394395648
394395648
394395648
394395648
394395648
394395648
394395648
394395648
394395648
394395648
394395648
394395648
394395648
394395648
394395648
394395648
394395648
394395648
394395648
394395648
394395648
394395648
394395648
394395648
394395648
394395648
394395648
394395648
394395648
394395648
394395648
394395648
394395648
394395648
394395648
394395648
394395648
394395648
394395648
394395648
394395648
394395648
394395648
394395648
394395648
394395648
394395648
394395648
394395648
394395648
394395648
394395648
394395648
394215424
394215424
394215424
394215424
394215424
394215424
394215424
394215424
394215424
394215424
394215424
394215424
394215424
394215424
394215424
394215424
394215424
392499200
392499200
392499200
392499200
392499200
392499200
392499200
392499200
392499200
392499200
392499200
392499200
392499200
392499200
392499200
392499200
392499200
392499200
392499200
392499200
392499200
392499200
392499200
396664832
398696448
398696448
398696448
398696448
398696448
398696448
398696448
398696448
398696448
398696448
398696448
398696448
398696448
398696448
398696448
398696448
398696448
398696448
398696448
398696448
398696448
398696448
398696448
398696448
398696448
398696448
398696448
398696448
398696448
398696448
398696448
398696448
398696448
398696448
398696448
398696448
398696448
398696448
398696448
398696448
398696448
398696448
398696448
398696448
398696448
398696448
398696448
398696448
398696448
398696448
398696448
398696448
398696448
398696448
398696448
398696448
398696448
398696448
398696448
398696448
398696448
398696448
398696448
398696448
398696448
398696448
398696448
398696448
398696448
398696448
398696448
398696448
398696448
398696448
398696448
398696448
398696448
398696448
398696448
398696448
398696448
398696448
398696448
398696448
398696448
398516224
398516224
398516224
398516224
398516224
398516224
398516224
398516224
395530240
397320192
401723392
402984960
402984960
402984960
402984960
402984960
402984960
402984960
402984960
402984960
402984960
402984960
402984960
402984960
402984960
402984960
402984960
402984960
402984960
402984960
402984960
402984960
402984960
402984960
402984960
411242496
411242496
411242496
411242496
411242496
411242496
411242496
411242496
411242496
411242496
411242496
411242496
411242496
411242496
411242496
411242496
411242496
411242496
411242496
411242496
411242496
411242496
411242496
411242496
411242496
411242496
411242496
411242496
411242496
411242496
411242496
411242496
411242496
411242496
411242496
411242496
411242496
411242496
411242496
411242496
411242496
411242496
411242496
411242496
411242496
411242496
411242496
411242496
411242496
411242496
411242496
411242496
411242496
411242496
411242496
411242496
411242496
411242496
411242496
411242496
411242496
411242496
411242496
411242496
411242496
411242496
411242496
411242496
411242496
411242496
411242496
411242496
411242496
411242496
411242496
411242496
411242496
411242496
411242496
411242496
411242496
411242496
411242496
411242496
411242496
411242496
411242496
411242496
411242496
411242496
411242496
411242496
411242496
411242496
411242496
411242496
411242496
411242496
411242496
411242496
411242496
411242496
411242496
411242496
411242496
411242496
411242496
411242496
411242496
411242496
411242496
411242496
411242496
411242496
411242496
411242496
411242496
411242496
411242496
413306880
413306880
413306880
421564416
421564416
421564416
421564416
421564416
421564416
421564416
421564416
421564416
421564416
421564416
421564416
421564416
421564416
421564416
421564416
421564416
421564416
421564416
421564416
421564416
421564416
421564416
421564416
421564416
421564416
421564416
421564416
421564416
421564416
421564416
421564416
421564416
421564416
421564416
421564416
421564416
421564416
421564416
421564416
421564416
421564416
421564416
421564416
421564416
421564416
421564416
421564416
421564416
421564416
421564416
421564416
421564416
421564416
421564416
421564416
421564416
421564416
421564416
421564416
421564416
421564416
421564416
421564416
421564416
421564416
421564416
421564416
421564416
421564416
421564416
421564416
421564416
421564416
421564416
421564416
421564416
421564416
421564416
421564416
421564416
421564416
421564416
421564416
421564416
421564416
421564416
421564416
421564416
421564416
421564416
421564416
421564416
421564416
421564416
421564416
421564416
421564416
421564416
421564416
421564416
421564416
421564416
421564416
421564416
421564416
421564416
421564416
421564416
421564416
421564416
421564416
423628800
423628800
423628800
423628800
423628800
423628800
423628800
423628800
423628800
423628800
423628800
423628800
423628800
423628800
423628800
423628800
423628800
423628800
423628800
423628800
423628800
