182378496
187604992
190754816
191500288
193609728
193699840
194043904
194347008
194494464
194465792
194572288
195035136
195112960
195256320
195727360
195776512
196263936
196554752
196829184
197128192
197435392
197738496
197963776
198430720
198742016
199061504
199389184
199540736
199643136
199987200
200081408
200372224
200462336
202788864
203083776
203337728
203382784
203456512
203694080
204062720
204132352
204156928
204312576
204464128
204730368
204865536
204922880
205185024
205266944
205545472
205586432
207699968
209367040
209616896
209907712
210051072
210169856
210432000
210628608
210870272
211075072
211161088
211374080
211591168
211906560
212004864
212230144
212455424
212688896
213016576
213123072
213360640
213622784
213942272
214319104
214462464
214712320
214966272
215482368
215904256
216031232
216297472
216567808
216838144
217198592
217341952
217620480
217899008
218189824
218628096
218783744
219103232
219394048
219729920
220065792
220229632
220614656
220913664
221233152
221769728
221892608
222191616
222494720
222797824
223203328
223363072
223821824
224337920
224849920
225177600
225378304
225775616
226291712
226664448
227057664
227233792
227733504
228057088
228368384
228786176
228962304
229265408
229584896
229892096
230293504
230465536
230924288
231317504
231927808
232136704
232316928
232624128
232931328
233324544
234242048
234475520
235126784
236134400
236548096
238313472
238706688
239013888
239554560
239841280
240615424
241545216
243355648
243699712
243970048
244596736
244871168
246530048
247193600
248168448
248725504
248991744
249298944
249724928
250822656
254689280
255315968
255565824
256561152
257101824
257458176
257826816
258396160
258695168
259993600
260403200
260792320
261537792
262152192
262520832
262860800
263520256
263708672
264146944
265478144
265883648
266190848
266625024
267051008
267456512
269389824
270344192
270635008
271200256
271503360
271982592
272338944
272883712
273190912
273764352
274292736
275886080
276529152
277594112
278167552
278798336
279175168
279576576
280403968
293990400
294305792
294506496
294821888
295276544
295469056
295817216
296062976
296378368
296644608
297082880
297304064
297431040
297660416
297971712
298283008
298684416
298868736
299184128
299495424
299810816
300126208
300400640
300711936
301031424
301346816
301793280
301936640
302374912
302694400
302878720
303247360
303452160
303792128
304107520
304541696
304771072
305041408
305389568
305709056
306102272
306417664
306561024
307486720
307830784
308142080
308457472
308723712
309002240
309321728
309682176
310079488
310444032
310628352
310988800
318173184
318382080
318865408
319229952
319578112
319967232
320172032
320438272
320860160
321060864
321531904
321720320
322043904
322322432
322641920
322961408
323354624
323723264
324030464
324378624
324653056
324898816
325292032
325496832
325849088
326139904
326443008
326758400
327036928
327491584
327696384
328015872
328331264
328724480
329039872
329609216
330117120
330395648
330858496
331448320
334053376
334577664
336003072
336412672
336592896
336916480
337235968
337612800
337928192
338120704
338444288
338763776
339038208
339447808
339640320
339968000
340295680
340619264
341061632
341323776
341524480
341848064
342257664
342581248
342777856
343105536
343498752
343752704
344186880
344342528
344670208
344993792
345321472
345649152
345927680
346148864
346476544
346886144
347029504
347316224
347643904
347967488
348299264
348626944
348909568
349241344
349564928
349888512
350216192
350498816
350937088
351154176
351547392
351809536
352161792
352354304
352784384
353005568
353419264
353665024
354078720
354406400
354562048
354893824
355225600
355594240
355905536
356237312
356651008
356896768
357212160
357535744
357781504
358092800
358445056
358776832
359186432
359493632
359694336
360017920
360402944
360734720
360837120
361168896
361500672
362278912
362680320
362782720
363196416
363401216
363794432
364052480
364273664
365469696
367632384
367964160
368267264
368472064
368689152
369102848
369344512
369758208
369950720
370298880
370712576
370991104
371437568
371716096
371953664
372400128
372695040
372998144
373211136
373538816
373866496
374431744
374755328
375062528
375279616
375603200
375934976
376381440
376537088
376840192
377278464
377499648
377892864
378200064
378417152
378744832
379072512
379482112
379707392
380002304
380321792
380592128
381001728
381198336
381636608
381845504
382173184
382586880
382775296
383102976
383430656
383823872
384155648
384352256
384790528
384974848
385282048
385695744
385863680
386191360
386506752
386723840
387051520
387371008
388190208
388419584
388747264
389074944
389300224
389627904
389976064
390303744
390627328
391041024
391237632
391561216
391970816
392212480
392613888
392757248
393084928
393494528
393822208
394133504
394346496
394563584
394969088
395218944
395628544
395821056
396148736
396476416
396800000
397438976
397512704
397844480
398237696
398618624
398909440
399138816
399429632
399691776
400019456
400379904
400687104
400908288
401301504
401563648
401973248
402173952
402497536
402829312
403083264
403529728
403689472
404021248
404348928
404676608
405065728
405262336
405590016
405876736
406208512
406536192
406794240
407117824
407392256
407724032
408051712
408305664
408621056
408539136
408866816
409219072
409628672
409825280
410152960
410476544
410804224
411119616
411410432
411734016
412061696
412389376
412803072
412999680
413364224
413716480
413982720
414306304
414650368
414937088
415232000
415555584
415948800
416264192
416317440
416755712
416972800
417386496
417693696
418017280
418209792
418521088
418844672
419012608
419344384
419667968
420081664
420241408
420569088
420896768
421212160
421625856
421933056
422195200
422473728
422797312
423141376
423337984
423616512
423944192
424271872
424599552
424951808
425156608
425484288
425811968
426225664
426487808
426684416
427008000
427335680
427663360
428072960
428269568
428544000
428867584
429346816
429740032
429953024
430276608
430608384
431054848
431349760
431443968
434868224
435081216
435408896
435585024
435871744
436326400
436535296
436858880
437182464
437460992
437628928
437960704
438284288
438702080
438898688
439107584
