0.00014025
0.43159233
0.56935215
0.56135818
0.76926192
0.77140912
0.93086499
0.97824337
1.04730831
1.01350934
1.21296194
1.20157837
1.32253163
1.36027363
1.68890394
1.60915174
1.77263356
2.03050114
2.03576369
2.02810719
2.30490168
2.46237857
2.53080721
2.63198044
2.77012444
2.81035661
3.02932680
3.08327653
3.15986279
3.19807418
3.35254198
3.51408288
3.61505579
3.83011412
3.76538942
3.97604725
4.01561999
4.08631269
4.25526808
4.25759005
4.45914928
4.36335339
4.67710916
4.71760893
4.79768475
4.92277525
5.06055033
5.18724268
5.19656735
5.35658233
5.40080099
5.45170927
5.62663918
5.66885218
5.71117463
5.88193174
6.09933137
5.99879512
6.16441831
6.22752078
6.17016204
6.05089492
5.67701365
5.96117869
5.69003429
5.87395858
6.53747403
6.72539608
6.71041067
6.15637505
7.18453503
7.07270581
6.75817827
7.56523547
7.74327938
7.73489695
7.91757429
7.92024714
7.99505155
8.18011174
8.20104302
8.11703969
8.32350085
8.33347384
8.40912914
8.54919942
8.62662773
8.68952396
8.77245632
8.78425347
8.94206716
8.90555256
8.80839207
9.06908606
9.07324781
8.99483097
9.15482554
9.19484070
9.24745280
9.24874074
9.02080846
9.02568606
9.18565527
9.25156619
9.33547166
9.06869028
9.34773474
9.31386638
9.32288025
9.28539939
9.06719919
9.16448600
9.57243302
9.01772165
8.52794089
7.89466909
8.21474966
7.59220499
7.83267049
8.70049553
8.80022984
8.25832261
8.10545619
9.01428007
8.86040612
8.02206535
9.32575594
9.19574430
9.28250576
9.36106296
9.26059460
9.23898809
9.35952370
9.40548092
9.16898727
9.18082639
9.28755375
9.25772293
9.03581083
9.42828340
9.25085404
9.36832456
9.20740144
9.33286353
9.28323417
9.12956616
9.15482866
9.29228928
9.12897213
9.39030915
9.41458174
9.32151528
9.26048311
9.26423715
9.13834836
9.07283275
9.10484463
9.38860636
9.45886324
9.21552296
9.43277999
9.44792229
9.09002061
9.06787680
9.37059783
9.43130641
9.17491345
8.55455235
8.08921970
8.02186472
7.91320561
8.17766879
7.84605965
9.02408251
7.91549789
8.43767592
9.12513152
8.88683572
8.26624991
9.36020348
9.16514825
9.25933402
9.07926342
9.34529140
9.39702416
9.23448348
9.31745501
9.38705210
9.41572970
9.28053089
9.26765208
9.15816441
9.30453543
9.42105042
9.36503781
9.07458770
9.41586819
9.14031767
9.28405710
9.37388360
9.30173023
9.26803739
9.39432477
9.29932837
9.49909698
9.43089295
9.31477922
9.17665058
8.54279499
8.66452413
8.90504568
9.32214082
9.34373550
9.17829459
9.37872320
9.21136377
9.18045979
9.34247870
9.19960434
9.03976301
8.45202768
8.17787153
8.13633052
7.70261017
8.44380893
8.32358361
9.11651493
7.95457559
8.47051772
9.22240221
8.78957813
8.20216647
9.33141693
9.31476994
9.40550795
9.40395938
9.25554379
9.36096512
9.39250412
9.35101110
9.42133354
9.43452723
9.30637162
9.35521623
9.30189256
9.38365541
9.21262585
9.43270216
9.27365977
9.36779769
9.38086044
9.40757024
9.37673012
9.31963038
9.37899331
9.57699658
9.43369145
9.30742597
9.37161692
9.40746984
9.10051812
9.38131210
9.28335504
9.52229444
9.40389001
9.39617784
9.46364113
9.32304171
9.30844522
9.43307833
9.48391983
9.21772851
8.97039694
8.65199147
8.09469207
8.03222177
7.57463874
8.39055426
8.68982931
8.94048926
7.69436088
9.33385541
9.04630000
8.66767831
9.11054655
9.39687526
9.40510382
9.43945831
9.35512133
9.42192968
9.32734967
9.46033375
9.40901199
9.44218041
9.65054714
9.39135069
9.41045543
9.65638761
9.13942658
9.46295062
9.54163038
9.29761163
9.60167239
9.42011134
9.41762980
9.60716689
9.44668139
9.54029720
9.47046533
9.60343166
9.34536082
9.54360470
9.57226374
9.47752912
9.38147895
9.48900935
9.51822457
9.59515773
9.41490889
9.35400577
9.50007159
9.38143248
9.45340920
9.52181963
9.51504554
9.09071501
8.57461968
8.60902327
7.99269121
7.82422668
8.51347119
8.82011653
8.76330157
7.79843219
9.29552376
9.30197163
8.62415266
8.96948517
9.70157425
9.59848172
9.58151185
9.63385123
9.53837631
9.48143502
9.51044991
9.50414340
9.50932070
9.61202111
9.48653859
9.49124213
9.59451719
9.41239260
9.39148263
9.28863488
9.28052710
9.46744046
9.63313344
9.28841385
9.76820914
9.51674276
9.15431507
9.59706210
9.57640354
9.29070318
9.45743919
9.50326386
9.49970902
9.49809314
9.43625645
9.21285285
9.45474018
9.26851410
9.22427053
9.44916990
9.35940162
9.53211268
9.31183557
9.68979202
8.75246846
8.52271820
8.02120991
7.97486435
7.97105312
8.18397365
8.80338899
8.09948150
7.92427779
9.03435676
8.58555563
7.99520820
9.25221485
9.03850573
9.30072152
9.35845944
9.25113319
9.22820991
9.14741606
9.37616884
9.05889884
9.24696354
9.29647263
9.41598250
9.04905574
9.09939444
9.09514775
9.20785622
9.08955753
9.22489671
9.31359411
9.15650104
9.15383423
9.12729723
9.27779400
9.27816931
9.01382185
9.26875113
9.28986407
9.19901735
9.13228408
9.37759465
9.28833812
9.29063765
9.18248161
9.37362754
8.96325764
9.25129989
9.20491997
9.28680707
9.11493879
9.09798654
9.32818800
8.34912312
8.37194016
7.95405421
7.81974175
7.73888998
7.76124252
8.91606780
8.08990094
8.08409558
9.05105583
8.48432719
8.31112707
9.21214992
8.43028532
9.22270317
9.29973944
9.22722344
9.19208544
9.18906486
9.09806513
9.12399069
9.03338151
9.01950278
9.15844639
9.12488617
9.07744042
9.41403222
9.13354481
9.15088746
9.06914359
9.32884149
9.17965722
9.13519882
9.11286871
9.23114646
9.14819934
9.30624602
9.22285978
9.09820202
9.24893463
9.23525597
9.14156732
9.38186658
9.22269878
9.19139157
9.12159888
9.19619191
9.05514966
9.18807741
9.13178677
9.10318443
9.34280731
8.88729251
8.43305299
8.08093388
7.99945749
7.76036517
7.88684972
8.34727110
8.83477718
7.50698956
9.09924312
8.97165807
8.00259228
8.74649763
9.32059034
9.27481493
9.17817037
9.31613292
9.00215692
9.06216040
9.27791104
8.95859824
9.26034068
9.10895849
9.33577204
9.32435466
9.39759276
9.09092392
9.36760719
9.36298051
9.28739769
9.11809530
9.36987608
9.08150336
9.00488716
9.17042342
9.29926850
9.32398077
9.23247042
9.05428433
9.24148941
8.95908644
9.13510048
8.83827238
8.19423006
8.83749397
8.96911335
9.13059987
9.36164858
8.97649754
9.11176457
9.13171098
9.23441532
9.08165529
8.87827535
8.30685756
7.72750439
8.20683915
7.48936133
8.03434413
8.62966389
8.66906983
7.73828483
9.10464350
8.69869495
8.35835641
8.96578725
9.19195502
9.32201826
9.22996178
9.25110218
9.14706604
9.20114836
9.25345657
8.97580130
9.16724327
9.26415550
9.18099427
9.28055294
9.11557752
9.28350073
9.24200787
9.41545158
9.13068965
9.15190536
9.25996557
9.20317094
9.16602977
9.04111306
9.07780672
9.29692055
9.37772247
9.20097616
9.23090003
9.20935099
9.10227570
9.20873124
9.54505084
9.18369633
9.33606354
9.29085680
8.87502344
9.26134151
9.19742925
9.37148144
9.04805644
9.24222345
8.71602515
8.18711599
7.87514615
7.92195292
7.58224253
8.22347963
8.80847005
8.54950043
7.59296812
8.93806607
8.68781733
8.20908313
8.98948141
9.35572956
9.27134985
9.04105954
8.97150710
9.09772755
9.15389485
9.12562707
9.22585505
9.11197302
9.13992839
9.18722116
9.29601303
