3.2327
3.2498
4.6664
4.4664
5.6164
6.3328
6.3330
7.8661
8.0496
9.4995
10.4990
11.1994
12.1992
12.6492
13.8660
14.3324
15.4990
17.1655
17.3655
18.6318
19.1987
20.3823
20.5653
21.8322
22.1648
23.3488
25.2654
25.3650
26.5320
26.8631
28.1486
28.5814
30.1318
30.0647
31.5651
32.9317
33.1811
34.4816
34.6810
36.0482
36.2642
37.4981
37.3308
39.0807
40.5140
40.8973
42.0646
42.5472
43.8645
44.2130
44.8622
45.6810
46.8810
47.5635
48.2309
49.4300
49.7475
50.5800
51.3141
52.2465
53.4798
54.3973
55.0278
56.0796
56.7258
57.6471
57.7628
58.0638
58.8794
60.3303
61.0293
61.8969
62.8291
63.2302
64.2694
64.2457
65.0467
66.0467
66.6956
67.6133
67.7799
68.5966
68.6466
69.7609
69.9632
70.8465
72.0631
72.4952
73.0297
73.4618
74.1796
74.3617
75.0296
74.7284
76.1295
76.8782
77.3089
77.2628
77.8948
78.8035
78.4961
76.5282
78.4627
78.6781
79.6280
78.3294
79.5114
79.9793
79.4447
77.9961
79.9447
79.2127
78.8781
81.1959
78.9127
79.2114
80.1127
79.0794
80.6626
79.5114
79.7127
78.3948
78.8794
78.8127
79.9613
79.3794
78.9294
80.4113
81.0279
80.0447
79.8960
79.7947
80.2113
79.2794
80.7446
80.0960
80.6446
79.5447
79.8460
80.6780
79.4294
79.9947
80.7293
80.6460
79.9447
80.4280
79.9447
79.8613
81.5126
79.6960
81.0626
80.2058
80.2058
80.9960
80.6293
80.9126
79.8780
79.8960
80.7446
80.8266
80.2113
80.4446
80.4280
80.3960
80.2447
80.7626
80.1553
80.2280
80.4113
79.9127
80.9793
80.6780
80.6946
80.0960
81.3612
80.5126
81.2959
80.4446
80.3793
80.2280
80.6293
80.7626
80.5113
81.0459
80.7280
80.8793
80.7446
81.2946
80.9113
80.8946
80.4960
81.0698
81.1793
79.7793
80.8113
81.4112
80.9960
81.3112
80.9126
81.3793
81.4112
81.2279
81.4293
81.0113
80.7446
81.1459
81.9792
81.0698
80.9446
80.0947
81.4112
80.6613
81.4279
81.0099
81.5099
81.0279
81.1279
81.1959
81.0613
81.0613
81.4779
80.9960
82.4292
82.1112
81.4126
82.2292
81.7126
82.2459
81.5112
81.8612
81.7932
82.0626
81.5612
81.9112
81.8959
81.8626
81.5279
81.8126
81.4779
82.6292
82.5278
82.5278
81.6612
82.3251
82.2292
82.3625
81.6612
81.4612
81.9459
81.8098
82.8625
82.6959
82.2778
82.9292
81.8779
83.0792
82.9792
82.0792
82.4292
84.4791
82.5737
81.9779
82.4778
83.1278
83.0125
83.2611
82.6612
82.5125
83.5778
82.5445
83.6444
83.3958
82.9098
83.8958
83.9444
83.4986
82.8959
83.1111
83.0945
83.4292
83.4444
83.9458
82.4945
83.3069
83.9430
83.6444
83.4444
83.1945
83.9791
83.6278
83.2292
83.5625
83.2292
82.8820
84.1958
83.1778
83.1778
83.0778
84.2610
83.7930
83.6458
83.6097
82.4459
84.0430
84.1277
83.3125
84.0263
84.2277
84.1277
83.7930
84.0291
84.1958
84.5291
85.0291
84.0777
83.4402
83.6778
83.8958
84.4624
84.2625
84.7444
84.6444
84.9291
85.2698
84.8124
84.4777
85.5624
84.7777
85.7443
84.9943
84.9943
84.5958
84.5958
85.2943
85.0539
85.0706
85.4124
84.9610
84.9610
84.2249
85.5276
86.9775
84.3791
86.3957
85.1791
86.4109
84.4458
85.4858
85.3943
85.1032
84.9291
85.2776
84.8958
84.4291
85.3610
85.7290
86.1624
86.1175
85.4329
85.5872
84.3444
84.3444
85.8714
85.5581
85.3124
85.2124
86.3623
85.7776
86.6276
85.4886
85.6457
84.7943
85.2443
84.7110
85.6081
86.8609
85.9624
85.7414
84.7929
86.0109
86.4290
86.8232
85.9443
84.3944
84.5944
86.1457
84.9443
84.9443
86.2247
85.0926
84.1958
83.1862
85.6900
84.4944
85.3443
85.6457
85.2386
85.9790
84.4580
85.3124
83.7430
85.5957
83.4292
86.0443
84.7590
85.5414
85.5414
84.5110
85.5791
86.4979
86.0109
83.9069
83.9069
84.2444
84.2388
84.2930
86.6609
83.9458
86.1276
84.6817
85.1124
83.7444
84.7955
85.0624
85.0624
84.6944
84.2625
84.2625
85.3443
85.4457
85.7457
86.2928
84.2958
86.0403
82.8792
83.8291
86.0957
82.8391
83.6778
85.6443
84.8291
85.8900
85.1943
84.3944
86.9123
87.2790
84.6915
85.0791
85.2596
85.1383
83.8958
84.8763
84.8958
84.3125
86.5109
85.9452
86.1276
86.1276
84.1791
85.6276
85.5824
84.4444
84.5958
84.5958
85.0057
83.9791
85.2124
84.5415
84.3887
84.5662
84.5662
84.5444
83.3028
86.1624
84.6110
85.0124
85.4957
84.5958
85.4124
85.1720
84.1777
84.5000
84.1777
84.3054
84.5624
82.0959
84.5777
85.1124
85.1124
85.2110
85.2110
84.9958
85.2943
84.6577
84.8124
85.1777
85.5791
85.1777
85.1777
83.0792
86.3124
84.4777
85.1443
84.2458
84.0777
83.7568
85.0082
86.1457
85.7776
85.2748
85.2610
85.1291
84.2791
85.9276
86.0581
84.1944
85.0429
84.7234
84.7234
85.8776
85.8776
85.4158
82.8778
83.6345
85.1957
85.2791
85.2791
83.5791
83.5791
83.6292
85.0943
84.8124
84.3458
83.9611
85.9123
84.4624
86.6109
85.6943
84.9610
87.3123
87.3123
84.3110
83.6111
84.7777
84.7124
86.0957
84.9791
84.7124
84.7124
85.6624
85.2957
84.5610
85.1443
84.2582
84.9958
83.8749
86.5776
85.5567
86.1624
84.4610
85.3973
85.2277
86.3623
83.8625
84.3791
85.0624
84.4944
85.6457
85.2762
83.7125
85.7929
85.0262
87.2956
85.3624
84.4291
84.4291
84.8124
86.6623
84.4124
85.6276
85.6276
85.6110
86.1299
84.1291
85.4168
83.4736
84.8943
85.5262
84.2096
85.4957
84.4944
85.6743
83.3958
85.0124
85.8290
86.0276
85.5457
84.6082
84.6082
85.0762
85.9290
84.6610
85.1929
84.0777
86.0762
83.8831
83.5292
85.1248
84.5721
86.7123
84.7458
85.1277
84.4944
85.7886
