3.2327	3.2494	29.9897	0.00026630	0.00014025	0.00014985	182378496	171802624	350437376	18432000
3.2498	3.2498	28.7385	0.68372120	0.43159233	0.82408424	187604992	172830720	352501760	18432000
4.6664	4.6831	28.6370	0.80214887	0.56935215	1.10264960	190754816	174252032	354566144	18526208
4.4664	4.4664	47.2425	0.70481128	0.56135818	1.05013769	191500288	175005696	354566144	18751488
5.6164	5.6164	27.8724	0.98202047	0.76926192	1.40123471	193609728	176414720	355360768	18841600
6.3328	6.3328	28.2421	0.89695230	0.77140912	1.43166017	193699840	177012736	355332096	18948096
6.3330	6.3497	28.3990	1.09334848	0.93086499	1.71517945	194043904	176975872	356098048	19148800
7.8661	7.8661	28.8242	1.17127157	0.97824337	1.79696162	194347008	177070080	356098048	19079168
8.0496	8.0496	28.7143	1.20384831	1.04730831	1.96060357	194494464	177348608	356098048	19214336
9.4995	9.4995	27.5491	1.25470896	1.01350934	2.04753560	194465792	177500160	356098048	19320832
10.4990	10.4990	27.5857	1.42502640	1.21296194	2.30761823	194572288	178225152	356098048	19456000
11.1994	11.2161	27.6731	1.52316235	1.20157837	2.40694367	195035136	178319360	356098048	19849216
12.1992	12.1992	27.8265	1.65411411	1.32253163	2.60597488	195112960	178544640	356098048	20062208
12.6492	12.6492	27.6232	1.65375241	1.36027363	2.65720317	195256320	178524160	356098048	20152320
13.8660	13.8493	28.1877	1.88939154	1.68890394	2.93197229	195727360	178651136	356098048	20221952
14.3324	14.3157	28.5669	1.85848352	1.60915174	3.11390776	195776512	178913280	356098048	20242432
15.4990	15.4823	28.6006	2.03917185	1.77263356	3.25325550	196263936	179052544	356098048	20508672
17.1655	17.1655	29.1524	2.19152385	2.03050114	3.48826082	196554752	179945472	356098048	20824064
17.3655	17.3655	28.9645	2.26418708	2.03576369	3.54888805	196829184	180178944	356098048	20951040
18.6318	18.6318	28.8936	2.31898017	2.02810719	3.90513252	197128192	182546432	356098048	21012480
19.1987	19.2321	29.5884	2.38677426	2.30490168	3.95262044	197435392	182579200	356098048	21405696
20.3823	20.3656	30.0057	2.47526361	2.46237857	4.14309717	197738496	182743040	356098048	21610496
20.5653	20.5653	29.6548	2.48372038	2.53080721	4.31071244	197963776	183070720	356098048	21651456
21.8322	21.7989	30.0849	2.58861182	2.63198044	4.48583344	198430720	183115776	356098048	21839872
22.1648	22.1482	30.3228	2.71149635	2.77012444	4.65451825	198742016	183296000	356098048	22126592
23.3488	23.3322	30.9236	2.84389070	2.81035661	4.74840540	199061504	183603200	356864000	22466560
25.2654	25.2487	31.6231	3.06347545	3.02932680	5.06441297	199389184	183672832	357629952	22671360
25.3650	25.4150	31.1338	3.05589534	3.08327653	5.10006424	199540736	183894016	357629952	22978560
26.5320	26.5487	31.6560	3.21080783	3.15986279	5.31912680	199643136	184254464	357629952	23183360
26.8631	26.8631	31.4795	3.29050385	3.19807418	5.44831882	199987200	184483840	357629952	23523328
28.1486	28.1653	31.9994	3.33980495	3.35254198	5.64350327	200081408	184582144	357629952	23896064
28.5814	28.6148	32.0099	3.49876031	3.51408288	5.88103827	200372224	184766464	357629952	24154112
30.1318	30.1485	33.3969	3.49959900	3.61505579	5.93123517	200462336	184946688	357629952	24883200
30.0647	30.0480	33.0954	3.72846770	3.83011412	6.20705857	202788864	185237504	357629952	24915968
31.5651	31.5484	34.4052	3.69181145	3.76538942	6.25390541	203083776	185270272	357629952	25296896
32.9317	32.9317	37.0258	3.86139759	3.97604725	6.51832114	203337728	185421824	357629952	26046464
33.1811	33.2145	33.7270	3.87275792	4.01561999	6.66246187	203382784	185565184	357629952	26030080
34.4816	34.4983	34.6314	4.00588259	4.08631269	6.81842253	203456512	185696256	357629952	26128384
34.6810	34.6977	34.9496	4.09032272	4.25526808	6.93320021	203694080	185946112	357629952	26910720
36.0482	36.0815	35.2878	4.18451744	4.25759005	7.07318066	204062720	185954304	357629952	27160576
36.2642	36.2143	40.4243	4.35917474	4.45914928	7.35495480	204132352	186093568	357629952	27586560
37.4981	37.4815	36.9048	4.35723488	4.36335339	7.30054437	204156928	186277888	357629952	27967488
37.3308	37.3642	37.4103	4.52784562	4.67710916	7.61315139	204312576	186429440	357629952	28422144
39.0807	39.1141	36.7039	4.56896767	4.71760893	7.70127979	204464128	186691584	358395904	29048832
40.5140	40.4806	37.6126	4.69239176	4.79768475	7.94900311	204730368	186716160	358395904	29392896
40.8973	40.9473	38.5604	4.85991849	4.92277525	8.15603392	204865536	186933248	358395904	29900800
42.0646	42.0812	39.0978	5.00151582	5.06055033	8.27537655	204922880	187117568	358395904	29999104
42.5472	42.5138	40.0235	5.06903387	5.18724268	8.50750580	205185024	187281408	358395904	30576640
43.8645	43.8645	39.1193	5.06772014	5.19656735	8.53381667	205266944	187559936	359927808	30887936
44.2130	44.2463	39.9431	5.32405929	5.35658233	8.84508177	205545472	187604992	359927808	31322112
44.8622	44.8455	40.8606	5.35344446	5.40080099	8.90736039	205586432	187777024	359927808	31846400
45.6810	45.7310	40.9253	5.41473658	5.45170927	9.05207818	207699968	187961344	359927808	32493568
46.8810	46.8977	42.1848	5.51463186	5.62663918	9.21473201	209367040	188141568	359927808	33513472
47.5635	47.5302	45.7276	5.51695674	5.66885218	9.28531834	209616896	188444672	360722432	33865728
48.2309	48.1976	43.3309	5.76550607	5.71117463	9.55811627	209907712	188542976	360693760	34328576
49.4300	49.4134	43.6442	5.80506628	5.88193174	9.66938739	210051072	188731392	360693760	35110912
49.7475	49.7475	49.3260	5.92553423	6.09933137	9.88456284	210169856	188928000	360693760	35815424
50.5800	50.5966	44.7694	6.00620174	5.99879512	9.93135115	210432000	189124608	360693760	35917824
51.3141	51.3141	46.2933	6.12853751	6.16441831	10.18089177	210628608	189427712	360693760	36806656
52.2465	52.1465	45.9843	6.19743176	6.22752078	10.23074137	210870272	189534208	360693760	37044224
53.4798	53.4464	48.9080	6.37943882	6.17016204	10.46315535	211075072	189739008	360693760	37761024
54.3973	54.3639	47.5598	6.45311249	6.05089492	10.67256618	211161088	189947904	360693760	38109184
55.0278	55.0945	48.7154	6.41959626	5.67701365	10.72407301	211374080	190160896	360693760	38486016
56.0796	56.1129	47.2424	6.68360468	5.96117869	11.00612906	211591168	190480384	360693760	39493632
56.7258	56.7258	49.4080	6.66580171	5.69003429	11.09995301	211906560	190570496	360693760	39895040
57.6471	57.6138	49.9572	6.86805007	5.87395858	11.39517115	212004864	190902272	360693760	40366080
57.7628	57.8128	51.9003	6.79146616	6.53747403	11.29334777	212230144	191127552	360693760	41046016
58.0638	58.0638	54.1395	7.07925180	6.72539608	11.45673642	212455424	191356928	360693760	41959424
58.8794	58.9961	53.9751	7.18948832	6.71041067	11.62411110	212688896	191684608	360693760	42524672
60.3303	60.3303	56.7163	7.24070607	6.15637505	11.68333220	213016576	191787008	360693760	43237376
61.0293	61.0459	55.8878	7.38162212	7.18453503	11.94911946	213123072	192020480	360693760	43532288
61.8969	61.8469	58.7381	7.34851258	7.07270581	12.02788388	213360640	192258048	360693760	44281856
62.8291	62.8625	57.4374	7.61713293	6.75817827	12.27954020	213622784	192503808	360693760	44548096
63.2302	63.1302	59.8303	7.60999600	7.56523547	12.38154646	213942272	193241088	360693760	45359104
64.2694	64.2861	61.5249	7.79000772	7.74327938	12.52731454	214319104	193400832	360693760	45973504
64.2457	64.1624	62.8122	7.82742853	7.73489695	12.58896792	214462464	194060288	360693760	46874624
65.0467	65.1134	63.3425	7.95304201	7.91757429	12.71772687	214712320	194490368	360693760	47218688
66.0467	65.9467	67.2034	8.02649147	7.92024714	12.85279410	214966272	194670592	360693760	48689152
66.6956	66.6122	67.9355	8.08304364	7.99505155	13.01354511	215482368	195133440	361459712	48959488
67.6133	67.5966	70.9248	8.31235602	8.18011174	13.18893401	215904256	195465216	363761664	49586176
67.7799	67.8799	68.3098	8.25660075	8.20104302	13.20288107	216031232	195821568	363732992	50307072
68.5966	68.4632	73.6193	8.40895844	8.11703969	13.33258079	216297472	196153344	363732992	50716672
68.6466	68.5799	73.0515	8.42423904	8.32350085	13.50074300	216567808	196624384	363732992	51888128
69.7609	69.7275	76.9969	8.57914558	8.33347384	13.55089970	216838144	196927488	363732992	52400128
69.9632	70.1632	75.4264	8.64000362	8.40912914	13.60749658	217198592	197263360	363732992	53592064
70.8465	70.8131	78.8313	8.63761959	8.54919942	13.84543046	217341952	197513216	363732992	53760000
72.0631	72.0131	82.8880	8.91059504	8.62662773	14.00249631	217620480	197988352	363839488	54743040
72.4952	72.3952	83.3842	8.98520089	8.68952396	14.13258193	217899008	198344704	363798528	55705600
73.0297	73.1297	86.8396	9.08732910	8.77245632	14.19766897	218189824	198868992	363798528	56459264
73.4618	73.4451	85.8037	9.07736761	8.78425347	14.32626763	218628096	199229440	363798528	57077760
74.1796	74.2796	87.5912	9.15907562	8.94206716	14.47504261	218783744	199606272	363798528	57741312
74.3617	74.2284	90.3990	9.17958030	8.90555256	14.66284161	219103232	199913472	363798528	58724352
75.0296	74.9629	94.5131	9.04651435	8.80839207	14.51635198	219394048	200978432	363798528	59052032
74.7284	74.7783	94.1435	9.40024499	9.06908606	14.77157587	219729920	201699328	363798528	59703296
76.1295	75.9962	94.9684	9.39090893	9.07324781	14.76095275	220065792	201707520	363798528	61198336
76.8782	76.9615	99.0338	9.47450091	8.99483097	14.95532042	220229632	202100736	363798528	61612032
77.3089	77.2089	100.4766	9.51563355	9.15482554	14.95390390	220614656	202498048	363798528	62308352
77.2628	77.2961	107.6723	9.64170636	9.19484070	15.07248012	220913664	202891264	363798528	63152128
77.8948	78.0115	106.2032	9.65839125	9.24745280	15.25806265	221233152	203411456	363798528	63934464
78.8035	78.7702	107.9501	9.77083326	9.24874074	15.27489678	221769728	204582912	363798528	64733184
78.4961	78.4627	109.4607	9.64693416	9.02080846	15.25538146	221892608	205131776	363798528	65368064
76.5282	76.3782	145.8953	9.65426479	9.02568606	14.93862011	222191616	205434880	363798528	65667072
78.4627	78.3794	126.0491	9.75689038	9.18565527	15.28926721	222494720	207396864	363798528	66850816
78.6781	78.7281	133.7676	9.81046236	9.25156619	15.11438349	222797824	207888384	363798528	67588096
79.6280	79.6280	133.9339	9.97038807	9.33547166	15.40108363	223203328	208146432	363798528	68055040
78.3294	78.2794	159.1593	9.53225488	9.06869028	14.98734529	223363072	208547840	363798528	69861376
79.5114	79.5947	157.9730	9.83893165	9.34773474	15.61718990	223821824	210350080	363798528	70324224
79.9793	80.0293	152.9540	9.98776523	9.31386638	15.70204127	224337920	210661376	363798528	70578176
79.4447	79.2947	158.6854	9.58264376	9.32288025	15.23792516	224849920	211050496	394739712	71196672
77.9961	78.0128	182.8678	9.68739784	9.28539939	15.24906048	225177600	211320832	394559488	72445952
79.9447	79.9613	177.4840	9.81318047	9.06719919	15.56677723	225378304	211628032	394559488	72851456
79.2127	79.2460	185.4406	9.42684604	9.16448600	15.28220286	225775616	212029440	394559488	81510400
78.8781	78.8614	191.9827	10.01792191	9.57243302	15.76799774	226291712	212602880	394559488	82608128
81.1959	81.3293	185.6672	9.69908622	9.01772165	15.56298395	226664448	213061632	394559488	83927040
78.9127	78.9127	217.7480	9.64168168	8.52794089	15.30630225	227057664	213241856	394559488	84045824
79.2114	79.1614	215.2269	9.70589527	7.89466909	15.39505451	227233792	213549056	394559488	85630976
80.1127	80.2627	222.3559	9.76856922	8.21474966	15.69687817	227733504	213925888	394559488	85766144
79.0794	79.0960	231.2004	9.63246502	7.59220499	15.29749858	228057088	214228992	394559488	86446080
80.6626	80.8126	227.6905	9.72000913	7.83267049	15.66194817	228368384	214626304	394559488	87511040
79.5114	79.4947	240.7210	9.77214702	8.70049553	15.57589644	228786176	215068672	394559488	88174592
79.7127	79.5794	253.0471	9.81189507	8.80022984	15.52351525	228962304	215212032	394559488	89071616
78.3948	78.6281	262.5011	9.52640825	8.25832261	15.16649065	229265408	215515136	394559488	90316800
78.8794	79.0127	275.8028	9.57171166	8.10545619	15.50954501	229584896	215830528	394379264	90136576
78.8127	78.7461	279.3056	9.61665507	9.01428007	15.52025924	229892096	216219648	394379264	91037696
79.9613	80.1780	276.1312	9.56600388	8.86040612	15.48862509	230293504	216399872	394379264	92110848
79.3794	79.2627	283.0004	9.40318244	8.02206535	15.31900654	230465536	216735744	394379264	92987392
78.9294	78.8961	306.2155	9.71995811	9.32575594	15.59660623	230924288	217141248	394379264	93532160
80.4113	80.3613	292.6333	9.72045289	9.19574430	15.49321804	231317504	217448448	394379264	94613504
81.0279	80.8779	284.3905	9.75141137	9.28250576	15.63259726	231927808	217845760	394379264	95092736
80.0447	80.0947	320.4592	9.66237269	9.36106296	15.66035032	232136704	218025984	394379264	95944704
79.8960	79.9293	305.1366	9.59565059	9.26059460	15.50720778	232316928	218333184	394379264	96940032
79.7947	79.6114	326.1063	9.71939334	9.23898809	15.70339770	232624128	218640384	394379264	98136064
80.2113	80.1613	311.8628	9.54044111	9.35952370	15.43404556	232931328	218947584	394379264	98496512
79.2794	79.2794	344.1480	9.81144885	9.40548092	15.74223521	233324544	219365376	394395648	99180544
80.7446	80.7613	341.8725	9.84320669	9.16898727	15.63527937	234242048	219574272	394395648	100155392
80.0960	80.2127	346.6512	9.68101557	9.18082639	15.62004043	234475520	219881472	394395648	101179392
80.6446	80.6613	359.8504	9.85800015	9.28755375	15.63341687	235126784	220196864	394395648	101281792
79.5447	79.5447	367.3560	9.76851209	9.25772293	15.47254144	236134400	220516352	394395648	102625280
79.8460	79.8793	376.3647	9.65371025	9.03581083	15.47696456	236548096	220909568	394395648	103538688
80.6780	80.6780	365.4761	9.88224788	9.42828340	15.52821905	238313472	221093888	394395648	103350272
79.4294	79.4460	399.7027	9.57540234	9.25085404	15.45820552	238706688	221401088	394395648	105627648
79.9947	79.9447	393.9802	9.93640957	9.36832456	15.63242152	239013888	221708288	394395648	105463808
80.7293	80.5626	383.3914	9.78210038	9.20740144	15.62609630	239554560	222019584	394395648	106418176
80.6460	80.6960	384.9779	9.71529331	9.33286353	15.61938280	239841280	222412800	394395648	107192320
79.9447	80.0280	410.4398	9.77709419	9.28323417	15.55284555	240615424	222588928	394395648	108322816
80.4280	80.0947	404.1864	9.75334767	9.12956616	15.59770556	241545216	222896128	394395648	108707840
79.9447	79.9447	428.6306	9.74041585	9.15482866	15.63214995	243355648	223203328	394395648	108974080
79.8613	80.0613	429.1072	9.61627872	9.29228928	15.59631201	243699712	223653888	394395648	110751744
81.5126	81.5459	414.6458	9.77453999	9.12897213	15.86192619	243970048	224104448	394395648	111824896
79.6960	79.7793	459.4427	9.72929506	9.39030915	15.62252361	244596736	224288768	394395648	111792128
81.0626	80.9126	436.9151	9.64926102	9.41458174	15.36682869	244871168	224595968	394395648	112734208
80.2058	80.2558	467.6164	9.62701729	9.32151528	15.53173454	246530048	224903168	394395648	113618944
80.2058	80.2558	467.6164	9.76514203	9.26048311	15.55378022	247193600	225214464	394395648	114376704
80.9960	80.9293	464.1641	9.69645138	9.26423715	15.56908990	248168448	225521664	394395648	115298304
80.6293	80.6293	468.9963	9.62308695	9.13834836	15.63793304	248725504	225787904	394395648	116428800
80.9126	80.8126	488.0047	9.73455264	9.07283275	15.75659191	248991744	226095104	394395648	116543488
79.8780	79.7947	503.8083	9.66406728	9.10484463	15.49709669	249298944	226414592	394395648	117161984
79.8960	80.1127	508.0404	9.86246312	9.38860636	15.80599587	249724928	226725888	394395648	118509568
80.7446	80.4946	490.4356	9.69583256	9.45886324	15.61654034	250822656	227037184	394395648	119263232
80.8266	80.6599	505.2969	9.68797049	9.21552296	15.58129735	254689280	227393536	394395648	127856640
80.2113	80.1947	512.0998	9.86805617	9.43277999	15.77758340	255315968	228397056	394395648	128958464
80.4446	80.4446	530.5138	9.58794200	9.44792229	15.61664225	255565824	228884480	394395648	121757696
80.4280	80.2780	528.6651	9.78646683	9.09002061	15.69481993	256561152	229429248	394395648	122236928
80.3960	80.1460	535.3724	9.68184911	9.06787680	15.64315387	257101824	231702528	394395648	131149824
80.2447	80.3113	550.9002	9.74212650	9.37059783	15.75217700	257458176	232108032	394395648	131796992
80.7626	80.6126	545.9793	9.74006125	9.43130641	15.69756823	257826816	232558592	394395648	124809216
80.1553	80.0724	562.8037	9.77726848	9.17491345	15.83743508	258396160	233009152	394395648	133828608
80.2280	80.3280	575.2857	9.63339583	8.55455235	15.78271752	258695168	233447424	394395648	134148096
80.4113	80.5280	577.8179	9.71321134	8.08921970	15.62938678	259993600	233922560	394395648	135319552
79.9127	79.9127	582.4970	9.64769167	8.02186472	15.72955088	260403200	234508288	394395648	135987200
80.9793	80.8793	582.9522	9.73034733	7.91320561	15.61173416	260792320	234819584	394395648	137109504
80.6780	80.7946	601.5179	9.60174168	8.17766879	15.63606398	261537792	235380736	394395648	137412608
80.6946	80.8446	614.7959	9.71682151	7.84605965	15.71999271	262152192	235962368	394395648	138969088
80.0960	80.0460	617.6404	9.68325262	9.02408251	15.72627327	262520832	238174208	394395648	139485184
81.3612	81.2946	612.1121	9.63003118	7.91549789	15.70826992	262860800	238682112	394395648	140034048
80.5126	80.7126	630.9521	9.77034259	8.43767592	15.66391846	263520256	238989312	394395648	141570048
81.2959	81.0459	616.4353	9.69623979	9.12513152	15.74868908	263708672	239976448	394395648	141991936
80.4446	80.2280	621.8812	9.69672575	8.88683572	15.77410068	264146944	243261440	394395648	143118336
80.3793	80.5126	653.4697	9.53156478	8.26624991	15.59789847	265478144	243634176	394395648	143474688
80.2280	80.0113	645.6655	9.77324148	9.36020348	15.71645134	265883648	243920896	394395648	145080320
80.6293	80.6626	658.8165	9.70536385	9.16514825	15.66425993	266190848	244346880	394395648	145928192
80.7626	80.7793	661.0404	9.72579304	9.25933402	15.79550158	266625024	245473280	394395648	145711104
80.5113	80.5113	684.1377	9.60392359	9.07926342	15.68416555	267051008	246710272	394395648	146857984
81.0459	81.0459	665.0127	9.60117144	9.34529140	15.81243395	267456512	247050240	394395648	147996672
80.7280	80.7446	673.5864	9.82200455	9.39702416	15.73474069	269389824	247595008	394395648	148635648
80.8793	80.8960	692.7338	9.73149881	9.23448348	15.73847177	270344192	248045568	394395648	149303296
80.7446	80.8779	712.4500	9.80482809	9.31745501	15.85753173	270635008	249044992	394395648	149983232
81.2946	81.2113	686.0977	9.77219910	9.38705210	15.78855100	271200256	249450496	394395648	151236608
80.9113	80.8779	711.4954	9.73725428	9.41572970	15.83223257	271503360	250122240	394395648	152178688
80.8946	80.5613	707.8848	9.69781539	9.28053089	15.75864666	271982592	251592704	394395648	153026560
80.4960	80.3626	716.8273	9.88612669	9.26765208	15.81904378	272338944	252796928	394395648	154112000
81.0698	80.9198	707.9372	9.77980166	9.15816441	15.91072326	272883712	254525440	394395648	154701824
81.1793	81.4293	742.9425	9.66593823	9.30453543	15.74330042	273190912	254832640	394395648	154820608
79.7793	79.9627	765.3866	9.62766526	9.42105042	15.81897564	273764352	255295488	394395648	156094464
80.8113	80.9279	749.3083	9.69824498	9.36503781	15.78830702	274292736	256360448	394395648	156860416
81.4112	81.2779	745.1940	9.73458008	9.07458770	15.84298159	275886080	256892928	394395648	158699520
80.9960	81.0126	775.2938	9.85743733	9.41586819	15.78321761	276529152	260718592	394395648	159350784
81.3112	81.3279	775.6023	10.00271346	9.14031767	15.83077970	277594112	262926336	394395648	159150080
80.9126	80.8626	765.4646	9.73574034	9.28405710	15.81135400	278167552	263503872	394215424	159952896
81.3793	81.4793	784.2135	9.77110582	9.37388360	15.87051543	278798336	263782400	394215424	160710656
81.4112	81.5612	786.9724	9.81338613	9.30173023	15.95631079	279175168	264175616	394215424	162017280
81.2279	81.3779	798.9289	9.70175701	9.26803739	15.84519522	279576576	264613888	394215424	162701312
81.4293	81.3959	804.6769	9.64774363	9.39432477	15.88272291	280403968	265048064	394215424	162951168
81.0113	80.9613	818.4728	9.80218787	9.29932837	15.74361186	293990400	268984320	394215424	163852288
80.7446	80.5446	804.3875	9.67284108	9.49909698	15.80231084	294305792	269496320	394215424	171929600
81.1459	81.2126	830.2918	9.90295672	9.43089295	15.94161806	294506496	271138816	394215424	165167104
81.9792	81.8292	805.1340	9.74591145	9.31477922	15.90990929	294821888	273014784	394215424	173608960
81.0698	81.3031	838.4097	9.79605136	9.17665058	15.80011563	295276544	274661376	394215424	174034944
80.9446	80.9779	848.1980	9.66983115	8.54279499	15.63124380	295469056	275107840	394215424	167190528
80.0947	80.1780	859.5317	9.75446725	8.66452413	15.81796575	295817216	275632128	394215424	174272512
81.4112	81.4612	858.1645	9.83168429	8.90504568	15.69985305	296062976	276111360	394215424	177053696
80.6613	80.7280	868.0832	9.68505602	9.32214082	15.98365301	296378368	277217280	394215424	175693824
81.4279	81.3279	865.5309	10.06252288	9.34373550	15.90166088	296644608	279609344	394215424	176570368
81.0099	81.0099	865.0560	9.85356348	9.17829459	15.88517790	297082880	279920640	394215424	177405952
81.5099	81.3099	873.8213	9.83307491	9.37872320	15.92742391	297304064	280293376	394215424	178683904
81.0279	81.0113	891.5215	9.74841485	9.21136377	15.95366629	297431040	280338432	392499200	181477376
81.1279	81.2612	902.0240	9.82612665	9.18045979	16.44241347	297660416	280649728	392499200	179945472
81.1959	81.2626	913.0100	9.85116134	9.34247870	15.94407345	297971712	280965120	392499200	180875264
81.0613	80.8113	892.8622	9.67382158	9.19960434	15.91236764	298283008	283459584	392499200	181534720
81.0613	80.8113	892.8622	9.84394153	9.03976301	16.09389121	298684416	283783168	392499200	182325248
81.4779	81.6279	909.0641	9.75816197	8.45202768	15.98894001	298868736	283963392	392499200	183066624
80.9960	80.9960	926.3288	9.67896115	8.17787153	15.91354800	299184128	286375936	392499200	184500224
82.4292	82.2626	924.9690	9.89016675	8.13633052	16.03088564	299495424	286691328	392499200	187285504
82.1112	81.8779	924.1889	9.84387098	7.70261017	16.09234820	299810816	287129600	392499200	188493824
81.4126	81.5793	953.2711	9.87116937	8.44380893	15.91638294	300126208	287498240	392499200	185765888
82.2292	81.9959	948.5388	9.86858313	8.32358361	15.90268450	300400640	287682560	392499200	187150336
81.7126	81.6959	961.2927	9.83881207	9.11651493	15.95549957	300711936	287997952	392499200	188223488
82.2459	82.2959	955.2410	9.83647428	7.95457559	16.08233898	301031424	288317440	392499200	189177856
81.5112	81.3446	974.3075	9.81740482	8.47051772	16.05967504	301346816	288628736	392499200	190676992
81.8612	81.7945	975.0564	9.84858436	9.22240221	16.12447332	301793280	289030144	392499200	190742528
81.7932	81.5932	951.6254	9.76069474	8.78957813	16.01096980	301936640	289214464	392499200	192282624
82.0626	81.9126	975.1430	9.72119342	8.20216647	15.97894445	302374912	289529856	392499200	192573440
81.5612	81.5612	1000.6142	9.77394188	9.33141693	16.10807494	302694400	289845248	392499200	194117632
81.9112	81.9279	1015.6829	9.88966757	9.31476994	16.11682000	302878720	290168832	392499200	194105344
81.8959	82.1126	1010.3339	9.79987662	9.40550795	16.11035023	303247360	290521088	392499200	195497984
81.8626	81.9459	1020.5800	9.86347100	9.40395938	15.97398921	303452160	290705408	392499200	196263936
81.5279	81.4779	1021.9305	9.85533171	9.25554379	16.10513057	303792128	291024896	392499200	197636096
81.8126	81.9959	1039.7459	9.84735803	9.36096512	16.06520495	304107520	291340288	392499200	197156864
81.4779	81.4112	1024.7003	9.87514088	9.39250412	16.11005429	304541696	291655680	396664832	198615040
82.6292	82.3292	1041.7551	9.79668934	9.35101110	16.04932839	304771072	292057088	398696448	199970816
82.5278	82.5445	1023.3707	10.04294106	9.42133354	16.29865742	305041408	292245504	398696448	201134080
82.5278	82.5445	1023.3707	9.72993084	9.43452723	16.11757068	305389568	292560896	398696448	201408512
81.6612	81.5946	1049.7330	9.98197240	9.30637162	16.03678762	305709056	292876288	398696448	202358784
82.3251	81.9918	1049.7325	9.81114854	9.35521623	16.02502899	306102272	293191680	398696448	203661312
82.2292	82.0626	1064.3635	10.00369774	9.30189256	16.10755856	306417664	293466112	398696448	203960320
82.3625	82.5959	1076.8610	9.82743935	9.38365541	16.13655821	306561024	293732352	398696448	204251136
81.6612	81.5446	1071.6197	9.70607653	9.21262585	17.76737690	307486720	294985728	398696448	221343744
81.4612	81.6446	1103.4064	9.92457230	9.43270216	17.58026585	307830784	295292928	398696448	204886016
81.9459	81.8626	1060.4275	9.83676952	9.27365977	16.81899705	308142080	295612416	398696448	213889024
81.8098	81.7765	1090.2148	9.85745950	9.36779769	16.33512395	308457472	296022016	398696448	208728064
82.8625	82.7292	1099.5504	9.84429102	9.38086044	16.08874084	308723712	296161280	398696448	209240064
82.6959	82.6459	1115.2357	9.78154503	9.40757024	16.29842541	309002240	296484864	398696448	213942272
82.2778	82.2612	1107.8343	10.06324439	9.37673012	16.22215388	309321728	296804352	398696448	211296256
82.9292	82.6792	1107.7732	9.73109625	9.31963038	16.34580323	309682176	297078784	398696448	218492928
81.8779	81.9112	1167.5371	9.94637359	9.37899331	16.52573804	310079488	297377792	398696448	217350144
83.0792	83.0958	1103.2625	10.04651155	9.57699658	16.24259300	310444032	297660416	398696448	213012480
82.9792	82.7125	1109.6448	9.80357403	9.43369145	16.15349491	310628352	297975808	398696448	216584192
82.0792	82.0959	1146.2048	9.94348792	9.30742597	16.19530739	310988800	298299392	398696448	209203200
82.4292	82.4125	1142.9009	10.11066923	9.37161692	16.78578099	318173184	300109824	398696448	211894272
84.4791	83.9625	1106.3902	9.85021683	9.40746984	16.32892444	318382080	300519424	398696448	220651520
82.5737	82.7237	1159.2029	9.85066150	9.10051812	16.13833603	318865408	300675072	398696448	219435008
81.9779	82.0612	1195.7364	9.87507905	9.38131210	16.27282078	319229952	300900352	398696448	219795456
82.4778	82.6278	1208.6862	10.06149271	9.28335504	16.34805310	319578112	301142016	398696448	221347840
83.1278	83.1778	1194.6043	9.94413585	9.52229444	16.51732254	319967232	301481984	398696448	215031808
83.0125	82.6125	1169.3153	9.90605888	9.40389001	16.27690862	320172032	301875200	398696448	222208000
83.2611	83.0611	1182.7087	10.08051133	9.39617784	16.68528618	320438272	302022656	398696448	223182848
82.6612	82.6278	1193.8675	9.94881123	9.46364113	16.28931442	320860160	302362624	398696448	224411648
82.5125	82.5625	1219.4314	9.91602531	9.32304171	16.39134326	321060864	302682112	398696448	224583680
83.5778	83.5944	1223.4135	10.02523160	9.30844522	16.33679887	321531904	303001600	398696448	225988608
82.5445	82.2612	1211.5482	9.92636552	9.43307833	16.16543719	321720320	303321088	398696448	226635776
83.6444	83.7944	1196.6223	10.01189841	9.48391983	16.60149601	322043904	303599616	398696448	226525184
83.3958	82.9292	1233.8716	9.97432605	9.21772851	16.27373704	322322432	303915008	398696448	226955264
82.9098	82.5931	1221.3876	9.97866380	8.97039694	16.35920779	322641920	304234496	398696448	226656256
83.8958	84.2125	1254.6547	10.17006659	8.65199147	16.47459755	322961408	304553984	398696448	227803136
83.9444	83.7611	1199.2234	9.98295303	8.09469207	16.52547585	323354624	304963584	398696448	228745216
83.4986	83.1986	1283.3731	9.95371833	8.03222177	16.36421885	323723264	305152000	398696448	228978688
82.8959	82.6625	1236.4808	9.80030995	7.57463874	16.46138219	324030464	305471488	398696448	230506496
83.1111	82.6778	1281.4886	10.01247031	8.39055426	16.39515874	324378624	305811456	398696448	231854080
83.0945	83.0445	1263.3181	10.11476385	8.68982931	16.49991853	324653056	306130944	398696448	232587264
83.4292	83.1792	1283.8173	9.83779700	8.94048926	16.22468194	324898816	306450432	398696448	234819584
83.4444	83.5611	1335.9322	10.10073568	7.69436088	16.36071039	325292032	306724864	398696448	233984000
83.9458	83.7125	1265.2441	9.99977803	9.33385541	16.25446694	325496832	307085312	398696448	234471424
82.4945	82.3778	1275.3192	9.88614709	9.04630000	16.49870148	325849088	307408896	398696448	235249664
83.3069	83.5569	1317.9003	10.26575441	8.66767831	16.51158178	326139904	307728384	398696448	236507136
83.9430	83.9763	1294.5942	10.01190226	9.11054655	16.52824426	326443008	308056064	398696448	237371392
83.6444	83.5278	1321.7372	9.90975013	9.39687526	16.32179477	326758400	308326400	398696448	238645248
83.4444	83.2778	1337.4741	10.03204563	9.40510382	16.47667635	327036928	308645888	398696448	238882816
83.1945	83.3944	1332.6479	10.14225415	9.43945831	16.54868660	327491584	309055488	398696448	239570944
83.9791	84.1458	1344.9992	10.14478092	9.35512133	16.54205272	327696384	309284864	398696448	240263168
83.6278	83.5444	1338.0006	9.96358756	9.42192968	16.31843471	328015872	309694464	398696448	241655808
83.2292	83.3958	1375.1962	10.06445992	9.32734967	16.48286373	328331264	309878784	398696448	241725440
83.5625	83.4625	1355.8349	10.09920730	9.46033375	16.41725237	328724480	310202368	398696448	243605504
83.2292	83.0125	1363.1160	9.99038357	9.40901199	16.41277586	329039872	310517760	398696448	244387840
82.8820	82.8487	1360.6362	9.97940660	9.44218041	16.56118288	329609216	310870016	398696448	245395456
84.1958	84.1791	1372.9040	10.10918481	9.65054714	16.69354784	330117120	311193600	398696448	245854208
83.1778	83.1778	1360.0297	9.97256776	9.39135069	16.53618679	330395648	311451648	398696448	246784000
83.1778	83.1778	1360.0297	10.18414228	9.41045543	16.50629638	330858496	311775232	398696448	247455744
83.0778	83.0111	1392.1241	10.13297057	9.65638761	16.56617448	331448320	312090624	398696448	250101760
84.2610	84.6277	1412.6609	10.13588089	9.13942658	16.34746094	334053376	312360960	398696448	250363904
83.7930	84.1763	1431.6929	10.11243483	9.46295062	16.65520980	334577664	312705024	398696448	250855424
83.6458	83.3625	1382.0384	9.96944365	9.54163038	16.58950338	336003072	312971264	398696448	251342848
83.6097	83.1431	1378.1375	9.82826429	9.29761163	16.49814494	336412672	313290752	398696448	251289600
82.4459	83.1125	1479.1730	9.98071679	9.60167239	16.62453257	336592896	313606144	398696448	252821504
84.0430	83.8597	1413.6041	10.27096224	9.42011134	16.49875963	336916480	313929728	398696448	253251584
84.1277	84.0611	1441.5640	9.99089780	9.41762980	16.57150517	337235968	314376192	398696448	254898176
83.3125	82.9459	1429.7539	10.19941633	9.60716689	16.51526168	337612800	314675200	398696448	255152128
84.0263	84.0430	1447.7404	10.18509839	9.44668139	16.70459127	337928192	314810368	398696448	256585728
84.2277	84.2111	1469.8878	10.11321560	9.54029720	16.54936180	338120704	315138048	398696448	257511424
84.1277	84.1777	1439.6262	10.08106016	9.47046533	16.57017397	338444288	315457536	398696448	259809280
83.7930	83.5930	1466.5791	10.15042870	9.60343166	16.70444662	338763776	315781120	398696448	259133440
84.0291	84.1458	1471.9695	10.07786249	9.34536082	16.65149002	339038208	316137472	398696448	260931584
84.1958	83.7625	1449.0565	10.21018535	9.54360470	16.89821071	339447808	316329984	398696448	261681152
84.5291	84.3624	1444.1519	10.27824238	9.57226374	16.73224957	339640320	316653568	398696448	262127616
85.0291	85.0791	1483.8227	10.14940734	9.47752912	16.65638909	339968000	316981248	398696448	263294976
84.0777	84.1277	1499.6767	10.25462119	9.38147895	16.72294846	340295680	317308928	398696448	263954432
83.4402	83.5569	1476.7214	10.04301382	9.48900935	16.76599638	340619264	317714432	398696448	264265728
83.6778	83.6444	1498.0414	10.17081829	9.51822457	16.54205773	341061632	317906944	398696448	265326592
83.8958	83.7291	1497.2910	10.14262623	9.59515773	16.70062583	341323776	318177280	398696448	265805824
84.4624	84.3624	1527.7689	10.25839712	9.41490889	16.70815768	341524480	318504960	398696448	266924032
84.2625	84.7124	1553.7891	10.03942516	9.35400577	16.71294849	341848064	318828544	398696448	267026432
84.7444	84.4277	1509.2086	10.09752842	9.50007159	16.77932135	342257664	319238144	398696448	267952128
84.6444	84.6277	1544.9110	10.17435827	9.38143248	16.87475949	342581248	319430656	398696448	269336576
84.9291	84.5624	1520.8140	10.18914526	9.45340920	16.61801111	342777856	319758336	398696448	271036416
85.2698	85.3864	1576.4411	10.26105881	9.52181963	16.84944533	343105536	320081920	398696448	271343616
84.8124	84.5458	1542.5592	10.11090342	9.51504554	16.77774418	343498752	320409600	398516224	273571840
84.4777	84.4110	1543.6158	10.15890520	9.09071501	16.64526137	343752704	320819200	398516224	273281024
85.5624	85.4457	1539.2902	10.26872285	8.57461968	16.78670736	344186880	320995328	398516224	273707008
84.7777	84.9110	1576.4318	10.22438187	8.60902327	16.71108773	344342528	321323008	398516224	274096128
85.7443	85.6776	1553.7697	10.10388262	7.99269121	16.96684237	344670208	321650688	398516224	275734528
84.9943	84.8943	1575.0406	10.20964482	7.82422668	16.77747826	344993792	321974272	398516224	276398080
84.9943	84.8943	1575.0406	10.31519385	8.51347119	16.66607060	345321472	322301952	398516224	277049344
84.5958	84.6958	1592.8544	10.30601354	8.82011653	16.72477043	345649152	322584576	398516224	278167552
84.5958	84.6958	1592.8544	10.24459572	8.76330157	16.57646157	345927680	322908160	395530240	278478848
85.2943	85.1110	1605.7435	10.10795100	7.79843219	16.70576948	346148864	323182592	397320192	279801856
85.0539	85.1039	1618.5391	10.18709778	9.29552376	16.69862356	346476544	324706304	401723392	280084480
85.0706	85.1872	1615.7921	10.37214472	9.30197163	16.70308788	346886144	325410816	402984960	282472448
85.4124	85.3791	1631.2005	10.33370368	8.62415266	16.81359000	347029504	325509120	402984960	282996736
84.9610	84.5944	1626.0733	10.16643122	8.96948517	16.78991301	347316224	325836800	402984960	283070464
84.9610	84.5944	1626.0733	10.06435952	9.70157425	16.89663709	347643904	326160384	402984960	284442624
84.2249	84.0916	1614.5367	10.27794507	9.59848172	16.80068695	347967488	326488064	402984960	284667904
85.5276	85.4443	1632.6152	10.24472405	9.58151185	16.82104612	348299264	326823936	402984960	285802496
86.9775	86.9942	1583.4184	10.46915366	9.63385123	16.96401559	348626944	327106560	402984960	286068736
84.3791	84.4124	1646.5937	10.46852454	9.53837631	17.08190638	348909568	327434240	402984960	287232000
86.3957	86.4290	1627.7113	10.16984040	9.48143502	16.82234924	349241344	327766016	402984960	288448512
85.1791	84.9791	1666.0075	10.07702780	9.51044991	17.18924673	349564928	328085504	402984960	289697792
86.4109	85.9276	1577.0935	10.14218467	9.50414340	16.81970604	349888512	328413184	402984960	290856960
84.4458	85.0624	1718.5625	10.04814474	9.50932070	17.03403579	350216192	328695808	402984960	292306944
85.4858	85.2191	1681.5141	10.32532846	9.61202111	16.75615183	350498816	329023488	402984960	292442112
85.3943	85.4110	1682.0318	10.30931828	9.48653859	16.88182527	350937088	329351168	402984960	293277696
85.1032	85.1365	1685.0677	10.08637511	9.49124213	16.85385143	351154176	329678848	402984960	294846464
84.9291	85.0957	1707.0656	10.15241488	9.59451719	16.75821694	351547392	330006528	402984960	295403520
85.2776	85.0943	1711.6077	10.25943527	9.41239260	16.66724684	351809536	330289152	402984960	296714240
84.8958	84.4124	1747.1311	9.97065184	9.39148263	17.02915975	352161792	330571776	402984960	297529344
84.4291	84.2791	1710.6826	10.08005118	9.28863488	17.22576746	352354304	330878976	402984960	299581440
85.3610	84.6777	1744.4422	10.08890944	9.28052710	16.85568243	352784384	331198464	402984960	299073536
85.7290	85.5957	1734.4883	10.23227418	9.46744046	16.93634499	353005568	331530240	402984960	299388928
86.1624	85.8457	1718.0258	10.44520534	9.63313344	17.30342975	353419264	331862016	402984960	303763456
86.1175	86.3675	1726.5703	10.26446261	9.28841385	16.94455654	353665024	332279808	402984960	301678592
85.4329	85.3829	1759.1721	10.31191768	9.76820914	16.95992348	354078720	332496896	402984960	305750016
85.5872	85.6372	1780.7157	10.18080662	9.51674276	17.03986190	354406400	332824576	411242496	304443392
84.3444	84.2944	1770.2335	10.13606401	9.15431507	17.10778203	354562048	333107200	411242496	307466240
84.3444	84.2944	1770.2335	10.25634059	9.59706210	17.36859535	354893824	333443072	411242496	306065408
85.8714	85.9214	1777.2719	10.20519018	9.57640354	16.86505569	355225600	333770752	411242496	306737152
85.5581	85.7081	1795.8474	10.19372142	9.29070318	16.76071199	355594240	334123008	411242496	307511296
85.3124	85.4124	1802.7149	9.96937419	9.45743919	17.11838090	355905536	334434304	411242496	308641792
85.2124	85.1624	1815.5068	10.26137072	9.50326386	17.07120215	356237312	334848000	411242496	309227520
86.3623	86.4790	1802.1553	10.36250927	9.49970902	16.84368207	356651008	335093760	411242496	310235136
85.7776	86.1109	1814.1080	10.29310874	9.49809314	17.14058404	356896768	335540224	411242496	311517184
86.6276	87.0109	1780.9944	10.11793162	9.43625645	16.79180703	357212160	335724544	411242496	312152064
85.4886	85.4386	1804.2799	10.09619704	9.21285285	17.41999871	357535744	336482304	411242496	312619008
85.6457	85.7290	1821.4047	10.04670477	9.45474018	17.11758197	357781504	336814080	411242496	315105280
84.7943	85.3110	1853.4735	10.00389492	9.26851410	17.08779695	358092800	337125376	411242496	313995264
85.2443	85.3776	1835.0182	10.05256927	9.22427053	16.95300844	358445056	337453056	411242496	314449920
84.7110	84.6110	1840.4753	10.04122891	9.44916990	16.85538901	358776832	337866752	411242496	316309504
85.6081	85.5581	1880.5119	9.96504878	9.35940162	17.09104621	359186432	338067456	411242496	316575744
86.8609	86.8942	1808.7863	10.33035760	9.53211268	16.93810154	359493632	338399232	411242496	317980672
85.9624	85.6790	1848.9090	10.12842629	9.31183557	16.95423131	359694336	338694144	411242496	318697472
85.7414	85.5081	1854.8205	10.04392838	9.68979202	16.89962679	360017920	339025920	411242496	319696896
84.7929	84.8763	1891.8060	9.99906812	8.75246846	16.88818126	360402944	339329024	411242496	319983616
86.0109	85.6610	1862.7831	10.11403724	8.52271820	16.84713908	360734720	339611648	411242496	322297856
86.4290	86.4623	1871.6822	10.12412735	8.02120991	16.86014951	360837120	339849216	411242496	323436544
86.8232	86.6232	1869.3596	10.30175692	7.97486435	17.14663974	361168896	340180992	411242496	323457024
85.9443	85.4610	1908.9875	10.16817774	7.97105312	17.16862337	361500672	340508672	411242496	324046848
84.3944	84.6110	1965.8877	10.09689252	8.18397365	17.07381669	362278912	340881408	411242496	324169728
84.5944	84.7610	1917.1040	9.91288158	8.80338899	17.00783055	362680320	341164032	411242496	325443584
86.1457	86.0290	1878.8969	10.16810284	8.09948150	17.10667050	362782720	341385216	411242496	329908224
84.9443	84.9943	1917.5096	9.95359636	7.92427779	17.06810566	363196416	341716992	411242496	330604544
84.9443	84.9943	1917.5096	10.21677906	9.03435676	17.03025018	363401216	342798336	411242496	328691712
86.2247	85.7081	1875.9899	9.89805063	8.58555563	17.39023725	363794432	343142400	411242496	328413184
85.0926	84.8926	1907.2410	9.99598437	7.99520820	17.21472194	364052480	343293952	411242496	331370496
84.1958	84.2458	1969.7784	10.11235705	9.25221485	17.70694806	364273664	343588864	411242496	332206080
83.1862	83.7026	2040.6407	9.99358637	9.03850573	17.43208072	365469696	344219648	411242496	331091968
85.6900	85.1401	1887.6261	10.17988628	9.30072152	17.10182135	367632384	344588288	411242496	332574720
84.4944	84.9443	2023.1093	10.09733394	9.35845944	17.05508266	367964160	347869184	411242496	333074432
85.3443	85.0110	1966.6873	9.98510002	9.25113319	17.03623811	368267264	347885568	411242496	334528512
85.6457	85.6957	1989.4599	10.15775905	9.22820991	17.17026058	368472064	348217344	411242496	335626240
85.2386	85.1886	1995.6991	9.98636140	9.14741606	17.18800804	368689152	348438528	411242496	336691200
85.9790	85.6957	2007.6904	10.09632981	9.37616884	17.42999370	369102848	348766208	411242496	338186240
84.4580	84.7246	2008.7593	10.01723192	9.05889884	17.28959684	369344512	349089792	411242496	347090944
85.3124	85.4957	2024.6244	9.87389737	9.24696354	16.96664607	369758208	349368320	411242496	339468288
83.7430	83.3597	2001.0476	10.14238976	9.29647263	17.78985206	369950720	349696000	411242496	340107264
85.5957	85.7624	2035.8354	10.19462719	9.41598250	17.03889574	370298880	350089216	411242496	341053440
83.4292	83.4792	2107.3039	10.17979844	9.04905574	17.48097876	370712576	350412800	411242496	341442560
86.0443	85.4610	1963.6552	10.04916864	9.09939444	17.17868554	370991104	350740480	411242496	342265856
84.7590	84.7091	2057.3497	10.16366840	9.09514775	17.42983178	371437568	350932992	411242496	344195072
85.5414	84.8415	2036.7338	10.10704573	9.20785622	17.42695913	371716096	347426816	411242496	349077504
85.5414	84.8415	2036.7338	10.07434435	9.08955753	17.53824546	371953664	347725824	411242496	345227264
84.5110	84.2777	2056.7287	10.13989926	9.22489671	17.31967116	372400128	348053504	411242496	346308608
85.5791	85.2624	2028.0616	10.02656147	9.31359411	17.22925510	372695040	348381184	411242496	354246656
86.4979	86.4479	2084.3894	10.16059413	9.15650104	17.08025512	372998144	348663808	411242496	358649856
86.0109	85.5443	1995.2003	9.93473766	9.15383423	17.71880428	373211136	348987392	411242496	348270592
83.9069	84.1235	2127.7439	10.01494578	9.12729723	17.00214415	373538816	349310976	411242496	350429184
83.9069	84.1235	2127.7439	9.93904989	9.27779400	17.45501651	373866496	349773824	411242496	351113216
84.2444	84.2610	2084.1576	9.96941748	9.27816931	17.19959775	374431744	349995008	411242496	360079360
84.2388	83.9221	2164.0624	10.06926482	9.01382185	17.49860620	374755328	350269440	411242496	354463744
84.2930	84.0763	2116.6476	10.08509411	9.26875113	17.51688848	375062528	350593024	411242496	355016704
86.6609	86.3776	2093.7293	10.12483335	9.28986407	17.31755282	375279616	350920704	411242496	355127296
83.9458	84.3291	2174.9032	10.01335494	9.19901735	17.33096554	375603200	351248384	411242496	354275328
86.1276	85.2277	2085.1093	10.15610112	9.13228408	17.15714787	375934976	351584256	411242496	355557376
84.6817	84.8483	2155.0157	10.01393747	9.37759465	17.38852834	376381440	351862784	411242496	356196352
85.1124	84.5624	2126.6192	10.14435886	9.28833812	17.52800915	376537088	352186368	411242496	358342656
83.7444	83.7444	2155.2338	9.89325631	9.29063765	17.25262959	376840192	352489472	411242496	358526976
84.7955	84.2456	2164.3823	9.96965755	9.18248161	17.42617649	377278464	352796672	411242496	358367232
85.0624	84.4958	2187.6836	10.18821616	9.37362754	17.44843946	377499648	353124352	411242496	359993344
85.0624	84.4958	2187.6836	10.22117516	8.96325764	17.37151809	377892864	353386496	411242496	360304640
84.6944	84.2944	2170.9126	10.17486196	9.25129989	17.50869866	378200064	353796096	411242496	360914944
84.2625	84.4624	2218.6182	10.03790716	9.20491997	17.29025732	378417152	354041856	411242496	367341568
84.2625	84.4624	2218.6182	10.09180322	9.28680707	17.14643549	378744832	354373632	411242496	364965888
85.3443	85.5276	2211.4897	10.03365133	9.11493879	17.24197203	379072512	354697216	411242496	363778048
