0.000000000000000000e+00 0.000000000000000000e+00 3.035532924244785380e-02 1.958625978309583293e-01 0.000000000000000000e+00 1.077950453186471425e-02 0.000000000000000000e+00 0.000000000000000000e+00 0.000000000000000000e+00
1.094321599336585665e-03 0.000000000000000000e+00 2.834270276831599156e-02 0.000000000000000000e+00 6.796707800235020358e-02 0.000000000000000000e+00 1.987367530854409342e-03 4.455997029335313970e-04 1.093346058448132216e-03
1.310824074025474699e-03 0.000000000000000000e+00 3.053625292447372311e-02 2.118629433909417492e-01 8.222005622051065110e-02 3.101284599247043638e-02 2.949337984619043642e-03 5.347196435202376547e-04 1.309655530443262295e-03
1.093403103989418722e-02 0.000000000000000000e+00 2.507924273615548538e-02 2.784154427137759402e-01 5.012095032110926163e-03 9.361159533439243272e-03 1.298395834985068276e-01 1.470479019680653605e-03 1.070666338051064724e-02
1.705777073306425501e-02 0.000000000000000000e+00 3.854157061146780416e-02 2.403817834676985898e-01 1.089765540237133505e-02 4.676317090233732959e-02 2.790401437670128604e-01 2.346825102116598463e-03 1.682494402173057707e-02
1.901154155010522859e-02 0.000000000000000000e+00 3.599813216372465402e-02 2.059790902208300800e-01 1.710777848674632090e-02 3.918287863716212599e-02 4.069663574618779811e-01 1.500185666542889042e-03 1.877697313567454687e-02
1.749602422728297954e-02 0.000000000000000000e+00 3.153722728990290824e-02 3.682280008727588094e-01 3.135664632350448205e-02 6.813626607059238005e-02 5.571500303919236785e-01 1.529892313405124479e-03 1.791697911368177187e-02
3.520723879304462484e-02 0.000000000000000000e+00 3.415570891737207404e-02 2.940078237232860436e-01 7.504129884294956365e-02 7.429692048058628151e-02 6.850498163270699603e-01 2.064611956925361917e-03 3.561240488938065274e-02
3.958190091797048754e-02 0.000000000000000000e+00 2.956496268534480540e-02 6.184774474302148217e-01 1.263198551971057154e-02 6.238357471321905739e-02 8.342609476994634621e-01 3.044931303379131132e-03 3.954661534669819817e-02
3.914364742375175954e-02 0.000000000000000000e+00 2.518119382893067859e-02 3.746187119301278567e-01 1.740322066601912923e-02 1.335481215506335861e-01 9.242157562303443541e-01 3.252877831414778976e-03 3.888982113173115873e-02
5.597966713728617233e-02 0.000000000000000000e+00 2.855523257043135477e-02 4.980926237523423672e-01 1.656805351239691235e-02 7.052623492226482715e-02 9.241734718147942562e-01 5.183809877460081317e-03 5.549321181547885173e-02
5.532753544079903330e-02 0.000000000000000000e+00 3.227945858032911508e-02 4.288105834300971475e-01 2.519015036488964424e-02 6.557179424621933927e-02 9.241734718147942562e-01 4.767916821388785628e-03 5.484035050000261174e-02
5.139112681009190553e-02 0.000000000000000000e+00 3.819984011574331650e-02 6.659153772084044354e-01 4.427039528839635946e-02 9.832225157004019500e-02 9.241734718147942562e-01 5.733382844411437015e-03 5.221841750612220973e-02
6.035432926221205585e-02 0.000000000000000000e+00 3.927867658512273347e-02 6.368858675676687398e-01 2.402283094937276986e-02 1.353821661648632324e-01 9.251988688918840742e-01 5.510582992944671778e-03 6.030052595975857188e-02
6.932278025917315567e-02 0.000000000000000000e+00 4.410702396047151003e-02 7.671275590901155406e-01 4.770652446584403711e-02 1.451504032736305183e-01 9.251988688918840742e-01 5.896769402153731812e-03 6.926098196634487836e-02
6.888321462874417989e-02 0.000000000000000000e+00 4.323691601660209494e-02 9.605641823813162450e-01 8.351517835621796726e-02 1.563756375911869168e-01 9.251988688918840742e-01 7.114741923505384091e-03 6.904073959485890200e-02
7.610127592125084939e-02 1.111111111111111049e-01 5.307368022986361927e-02 1.000000000000000000e+00 3.209185131364168664e-02 2.239561644902627463e-02 9.293268849599619630e-01 7.797994801336798933e-03 7.668891813800805812e-02
7.544389567992274004e-02 2.222222222222222099e-01 7.574577523341867458e-02 3.817733352666118768e-02 5.942293904404250676e-02 1.538532954193289337e-01 9.311609714844472085e-01 8.243594504270330275e-03 7.646867576652210952e-02
8.244283022532003513e-02 1.111111111111111049e-01 5.706557590814100023e-02 3.494185837336377110e-01 8.182605624086128349e-02 1.862780546855460073e-01 9.312138270038848864e-01 7.901968065354623288e-03 8.258826737423899389e-02
1.106498223367571310e-01 1.111111111111111049e-01 1.153431183887951988e-02 4.963826346881001217e-01 5.700357391830770254e-02 1.283157209698854995e-01 9.312138270038848864e-01 8.095061269959152872e-03 1.105511827539735342e-01
1.185252638705918821e-01 1.111111111111111049e-01 1.191871059672482830e-02 4.494644696331585587e-01 6.713061590310540061e-02 1.585998489747433848e-01 9.312138270038848864e-01 9.595246936502042565e-03 1.182006722636196466e-01
1.187417663452807609e-01 1.111111111111111049e-01 1.223434468788892407e-02 7.914713035500055005e-01 9.155860638344348601e-02 2.271425680068830943e-01 9.312402547636037253e-01 1.151132565911622795e-02 1.186359131406037742e-01
1.392990043510436704e-01 2.222222222222222099e-01 1.197261184476935796e-02 6.730854885478319005e-01 6.277582009508850258e-02 1.570158087612017472e-01 9.313195380427601311e-01 1.085777942814704876e-02 1.398303084966360521e-01
1.261789543848967909e-01 2.222222222222222099e-01 3.197296463740711969e-02 2.159586656209489530e-01 8.658427896427751957e-02 2.228503048060550273e-01 9.313195380427601311e-01 9.238767174155216449e-03 1.262854026502498728e-01
1.456379343826924022e-01 1.111111111111111049e-01 2.117631401483275125e-02 4.906817059563963190e-01 1.148210265796776042e-01 1.765692045943589306e-01 9.313195380427601311e-01 1.238767174155217150e-02 1.459446562383651669e-01
1.408276430359682863e-01 1.111111111111111049e-01 3.761615195744175827e-02 4.120175743147352354e-01 8.655209628819270085e-02 1.496251249377333337e-01 9.313195380427601311e-01 1.152617898254734534e-02 1.411386530605823753e-01
1.469526948653485932e-01 1.111111111111111049e-01 3.063521424913233718e-02 5.225764841268936145e-01 7.979410282021531797e-02 2.488776028975536181e-01 9.313195380427601311e-01 1.354623096917935421e-02 1.483515907267473899e-01
1.620383248744285409e-01 1.111111111111111049e-01 3.155038226961583148e-02 5.941620277232669833e-01 9.382671164127909247e-02 2.734967342258621814e-01 9.313195380427601311e-01 1.534348310434459697e-02 1.618938746401396844e-01
1.642282802093119609e-01 1.111111111111111049e-01 3.064174902801570718e-02 5.552427038144743809e-01 7.881878270574781131e-02 2.356406266848520836e-01 9.313459658024789700e-01 1.495729669513553607e-02 1.643008091285219074e-01
1.611670664308320344e-01 1.111111111111111049e-01 2.984788017111895259e-02 6.654108932338096416e-01 9.552677963418221285e-02 2.561864780743554615e-01 9.313459658024789700e-01 1.442257705161529950e-02 1.612423242911604215e-01
1.874084784993360620e-01 1.111111111111111049e-01 2.212885413677343968e-02 8.409925474421140468e-01 1.624279037153685545e-01 2.713606220373921407e-01 9.313459658024789700e-01 1.463052357965094648e-02 1.870237914199864848e-01
1.944061009085230884e-01 2.222222222222222099e-01 1.705047672493283442e-02 6.151889986811758249e-01 1.641454227650238074e-01 2.743784153877621423e-01 9.313459658024789700e-01 1.433345711102859341e-02 1.946706589966386569e-01
1.880645466044539027e-01 2.222222222222222099e-01 1.439607516909167766e-02 3.340819705374229454e-01 2.106776364509014843e-01 2.247400877348457171e-01 9.323396495679061591e-01 1.611585592276271878e-02 1.872414118584785625e-01
2.193353767667914067e-01 2.222222222222222099e-01 8.441225878390671081e-03 4.184978662830445284e-01 1.641873487585511493e-01 1.242071142769878567e-01 9.323396495679061591e-01 1.687337541774972319e-02 2.193587800670166177e-01
2.178001774008156144e-01 2.222222222222222099e-01 9.153516776678033082e-03 6.234358321004523917e-01 1.777221988561697441e-01 3.511327799390682181e-01 9.323396495679061591e-01 1.834385443743037636e-02 2.178249492655965625e-01
2.387891082197460546e-01 2.222222222222222099e-01 7.532208238032692821e-03 4.284810230773406503e-01 2.827156647871349460e-01 3.483564005963556420e-01 9.323396495679061591e-01 1.806164129223913895e-02 2.385762379456630444e-01
2.372578452624010126e-01 2.222222222222222099e-01 8.350892170297023395e-03 4.450748047513904404e-01 1.892776623771683375e-01 2.519008801120737884e-01 9.323396495679061591e-01 2.014110657259561912e-02 2.370463400437338441e-01
2.309254759118034295e-01 2.222222222222222099e-01 1.670541477330702435e-02 4.729842431251654045e-01 1.709303050640278154e-01 2.647508462253435613e-01 9.323396495679061591e-01 2.058670627552915133e-02 2.305019952910083159e-01
2.457959155824047948e-01 2.222222222222222099e-01 1.965067805591780639e-02 3.783392358120226118e-01 2.866577409352587535e-01 3.115988021970630961e-01 9.323396495679061591e-01 2.080950612699591570e-02 2.447023843858646408e-01
2.447029061192784183e-01 2.222222222222222099e-01 2.459028751617624645e-02 4.518523874794083683e-01 1.760417057547086772e-01 3.503443027182405189e-01 9.332910489177832503e-01 2.373561084292610465e-02 2.442658325423835430e-01
2.477641198977583448e-01 2.222222222222222099e-01 2.204052784441520516e-02 5.793890190393543582e-01 2.119555501063583314e-01 3.551711042975246313e-01 9.332910489177832503e-01 2.373561084292610465e-02 2.481987320332041669e-01
2.608841698639052242e-01 2.222222222222222099e-01 2.265603567767173268e-02 4.751172351912490432e-01 1.471600633484921317e-01 2.700654099562426191e-01 9.332963344697270403e-01 2.422577051615298904e-02 2.606516027876391584e-01
2.705060646935636970e-01 2.222222222222222099e-01 2.082663927811280111e-02 6.111374436419266809e-01 2.066381085480245572e-01 4.787019538184742462e-01 9.332963344697270403e-01 2.655774229483846838e-02 2.709204033581718019e-01
2.880007767846364808e-01 2.222222222222222099e-01 1.532636287405042541e-02 5.069860214710999458e-01 2.048497587082506177e-01 4.645763312708940940e-01 9.332963344697270403e-01 2.985518009654660257e-02 2.877440364134054573e-01
2.956544672989413480e-01 2.222222222222222099e-01 1.036514166140645350e-02 6.732543397191010914e-01 2.331806869084732114e-01 3.996326658858421199e-01 9.332963344697270403e-01 2.685480876346082318e-02 2.951719725850686094e-01
2.969666035091770850e-01 2.222222222222222099e-01 1.015530265059600909e-02 6.054843866462580326e-01 2.554038593080135700e-01 3.860343047577946551e-01 9.707603266471100945e-01 2.783512810991459197e-02 2.962653186435167396e-01
3.192716069469739293e-01 2.222222222222222099e-01 4.694106786914571672e-03 6.729007058294145249e-01 1.529285124288419229e-01 4.469556550940215756e-01 9.707603266471100945e-01 3.025621982918677913e-02 3.196424732169544924e-01
3.135808722031817042e-01 2.222222222222222099e-01 8.785390899581503599e-03 5.924267546368948700e-01 2.204631462049942703e-01 4.101659815528681530e-01 9.707603266471100945e-01 3.117712588191607834e-02 3.130823968662657109e-01
3.267074828503797046e-01 2.222222222222222099e-01 5.365395151031768055e-03 7.831411318791946519e-01 2.465319256907970435e-01 4.466379769940105882e-01 9.708607521340415492e-01 3.174155217229854969e-02 3.264162371066445245e-01
3.380718945672312459e-01 3.333333333333333148e-01 7.467501113795398972e-03 6.652808676995004555e-01 2.035319200573449117e-01 4.552139911444769149e-01 9.728005496974021504e-01 3.273672484218343587e-02 3.377705179366435884e-01
3.409152937348119972e-01 3.333333333333333148e-01 9.868754732108875674e-03 5.666757024864629289e-01 2.269768697809004532e-01 4.928146662920651067e-01 9.737519490472792416e-01 3.223171184552543755e-02 3.408290027740051298e-01
3.599268352849172570e-01 3.333333333333333148e-01 7.067555561743902801e-03 5.292034070034091764e-01 2.598993696156710054e-01 4.324965154860120342e-01 9.737519490472792416e-01 3.383587077608615074e-02 3.598235963481716815e-01
3.588456350476830203e-01 3.333333333333333148e-01 5.077907591136566340e-03 4.735288483263386805e-01 3.105864310410657025e-01 6.144696323641541946e-01 9.737519490472792416e-01 3.454883030077979950e-02 3.578702562677308352e-01
3.632255457174498603e-01 3.333333333333333148e-01 7.658333741579054048e-03 5.165939909307966094e-01 2.286942076723597617e-01 5.784124975559186144e-01 9.737519490472792416e-01 3.826216115855922417e-02 3.639950917414354614e-01
3.715287436558214473e-01 3.333333333333333148e-01 7.091815394461249700e-03 5.114278593663381667e-01 5.158305344972701212e-01 4.941859835771585385e-01 9.737519490472792416e-01 3.698477534348310752e-02 3.720719563290840193e-01
3.778571765977882246e-01 3.333333333333333148e-01 7.245275920787718447e-03 6.390822884574937079e-01 2.102436299288090171e-01 6.062747519164559673e-01 9.737519490472792416e-01 3.867805421463052507e-02 3.779568849338486580e-01
3.844375396921203558e-01 3.333333333333333148e-01 6.954713170829756111e-03 5.489892101153941439e-01 3.022019600651002502e-01 5.275010213008354265e-01 9.737519490472792416e-01 4.002970664686223562e-02 3.843137614775116728e-01
3.962467655842417669e-01 3.333333333333333148e-01 6.600895469719692682e-03 6.218216836274399473e-01 2.993329174591466413e-01 5.297899431148758165e-01 9.737519490472792416e-01 4.268845154103230455e-02 3.963300803884655665e-01
4.098050690446073396e-01 3.333333333333333148e-01 7.460411092261809429e-03 5.541434330686298981e-01 2.787361214080320004e-01 5.983663729278405619e-01 9.737519490472792416e-01 4.240623839584106713e-02 4.085653307044085358e-01
3.933968057356097558e-01 3.333333333333333148e-01 2.343627973415152860e-02 5.688693659931278734e-01 3.045508577493485913e-01 5.710104106238604871e-01 9.737519490472792416e-01 4.543631637578908478e-02 3.928271779086413007e-01
4.084929328343716026e-01 3.333333333333333148e-01 1.402812013588752328e-02 5.404538216546638241e-01 2.956817963411355610e-01 5.446774577266837447e-01 9.737519490472792416e-01 4.803564797623468413e-02 4.083463992994195157e-01
4.266358402133007544e-01 3.333333333333333148e-01 5.510356193712543510e-03 6.517767438687829262e-01 2.860882125990215075e-01 5.993490927922430211e-01 9.737519490472792416e-01 4.637207575194950138e-02 4.260365812091305160e-01
4.360464811131113394e-01 3.333333333333333148e-01 7.847799618223693513e-03 6.419329780997476975e-01 2.358587149707500052e-01 4.996926715263285690e-01 9.737519490472792416e-01 4.852580764946156505e-02 4.350022810817045782e-01
4.347264720856142128e-01 3.333333333333333148e-01 8.378910568646633084e-03 6.933197008336591249e-01 2.792805146897375246e-01 7.162098176877401690e-01 9.737519490472792416e-01 4.990716672855551733e-02 4.339010692242749045e-01
4.515638039353588318e-01 3.333333333333333148e-01 4.353016955786498041e-03 7.448164065107026888e-01 5.726841883957600743e-01 5.903366830292035017e-01 9.737519490472792416e-01 5.494244337170441778e-02 4.518167373714597201e-01
4.561641534884451898e-01 3.333333333333333148e-01 7.901700866268224904e-03 6.633861740126602013e-01 3.153853741011841127e-01 5.927900107179869815e-01 9.737519490472792416e-01 5.515038989974006822e-02 4.564129859097320607e-01
4.670981845283393996e-01 3.333333333333333148e-01 6.456361536769852395e-03 7.637039465023454099e-01 3.546248173892482813e-01 6.389018560932462343e-01 9.737519490472792416e-01 5.544745636836242303e-02 4.664641660417725988e-01
4.850219651601592186e-01 3.333333333333333148e-01 4.905056283025458624e-03 6.910569615747763628e-01 4.146004659600408537e-01 5.606505781785127152e-01 9.737519490472792416e-01 5.773486817675455018e-02 4.848072092669599154e-01
4.808664297823427858e-01 3.333333333333333148e-01 5.261821041279003512e-03 8.335558249852423884e-01 3.552976998310318213e-01 6.875370730288794530e-01 9.737519490472792416e-01 5.791310805792795890e-02 4.802188265276692292e-01
4.797734203192164371e-01 4.444444444444444198e-01 1.364987175816773785e-02 4.935500222255694847e-01 3.709888635476443763e-01 6.536625587396776016e-01 9.791432120299162767e-01 5.974006683995543993e-02 4.789091709972259636e-01
4.887471198610184864e-01 4.444444444444444198e-01 1.281350548304252546e-02 4.864994335339768439e-01 3.376825689782604889e-01 6.690579899769127925e-01 9.793599196596104450e-01 6.268102487931674627e-02 4.887492855232591360e-01
5.156446000346402991e-01 4.444444444444444198e-01 5.679961467868514628e-03 6.265540690087540998e-01 3.532815613660524323e-01 7.416321036188315841e-01 9.793599196596104450e-01 6.361678425547716287e-02 5.154038563390473948e-01
5.182505025481684013e-01 4.444444444444444198e-01 5.080342116602921607e-03 5.941366836274299956e-01 3.182442697836860290e-01 6.123364330430358660e-01 9.793599196596104450e-01 6.608243594504270568e-02 5.173519525535005270e-01
5.230804759380460744e-01 4.444444444444444198e-01 3.995995931694390491e-03 5.264342604100731293e-01 3.381792691391420913e-01 5.909377147744774295e-01 9.793599196596104450e-01 6.964723356851094949e-02 5.232696553206885870e-01
5.412207590445548000e-01 4.444444444444444198e-01 3.175518138560119979e-03 6.107931462075668616e-01 3.484065488956202827e-01 7.566686827782536096e-01 9.793599196596104450e-01 7.015224656516895474e-02 5.409572152974058135e-01
5.381687302195465872e-01 4.444444444444444198e-01 3.619498703871453383e-03 6.182485565935182947e-01 3.842972509328930752e-01 6.033231630685657043e-01 9.793599196596104450e-01 7.101373932417377743e-02 5.379079072255229521e-01
5.549968771158195757e-01 4.444444444444444198e-01 6.131843563202222375e-03 6.729868655427303503e-01 4.616026752306907621e-01 7.186783183079857862e-01 9.793599196596104450e-01 7.260304493130337322e-02 5.538466378953219582e-01
5.624419379726970369e-01 4.444444444444444198e-01 3.893318752376597868e-03 6.985438976410350831e-01 3.717234796446148293e-01 6.607609724129035467e-01 9.793599196596104450e-01 7.315261789825473759e-02 5.617229246089386896e-01
5.593807241942170272e-01 4.444444444444444198e-01 5.485968228075913111e-03 7.382068579515362883e-01 4.000367921457362863e-01 6.492374382601967531e-01 9.793599196596104450e-01 7.653917564054957268e-02 5.586631288050801780e-01
5.757719297324815910e-01 4.444444444444444198e-01 4.266698079163678409e-03 7.334577800894497290e-01 3.966647532283829602e-01 7.315229830183037629e-01 9.793599196596104450e-01 7.903453397697735028e-02 5.750397222848572243e-01
5.733759690125911357e-01 4.444444444444444198e-01 5.816850136634537163e-03 6.346186327930309901e-01 3.905567027230572585e-01 7.550683008917844496e-01 9.793599196596104450e-01 8.063869290753805652e-02 5.728648288664334176e-01
5.860485805310476914e-01 4.444444444444444198e-01 3.162704846631942193e-03 6.783436640452258359e-01 4.226138526939587914e-01 5.873850771203447119e-01 9.793599196596104450e-01 8.366877088748607416e-02 5.861816265423520633e-01
6.068236331477098178e-01 4.444444444444444198e-01 2.845917559194310973e-03 6.534407485126246806e-01 4.093861080602599900e-01 6.367756327547279271e-01 9.793599196596104450e-01 8.444114370590419250e-02 6.056271925914660237e-01
6.057411207742652293e-01 4.444444444444444198e-01 1.355774418920412377e-03 7.225127651471462409e-01 4.646159347280723884e-01 6.442034754979825140e-01 9.795343428737546265e-01 8.649090233939843442e-02 6.056376803234415629e-01
6.256291693128079867e-01 4.444444444444444198e-01 3.172357526551170936e-03 7.573749081140109807e-01 4.411497394319347509e-01 6.102950933628555896e-01 9.795343428737546265e-01 8.943186037875974770e-02 6.248525162690942159e-01
6.317410997800858574e-01 4.444444444444444198e-01 7.173307931124444986e-04 6.875794318335705091e-01 4.439313032740738740e-01 6.558512723687466295e-01 9.795343428737546265e-01 8.892684738210174245e-02 6.318334128653008142e-01
6.297728954647322519e-01 4.444444444444444198e-01 0.000000000000000000e+00 7.265527059363379170e-01 4.342834680715479401e-01 6.095562091217565648e-01 9.795343428737546265e-01 9.149647233568511395e-02 6.287749280279393282e-01
6.486020500816147560e-01 4.444444444444444198e-01 1.979525469984071400e-03 7.822080280111363138e-01 4.168657119118783227e-01 6.829514973958893398e-01 9.797669071592800538e-01 9.512068325287782733e-02 6.480238491025123171e-01
6.330755423058955778e-01 5.555555555555555802e-01 9.786279843064508988e-03 5.611707351888569617e-01 4.298370851827953421e-01 6.999778805193646036e-01 9.811570073204894937e-01 9.702190865206089532e-02 6.322922511392298217e-01
6.488093676028320322e-01 5.555555555555555802e-01 9.197936188695712140e-03 5.567641515486860815e-01 4.365105252563440397e-01 7.561357715733955098e-01 9.811622928724331727e-01 9.923505384329743551e-02 6.512894666463903137e-01
6.536078497236640361e-01 5.555555555555555802e-01 5.055569752208445913e-03 6.083667151076345148e-01 4.668196963107874575e-01 6.749683942301294426e-01 9.811622928724331727e-01 1.008540660972892661e-01 6.534630490983172058e-01
6.597538957324080577e-01 5.555555555555555802e-01 5.009228346401539515e-03 6.855595845900744889e-01 4.506721021970466201e-01 7.386870978303183843e-01 9.811622928724331727e-01 1.017155588562941027e-01 6.593846847649961207e-01
6.844653569797772841e-01 5.555555555555555802e-01 3.763391972224881810e-03 6.917911313614595326e-01 4.909893340428334585e-01 7.616570725677385134e-01 9.811622928724331727e-01 1.062903824730783570e-01 6.838551853968819483e-01
6.717691270095365041e-01 5.555555555555555802e-01 1.041037258191292170e-02 6.182557354015280060e-01 4.268857859173755265e-01 9.642399035571316279e-01 9.811622928724331727e-01 1.090679539546973581e-01 6.707337217290074705e-01
6.916807939998634858e-01 5.555555555555555802e-01 7.600673927902255531e-03 7.302006137222041282e-01 5.301799162300244728e-01 7.338981645684983235e-01 9.811622928724331727e-01 1.082510211659858945e-01 6.915020529735341759e-01
6.958245201517878620e-01 5.555555555555555802e-01 7.498295725396121082e-03 6.815504576077601184e-01 4.964449642084694525e-01 8.769047150531467105e-01 9.811622928724331727e-01 1.133754177497214993e-01 6.932377726154830277e-01
6.936489983152169803e-01 5.555555555555555802e-01 9.323506449591846892e-03 6.475216160567343060e-01 5.185659448051905818e-01 9.082758136452753206e-01 9.811622928724331727e-01 1.154697363535091004e-01 6.939050545624255717e-01
7.015100063507391237e-01 5.555555555555555802e-01 1.169798028777543041e-02 6.871593273881014818e-01 4.935382572136142731e-01 8.787640182359924834e-01 9.811622928724331727e-01 1.171927218715187458e-01 7.013211920356162699e-01
7.074264285226919968e-01 5.555555555555555802e-01 1.215255317441405955e-02 7.690699983582056642e-01 4.577519275870743365e-01 7.212365114354515327e-01 9.811622928724331727e-01 1.195544002970664738e-01 7.061403048783684300e-01
7.021660744558569922e-01 5.555555555555555802e-01 1.677358148636492671e-02 6.920488966255192720e-01 4.797772024637339539e-01 8.489745640285673023e-01 9.811622928724331727e-01 1.203564797623468269e-01 7.017577438790972844e-01
7.157361871421147326e-01 5.555555555555555802e-01 1.400467181165895858e-02 6.651140850662157211e-01 5.168741347357476146e-01 8.805838058713706396e-01 9.811622928724331727e-01 1.235647976234682532e-01 7.146602761419827976e-01
7.229516241622009343e-01 5.555555555555555802e-01 1.421690263696266839e-02 7.157582857656871189e-01 4.732763855060757585e-01 9.266111743165733605e-01 9.811622928724331727e-01 1.275751949498700466e-01 7.218705918751540107e-01
7.271071595400173670e-01 5.555555555555555802e-01 1.851456617161943707e-02 7.427372655169769411e-01 5.573665207509655994e-01 8.813604531989215340e-01 9.811622928724331727e-01 1.295803936130709155e-01 7.249290767125154966e-01
7.319174508867416495e-01 5.555555555555555802e-01 1.891754420276060486e-02 7.235803319940188327e-01 4.775226303940888206e-01 8.108621848507652219e-01 9.811622928724331727e-01 1.316598588934274061e-01 7.310473573537353831e-01
7.209847319830575696e-01 5.555555555555555802e-01 2.716610088152458802e-02 6.743289311848015277e-01 4.527632757674263653e-01 9.412706775487829081e-01 9.811622928724331727e-01 1.337393241737838967e-01 7.201230735347327050e-01
7.325735189918594070e-01 5.555555555555555802e-01 1.968309568449609290e-02 6.391718443377228942e-01 5.051607492670983079e-01 8.182429946712317381e-01 9.813737149501836621e-01 1.357593761604158900e-01 7.317028406022055842e-01
7.316996362758424466e-01 5.555555555555555802e-01 2.678892027813215004e-02 6.808160375139635789e-01 5.235318728839570834e-01 8.608082845625362189e-01 9.813737149501836621e-01 1.376457482361678475e-01 7.314839091972165086e-01
7.460924583659179765e-01 5.555555555555555802e-01 2.500590799535321734e-02 7.117258111370714513e-01 6.056193884006920714e-01 8.389703677335753618e-01 9.813737149501836621e-01 1.397252135165243103e-01 7.452097284201804062e-01
7.489621002577034892e-01 5.555555555555555802e-01 2.745589483396685543e-02 7.628643143189965947e-01 5.881846307249787298e-01 9.447898824768072856e-01 9.813737149501836621e-01 1.478945414036390571e-01 7.480755011824917755e-01
7.489752216198057866e-01 5.555555555555555802e-01 3.019375363123354139e-02 6.553530518055006304e-01 5.608039562286806223e-01 8.963894119660299475e-01 9.813737149501836621e-01 1.440920906052729211e-01 7.472141961940020893e-01
7.548667132037641947e-01 5.555555555555555802e-01 3.119276329190041191e-02 8.007840137425253912e-01 5.858874875115359648e-01 8.979945874637221825e-01 9.813737149501836621e-01 1.773338284441143831e-01 7.513529174248422260e-01
7.441636181368714853e-01 6.666666666666666297e-01 3.797108014385226771e-02 5.733466824186068678e-01 5.347867774098589155e-01 8.843155596017748810e-01 9.873305319908031175e-01 1.495135536576308877e-01 7.439380909181484425e-01
7.682190112791227321e-01 6.666666666666666297e-01 3.043724888884200008e-02 5.422220872210274933e-01 5.225941769010143956e-01 9.090186367560956215e-01 9.882555035809614807e-01 1.525139249907166705e-01 7.670963140865971752e-01
7.434944286696512084e-01 6.666666666666666297e-01 4.661010053864089731e-02 5.628084485747449905e-01 5.209224485530659088e-01 9.341851376135902330e-01 9.882555035809614807e-01 1.538061641292239046e-01 7.404286336058395479e-01
7.483060321525856207e-01 6.666666666666666297e-01 4.708039106337808671e-02 5.876654477704802426e-01 5.416665530557041031e-01 9.023597323873252529e-01 9.882555035809614807e-01 1.557222428518381108e-01 7.469834660905405599e-01
7.380411905799115768e-01 6.666666666666666297e-01 5.066179157924976389e-02 6.098643676464263752e-01 5.518503187167493884e-01 8.501942797609490787e-01 9.882555035809614807e-01 1.940586706275529150e-01 7.395673286173498617e-01
7.419644778485163794e-01 6.666666666666666297e-01 5.266391115400052142e-02 5.980539569102153452e-01 6.286590604017527895e-01 9.994410648271953024e-01 9.882555035809614807e-01 1.955142963238024612e-01 7.432694980047088729e-01
7.631895931852893389e-01 6.666666666666666297e-01 5.021055014851245890e-02 6.377771130777823982e-01 5.240443998712702722e-01 8.817921911670744128e-01 9.882555035809614807e-01 1.984552543631637467e-01 7.664408308381270851e-01
7.791386088207044036e-01 6.666666666666666297e-01 4.681699249230785592e-02 6.653480441213426300e-01 5.426853970718884534e-01 8.925774673855361163e-01 9.882555035809614807e-01 2.012625324916449965e-01 7.764775903387012290e-01
7.990529000834517559e-01 6.666666666666666297e-01 4.098305796643575416e-02 5.935018747512185167e-01 5.850254294624062101e-01 9.501452181457377133e-01 9.882607891329051597e-01 2.076643148904567526e-01 7.992136822951352304e-01
8.012257976476021559e-01 6.666666666666666297e-01 3.945157060420693279e-02 7.257176723952747377e-01 5.768204516785299107e-01 9.292561341905036798e-01 9.882660746848489497e-01 2.284441143705904231e-01 7.978896061332255707e-01
8.235294889491887593e-01 6.666666666666666297e-01 3.730081684308932805e-02 6.976219094112645625e-01 4.072300968877127780e-01 9.253066246761589841e-01 9.882660746848489497e-01 2.169327887114742004e-01 8.234508308905656992e-01
7.938043552425089189e-01 6.666666666666666297e-01 4.997747636833891477e-02 6.599784338995593469e-01 5.982378633898896014e-01 9.180472145869393863e-01 9.882660746848489497e-01 2.104567396955068781e-01 7.930967126204121476e-01
7.918217174288427751e-01 6.666666666666666297e-01 5.708518024479111025e-02 6.758609518914794334e-01 5.748573853392683342e-01 9.177992378367835213e-01 9.882713602367927397e-01 2.124470850352766504e-01 7.898048757465953029e-01
7.666877483217776623e-01 6.666666666666666297e-01 6.695735185474749329e-02 5.977541530670891223e-01 7.044251091876189141e-01 1.000000000000000000e+00 9.882713602367927397e-01 2.194727070181953232e-01 7.688451433935153956e-01
7.948829312073226738e-01 6.666666666666666297e-01 5.582994745653379470e-02 7.371188560319330563e-01 5.400054459456860023e-01 8.510008156914191657e-01 9.882713602367927397e-01 2.177794281470478988e-01 7.965786396362853905e-01
7.992575933322485504e-01 6.666666666666666297e-01 6.118291371439522203e-02 6.461089748222222928e-01 6.785396845053632831e-01 9.501245277491340291e-01 9.882713602367927397e-01 2.238841440772372793e-01 7.983261579767066962e-01
8.123920767967079959e-01 6.666666666666666297e-01 5.468943634200675724e-02 5.609855139323772777e-01 7.979623517088879625e-01 9.625378679918730196e-01 9.882713602367927397e-01 2.224136650575566365e-01 8.038020650344259721e-01
7.996945346902570861e-01 6.666666666666666297e-01 6.741700734718431010e-02 6.297035452460254534e-01 7.127445758545869481e-01 9.429209808711849217e-01 9.882713602367927397e-01 2.268548087634608135e-01 7.989816412251767863e-01
7.857124112339852751e-01 6.666666666666666297e-01 7.532460232773950659e-02 6.330452903868590830e-01 5.984275515046105776e-01 8.919124471101510521e-01 9.882713602367927397e-01 2.291867805421463067e-01 7.902558482215428226e-01
9.223871431645574992e-01 6.666666666666666297e-01 2.799934925561393950e-02 8.598151417489082737e-01 1.000000000000000000e+00 8.993618249633081874e-01 9.882713602367927397e-01 2.327664314890456609e-01 9.226569095800187803e-01
9.374596518115352328e-01 7.777777777777777901e-01 2.305871473200124533e-02 6.123618879689960437e-01 7.035048250362918587e-01 8.842667413983975599e-01 9.924945162398582932e-01 2.283104344597103597e-01 9.368428780434087111e-01
9.374753974460580119e-01 7.777777777777777901e-01 2.335568412792329851e-02 7.667659534194842808e-01 6.909172769510809609e-01 8.365371020507593736e-01 9.924945162398582932e-01 2.334793910137393236e-01 9.366396782363829443e-01
9.757281043830597911e-01 7.777777777777777901e-01 1.720936154484222977e-02 7.087380212802577573e-01 6.773161528887330363e-01 9.301346507380879869e-01 9.924998017918020832e-01 2.362718158187894490e-01 9.746393531166916979e-01
9.492675655674464030e-01 7.777777777777777901e-01 2.550844530477632682e-02 6.665053841150185843e-01 6.233039869700910396e-01 8.867660332900599851e-01 9.924998017918020832e-01 2.418418121054586034e-01 9.503877838897948349e-01
9.707144319237491770e-01 7.777777777777777901e-01 2.289487543921295276e-02 6.719256474854798933e-01 7.339006604168483161e-01 8.673351267458836444e-01 9.924998017918020832e-01 2.430894912736724922e-01 9.700680129418612907e-01
9.564843147237428456e-01 7.777777777777777901e-01 2.940543720083899776e-02 7.868559137159102379e-01 7.434669083678284718e-01 9.004697327451627320e-01 9.924998017918020832e-01 2.488822874118084005e-01 9.551950980340746522e-01
9.676033569692803482e-01 8.888888888888888395e-01 2.487897098331807652e-02 7.363354348164063978e-01 7.497209579276890024e-01 9.430615989369918184e-01 9.937894764660799574e-01 2.157890828072781264e-01 9.663042281291458480e-01
9.355071931307046285e-01 8.888888888888888395e-01 4.181515314425156282e-02 5.214322241817308523e-01 7.203796433732658766e-01 8.572153840644645140e-01 9.937894764660799574e-01 2.555662829558113525e-01 9.388250593867824012e-01
8.943809078932865031e-01 8.888888888888888395e-01 5.931857973884546720e-02 6.298677186779610970e-01 6.001725967937595607e-01 9.930351563892512168e-01 9.937947620180237474e-01 2.711622725584849625e-01 8.916171558319656576e-01
8.694673776695411860e-01 8.888888888888888395e-01 7.487323276408290595e-02 6.184793237323362725e-01 6.462821317640512486e-01 9.629012099696213633e-01 9.937947620180237474e-01 2.681470479019680830e-01 8.710952862888636794e-01
8.685764371827909835e-01 8.888888888888888395e-01 7.402580434692636324e-02 3.866146593097814499e-01 6.556837471723290234e-01 9.337858092343767069e-01 9.937947620180237474e-01 2.902339398440401119e-01 8.605931336818756217e-01
7.067572390554718309e-01 8.888888888888888395e-01 1.593410585239848354e-01 4.578776972090799480e-01 6.130627337748777439e-01 9.533476072689646141e-01 9.937947620180237474e-01 2.697660601559598859e-01 7.045986082779668314e-01
7.476630854095700496e-01 8.888888888888888395e-01 1.363120706292569595e-01 5.150233137947672901e-01 6.696891136200179284e-01 9.346027785331924020e-01 9.937947620180237474e-01 2.969030820646119673e-01 7.386942249303876107e-01
7.231576295472079696e-01 8.888888888888888395e-01 1.488030228434941704e-01 4.353186564842988493e-01 5.986729723447640206e-01 9.238133063583530147e-01 9.937947620180237474e-01 2.733160044559970192e-01 7.268837277594533131e-01
7.688606458859280623e-01 8.888888888888888395e-01 1.322458151468230425e-01 3.634092064722443394e-01 4.655484808634972049e-01 8.811147680884828803e-01 9.938000475699675373e-01 2.905607129595246807e-01 7.670832044216278067e-01
7.548798345658666031e-01 8.888888888888888395e-01 1.403493253609600644e-01 4.739797395455164208e-01 3.666939113625824476e-01 8.195755530823488622e-01 9.938000475699675373e-01 2.791830672112885492e-01 7.539879600836920659e-01
8.075673519516713972e-01 8.888888888888888395e-01 1.237261292108588345e-01 4.913834479559357482e-01 6.069440697734249657e-01 9.408617641611416449e-01 9.938000475699675373e-01 2.805495729669513771e-01 8.079394752987691941e-01
8.449750431692812924e-01 8.888888888888888395e-01 1.051995612557999893e-01 4.953826938146450587e-01 7.324538046148832970e-01 9.206272309072277560e-01 9.938000475699675373e-01 2.880207946528035579e-01 8.437839212581083048e-01
8.241999905526192771e-01 8.888888888888888395e-01 1.199128508220602546e-01 5.408952252330188060e-01 3.870089800969309657e-01 9.261918187045112827e-01 9.938000475699675373e-01 3.010917192721871416e-01 8.249951494239612382e-01
8.167509932871110934e-01 8.888888888888888395e-01 1.233919158463988863e-01 4.418394891939085301e-01 6.092140320317986912e-01 9.376711805769848418e-01 9.938000475699675373e-01 2.879168213887857153e-01 8.221398643936255191e-01
7.717171664156111666e-01 8.888888888888888395e-01 1.504073751258212244e-01 3.869500197789677576e-01 7.467634997997286694e-01 9.366589042124866538e-01 9.938000475699675373e-01 3.180245079836613309e-01 7.745255612247572419e-01
7.561775372777896909e-01 8.888888888888888395e-01 1.580771554081894514e-01 3.933333257506964609e-01 6.288255566545560837e-01 9.219236191533175528e-01 9.938000475699675373e-01 2.955662829558113880e-01 7.555034373541549275e-01
8.101706301927789067e-01 8.888888888888888395e-01 1.391736204046036263e-01 4.356857719151081554e-01 3.034034956703539621e-01 9.555206698687421785e-01 9.938000475699675373e-01 2.997252135165243137e-01 8.057344296509157955e-01
7.892118785066839504e-01 8.888888888888888395e-01 1.490334912543089807e-01 4.173675083949551778e-01 8.889805807420285699e-01 9.278837287802770284e-01 9.938000475699675373e-01 3.017601188265874312e-01 7.959362660527846689e-01
7.920408441759521079e-01 8.888888888888888395e-01 1.501486747617913065e-01 5.307868187641354707e-01 5.658736208580736893e-01 7.200364429060990279e-01 9.938000475699675373e-01 3.177720014853323560e-01 7.928646715504538145e-01
7.920539655380544053e-01 8.888888888888888395e-01 1.544004240003721273e-01 3.933554669167116380e-01 5.980000620324888994e-01 9.298385020175781168e-01 9.938000475699675373e-01 3.059041960638693158e-01 7.941887477123633632e-01
7.660316802166599048e-01 8.888888888888888395e-01 1.675626645787265390e-01 4.109144588516301932e-01 3.303311317115850687e-01 9.268402032331748419e-01 9.940326118554929646e-01 3.227330115113256626e-01 7.684072805835373554e-01
7.857124112339852751e-01 8.888888888888888395e-01 1.626779814298668914e-01 4.173880085475353829e-01 6.489615688345184985e-01 9.327902422001667082e-01 9.940326118554929646e-01 3.276643148904567204e-01 7.854498450437599200e-01
7.577088002351346496e-01 8.888888888888888395e-01 1.802020801354382307e-01 4.629269493688202841e-01 4.759816992958254556e-01 9.278431846257115811e-01 9.940326118554929646e-01 3.120980319346453591e-01 7.531004357652635317e-01
7.400093948952651823e-01 8.888888888888888395e-01 1.928904424673155427e-01 3.618665617304489546e-01 5.316422721543242469e-01 9.326691091930692235e-01 9.940326118554929646e-01 3.305755662829558128e-01 7.391307767738686252e-01
7.522424407832928317e-01 8.888888888888888395e-01 1.921897689537097331e-01 5.244300042960511332e-01 5.479505850711675619e-01 9.409307706997955822e-01 9.940326118554929646e-01 3.331451912365391843e-01 7.517894692683233515e-01
7.354169181594402138e-01 8.888888888888888395e-01 2.021005085723699413e-01 3.396678601223056537e-01 5.645985247028774134e-01 9.011562184539760878e-01 9.940326118554929646e-01 3.138804307463795018e-01 7.397862600223388263e-01
7.531163234993097921e-01 8.888888888888888395e-01 1.959667430153785028e-01 4.521163593586496887e-01 6.523788745915589660e-01 9.342294337486410916e-01 9.940326118554929646e-01 3.308577794281470363e-01 7.548479541056848374e-01
8.073626587028744916e-01 8.888888888888888395e-01 1.666497602398170075e-01 5.220805005818669464e-01 4.898384695720514048e-01 9.240281375536656405e-01 9.940326118554929646e-01 3.210842926104716111e-01 8.075160331202575481e-01
7.977407638732161299e-01 8.888888888888888395e-01 1.766743246017725144e-01 6.286364950330347590e-01 5.759342443644814846e-01 9.370215352297199818e-01 9.940326118554929646e-01 3.357148161901225558e-01 7.979027157981949392e-01
8.325097491720419018e-01 8.888888888888888395e-01 1.593879124614688558e-01 4.593881053983661644e-01 6.773965995146008501e-01 9.173462379946977219e-01 9.940326118554929646e-01 3.109691793538804094e-01 8.335164316540726315e-01
8.307606716037978511e-01 8.888888888888888395e-01 1.681755670426243465e-01 4.880107458325562697e-01 6.405862120254519620e-01 9.483341919037854284e-01 9.940326118554929646e-01 3.410917192721871771e-01 8.319865337521432647e-01
7.627250969668658565e-01 8.888888888888888395e-01 2.034219006579497391e-01 5.751325595934629886e-01 5.446316265374554488e-01 9.287643106167134954e-01 9.940326118554929646e-01 3.610545859636093424e-01 7.670700947566583272e-01
8.049798193450864447e-01 8.888888888888888395e-01 1.825014680829226965e-01 4.297156999592021132e-01 5.426461621291687187e-01 9.340350132021422169e-01 9.940326118554929646e-01 3.731006312662458191e-01 8.068828363022354511e-01
7.303743787035044122e-01 8.888888888888888395e-01 2.360894738507833546e-01 5.224301315601972417e-01 6.428224081509172905e-01 9.405605101737005702e-01 9.940326118554929646e-01 3.645599702933531305e-01 7.273202796029343276e-01
7.758582682951150611e-01 8.888888888888888395e-01 2.054369616575479895e-01 4.868759665196173980e-01 4.796856138346375364e-01 9.471755992402133284e-01 9.940378974074367546e-01 3.431563312291124879e-01 7.797550065810517905e-01
7.810661369135406540e-01 8.888888888888888395e-01 2.105667630809936741e-01 6.158764581568297869e-01 6.012839300688177513e-01 9.335590374448460294e-01 9.940378974074367546e-01 3.687783141477905535e-01 7.821173682085380552e-01
7.937899217441962696e-01 8.888888888888888395e-01 2.050393224980435469e-01 5.641944851667973770e-01 5.954940702574167410e-01 9.339029766732903637e-01 9.940378974074367546e-01 3.494541403639064292e-01 7.893683239031142884e-01
8.051477727799967177e-01 8.888888888888888395e-01 1.995249087618870543e-01 3.053599451632783568e-01 6.390816204354951013e-01 9.205839540022533463e-01 9.942387483812996640e-01 3.908057927961381406e-01 8.020257054310719891e-01
7.535676983556308661e-01 8.888888888888888395e-01 2.402017717622124959e-01 4.927763910218587728e-01 6.816276988548678473e-01 9.397968229309171528e-01 9.942387483812996640e-01 3.677237281841811978e-01 7.511470956848226299e-01
8.106285657301512959e-01 8.888888888888888395e-01 2.011543750963933341e-01 6.374114083778636974e-01 6.848046329758306072e-01 9.358496907518418784e-01 9.942387483812996640e-01 3.607575194949870223e-01 8.066285088018290139e-01
9.717916957523526911e-01 8.888888888888888395e-01 1.295595512050538300e-01 6.558322107075988949e-01 6.430024391402718864e-01 9.652366782734912443e-01 9.942387483812996640e-01 3.871073152617898194e-01 9.726729033712815387e-01
9.768211138461861953e-01 8.888888888888888395e-01 1.252485618467917283e-01 6.998845805866125147e-01 8.957919405242470434e-01 9.230454712164243292e-01 9.942387483812996640e-01 3.545339769773486749e-01 9.761692510186210647e-01
9.746508405544562770e-01 8.888888888888888395e-01 1.330659512521725485e-01 7.483425328773438689e-01 6.490821169689491299e-01 9.253669441863724421e-01 9.942387483812996640e-01 3.700854066097289397e-01 9.768404658650543526e-01
9.573595095759700468e-01 8.888888888888888395e-01 1.401055738375130422e-01 6.656770918451311303e-01 4.785710795819981267e-01 9.464858043546789945e-01 9.942387483812996640e-01 3.842257705161529757e-01 9.499512320463138204e-01
9.387717880217708588e-01 8.888888888888888395e-01 1.548631546828716787e-01 6.434502517125377796e-01 7.840342598122176376e-01 9.398640094158624558e-01 9.942440339332434540e-01 3.927218715187523190e-01 9.346574968930093652e-01
9.844918621312240825e-01 8.888888888888888395e-01 1.338930065351632837e-01 6.095894052824536447e-01 6.443978971105007725e-01 9.312172057904083422e-01 9.942440339332434540e-01 3.783290011139992526e-01 9.805557449173829543e-01
1.000000000000000000e+00 8.888888888888888395e-01 1.276984632634591832e-01 6.458338082076452435e-01 8.341445708311887586e-01 9.259825517292085140e-01 9.942493194851872440e-01 3.774080950612699326e-01 9.984530595336106318e-01
9.938946302137732225e-01 8.888888888888888395e-01 1.361266195840831195e-01 5.617980889180056447e-01 9.124766717855727904e-01 9.394985414590990569e-01 9.942493194851872440e-01 3.979948013367990978e-01 1.000000000000000000e+00
7.793708569299160338e-01 8.888888888888888395e-01 2.469719735292764951e-01 3.451903729473262405e-01 7.691767954033321697e-01 9.397455056212350444e-01 9.942493194851872440e-01 4.499071667285555187e-01 7.712481449824066804e-01
7.657994321074481636e-01 8.888888888888888395e-01 2.644989765810182303e-01 3.048629663971691439e-01 7.072971200009361414e-01 9.498363953395976278e-01 9.942493194851872440e-01 4.271815818789453933e-01 7.694862060105190915e-01
7.161731285001232683e-01 8.888888888888888395e-01 2.976762198157816286e-01 3.859594093534686188e-01 5.839734190450047713e-01 9.810199785192248445e-01 9.942493194851872440e-01 4.427330115113256581e-01 7.124762059580804774e-01
6.894947750736107883e-01 8.888888888888888395e-01 3.278188057012486611e-01 4.405294087960047178e-01 4.299732376958443347e-01 9.246721393669524725e-01 9.942546050371310340e-01 4.170664686223542472e-01 6.849472204888330529e-01
6.953862666575690854e-01 8.888888888888888395e-01 3.232722226154005063e-01 3.929267819433983067e-01 1.941918824359487872e-01 9.446568889708788497e-01 9.942546050371310340e-01 4.317415521722985372e-01 6.851530422288527600e-01
6.781224905394979130e-01 8.888888888888888395e-01 3.388379804936423878e-01 3.496669094158401658e-01 6.580730395214229311e-01 9.471549869854505310e-01 9.942546050371310340e-01 4.625027849981433459e-01 6.755528345717596306e-01
6.558069900120191420e-01 8.888888888888888395e-01 3.634260897501908061e-01 4.083785914793011118e-01 7.335492852574990730e-01 9.458675451987123006e-01 9.942546050371310340e-01 4.649981433345711235e-01 6.567509530726431954e-01
6.767985451033700084e-01 8.888888888888888395e-01 3.423537769548417597e-01 2.681313106390633694e-01 7.715369388309726295e-01 9.440039494240793916e-01 9.942546050371310340e-01 4.669290753806163985e-01 6.733556547228878308e-01
6.538492827863474632e-01 7.777777777777777901e-01 3.722692685963683856e-01 5.182301884568062400e-01 4.838238244389833631e-01 9.255192510994334487e-01 9.942546050371310340e-01 4.611808392127738632e-01 6.488969527894744571e-01
6.713203764256359118e-01 7.777777777777777901e-01 3.575054519489380689e-01 5.590374047075563624e-01 5.401324827434754727e-01 9.400576364319682687e-01 9.942546050371310340e-01 4.065206089862606897e-01 6.750913743648366827e-01
7.067572390554718309e-01 7.777777777777777901e-01 3.320496265630134003e-01 5.984498586602838843e-01 5.460096251930086630e-01 9.356644327268843764e-01 9.942968894526811319e-01 4.275826216115856115e-01 7.052540915264368104e-01
7.109245836591804313e-01 7.777777777777777901e-01 3.323028172115142231e-01 5.515328760561456489e-01 7.067424136050693972e-01 9.489709653363264108e-01 9.943074605565686008e-01 4.635870776086149503e-01 7.091987897157300269e-01
7.238136976523258381e-01 7.777777777777777901e-01 3.239043450171905647e-01 5.136238727561827089e-01 4.238123416415759404e-01 9.276173096440403221e-01 9.943074605565686008e-01 4.327961381359078930e-01 7.161770643789426849e-01
6.916807939998634858e-01 7.777777777777777901e-01 3.564006044969444398e-01 4.080532352848197375e-01 4.226537813022492318e-01 9.304351888160313777e-01 9.944871693226565723e-01 4.340141106572595886e-01 6.910641901635561357e-01
6.857774931900130211e-01 7.777777777777777901e-01 3.710962117203437938e-01 5.269579950041384242e-01 3.690788073996743579e-01 9.284675441849521427e-01 9.944871693226565723e-01 4.700928332714444657e-01 6.864758074242653940e-01
6.437681402831064714e-01 7.777777777777777901e-01 4.105652511125461590e-01 5.814800906713288864e-01 4.545626277418502448e-01 9.490154292158622384e-01 9.945505959459816081e-01 4.755440029706646810e-01 6.449417668682058125e-01
6.689270399781659382e-01 7.777777777777777901e-01 3.836124061196795054e-01 4.510389203992281604e-01 5.500771737785464799e-01 9.347335168655959148e-01 9.945505959459816081e-01 4.849015967322688470e-01 6.643978206492954230e-01
6.615029733006523305e-01 7.777777777777777901e-01 3.932134911834087587e-01 5.933244720877303147e-01 3.321563727921768017e-01 9.431986252130870607e-01 9.945505959459816081e-01 4.624582250278500006e-01 6.652840340012270426e-01
6.509953865290847297e-01 7.777777777777777901e-01 4.108309560761634338e-01 4.035823056956440169e-01 4.659223201552590843e-01 9.305154940136813879e-01 9.945505959459816081e-01 4.451986632008911871e-01 6.550034347322220007e-01
6.905877845367370815e-01 7.777777777777777901e-01 3.817841202054210181e-01 3.925435737676599701e-01 3.968230958140098186e-01 9.386242236028566888e-01 9.945505959459816081e-01 4.854808763460824461e-01 6.812332524030015879e-01
6.431238814038806595e-01 7.777777777777777901e-01 4.275711375815689497e-01 5.546885448914002925e-01 5.040378843180481905e-01 9.205805929914446795e-01 9.945505959459816081e-01 4.842183438544374052e-01 6.338103503426865126e-01
6.538492827863474632e-01 7.777777777777777901e-01 4.174335172738338207e-01 4.116455038043107528e-01 6.006124525062629393e-01 9.426409870646029754e-01 9.945505959459816081e-01 4.991310805792796290e-01 6.534853355287651988e-01
6.542757270546740722e-01 7.777777777777777901e-01 4.180995521882603927e-01 3.967046652021510855e-01 6.860144703747628192e-01 9.481862860694335593e-01 9.945505959459816081e-01 5.085777942814704300e-01 6.609027839684528116e-01
6.413853009253184245e-01 7.777777777777777901e-01 4.333797445003963467e-01 4.702704083965004722e-01 4.498219350415793016e-01 9.171985118865801923e-01 9.945505959459816081e-01 4.751578165614556148e-01 6.392836354674119592e-01
6.669352172110281085e-01 7.777777777777777901e-01 4.187118994095079816e-01 5.381469462431051065e-01 7.663229045385673288e-01 9.184039972083358760e-01 9.945505959459816081e-01 5.066023022651318097e-01 6.569462870806872523e-01
6.673459158448319384e-01 7.777777777777777901e-01 4.224774269303875895e-01 5.088437908538129273e-01 6.267341534106802836e-01 9.366555510158619535e-01 9.945505959459816081e-01 4.850798366134422834e-01 6.752683548419236015e-01
6.630342362579974003e-01 7.777777777777777901e-01 4.254042390726218148e-01 2.759880193964464046e-01 5.337022798054450456e-01 9.486022864010883460e-01 9.945505959459816081e-01 5.250055699962866695e-01 6.589481329215149952e-01
6.595242718956169092e-01 7.777777777777777901e-01 4.406106268232513612e-01 4.218698485231661133e-01 2.345964062100317493e-01 9.423779789499531212e-01 9.945505959459816081e-01 4.829706646862235164e-01 6.560954698241731053e-01
6.885959617695993629e-01 7.777777777777777901e-01 4.116891049475665532e-01 4.757817545205820231e-01 1.067656493372052678e-01 9.284885552235759842e-01 9.945505959459816081e-01 4.889417007055328890e-01 6.831747937849700358e-01
6.750612767610179032e-01 7.777777777777777901e-01 4.213690344676271349e-01 4.799258030443420697e-01 5.700379378551982956e-01 9.292613080920183455e-01 9.945505959459816081e-01 5.055031563312291087e-01 6.783923880041320409e-01
6.630224270321052327e-01 7.777777777777777901e-01 4.363224878355945191e-01 3.747317225881025560e-01 3.683431028051678546e-01 9.357677383241880253e-01 9.945505959459816081e-01 4.870256219829186550e-01 6.646167520542844986e-01
6.523193319652125233e-01 7.777777777777777901e-01 4.610588468797520156e-01 3.742252401615152047e-01 5.032298614749597387e-01 9.424863142770755209e-01 9.945505959459816081e-01 4.952246565168956782e-01 6.512999543783658529e-01
6.641154364952316369e-01 7.777777777777777901e-01 4.437497552127354639e-01 5.809263092113817750e-01 2.857285991287803473e-01 9.294181442364080059e-01 9.945505959459816081e-01 5.089342740438173029e-01 6.672386850481648590e-01
6.759246623873529369e-01 7.777777777777777901e-01 4.431494951968735219e-01 4.744977691398551412e-01 5.025411578840669469e-01 9.303276015667981680e-01 9.948095879912259853e-01 5.312588191607872101e-01 6.810025222995400584e-01
6.781224905394979130e-01 7.777777777777777901e-01 4.400775511680661833e-01 5.469676838117820683e-01 3.473245555064957690e-01 9.438882643358851299e-01 9.948095879912259853e-01 5.096917935388043386e-01 6.840728058353739982e-01
6.918881115210806509e-01 7.777777777777777901e-01 4.226159386161311704e-01 3.109278787170804415e-01 5.131410284375039765e-01 9.350436239328890897e-01 9.948095879912259853e-01 4.978388414407723950e-01 6.949852909559043335e-01
6.601803400007346667e-01 7.777777777777777901e-01 4.696996184244375261e-01 5.361580880214656952e-01 3.540443085954100844e-01 9.304189482065514660e-01 9.948095879912259853e-01 5.645896769402153348e-01 6.571875049161243210e-01
6.855465572170114097e-01 7.777777777777777901e-01 4.450650823401359202e-01 6.874469432772662980e-01 5.489653331573157713e-01 9.368717857688715345e-01 9.948095879912259853e-01 5.194652803564797638e-01 6.879939066277220849e-01
8.209196500270299346e-01 7.777777777777777901e-01 3.318216353886380698e-01 6.433164375297614201e-01 8.543888609035604764e-01 9.429894956371874803e-01 9.948095879912259853e-01 5.075677682881544195e-01 8.197512834362002954e-01
8.716389630974812341e-01 7.777777777777777901e-01 3.020717769007696951e-01 7.104383655108101880e-01 7.586507465566671993e-01 9.423913311765246270e-01 9.948095879912259853e-01 5.106572595618269483e-01 8.723905211878405508e-01
8.408050742931523214e-01 7.777777777777777901e-01 3.195907502895697916e-01 7.735019811617784846e-01 7.138587963061348018e-01 9.441376942638070036e-01 9.948095879912259853e-01 5.251541032305978574e-01 8.291312487218075455e-01
8.799631552152165082e-01 8.888888888888888395e-01 3.017095024269870196e-01 6.503334770583427682e-01 7.232817687689614417e-01 9.326347394160537929e-01 9.965643912365548251e-01 5.449238767174154896e-01 8.839860198532767388e-01
8.873832854840995044e-01 8.888888888888888395e-01 2.928736271572084937e-01 5.579295874756348139e-01 4.041614711102522461e-01 9.291803260557909283e-01 9.965643912365548251e-01 5.235053843297438059e-01 8.820038385099031597e-01
8.508796561153419979e-01 8.888888888888888395e-01 3.280005836027363730e-01 5.679970156663838310e-01 5.496815774390683140e-01 9.379648990862464730e-01 9.965643912365548251e-01 5.125584849610099747e-01 8.488101668073771977e-01
8.397264983283384554e-01 8.888888888888888395e-01 3.343488436666055552e-01 6.228845176674140394e-01 5.646150157760273514e-01 9.365224857496761146e-01 9.965643912365548251e-01 5.171927218715187680e-01 8.322054651571323403e-01
8.671895092085718515e-01 8.888888888888888395e-01 3.172083749213638337e-01 3.784724322368432925e-01 8.463149012688220285e-01 9.465849315775194395e-01 9.965643912365548251e-01 6.017229855180096232e-01 8.657609636128139607e-01
8.642188328285982379e-01 8.888888888888888395e-01 3.209847510294092099e-01 6.350457438352157258e-01 6.612071454707203477e-01 9.334134483858372855e-01 9.965643912365548251e-01 5.723431117712588501e-01 8.643215223991737028e-01
8.482553836948706349e-01 8.888888888888888395e-01 3.384003638633220068e-01 5.733428997775104063e-01 7.037939829358115240e-01 9.360032048261066606e-01 9.965643912365548251e-01 5.443297437801708494e-01 8.533972385801708027e-01
9.147177070157299639e-01 8.888888888888888395e-01 2.973053177254340040e-01 5.146527541380787607e-01 2.728398298662351729e-01 9.346228220455906621e-01 9.965643912365548251e-01 5.477757148161901402e-01 9.141198957519441892e-01
7.585971164494642593e-01 8.888888888888888395e-01 4.100835140470198148e-01 5.214341054899945815e-01 5.747599975834219999e-01 9.397837012227755471e-01 9.965643912365548251e-01 5.608911994058670691e-01 7.526769935867518857e-01
7.714993518047120746e-01 8.888888888888888395e-01 4.055408176597231629e-01 4.863234746419181076e-01 5.242247555002408355e-01 9.373434773997464386e-01 9.965643912365548251e-01 5.727590048273301093e-01 7.762730795651785476e-01
7.253449606096709079e-01 8.888888888888888395e-01 4.469136986775871789e-01 4.845724412184632124e-01 3.866457666881814026e-01 9.389504506807223594e-01 9.965643912365548251e-01 5.637430375046416087e-01 7.225129654586547323e-01
7.282001690031437713e-01 8.888888888888888395e-01 4.491907914971166593e-01 3.179670273723663732e-01 7.460264837437524665e-01 9.397646163805271069e-01 9.965643912365548251e-01 6.071444485703676452e-01 7.142237242985017831e-01
7.279823543922446794e-01 8.888888888888888395e-01 4.555346096197839811e-01 3.919586651163298185e-01 6.169021427734632246e-01 9.308891629566353743e-01 9.965643912365548251e-01 5.870330486446342366e-01 7.212151086266838096e-01
7.141931149588776062e-01 8.888888888888888395e-01 4.709999112893089035e-01 3.653440614348011928e-01 4.296377229107408158e-01 9.436236145913966533e-01 9.965643912365548251e-01 5.658670627552915278e-01 7.190179287778121209e-01
7.240078938114407059e-01 8.888888888888888395e-01 4.607025946531755900e-01 4.965321150924842941e-01 7.467304644930465862e-01 9.376451355107412455e-01 9.965643912365548251e-01 6.305235796509468527e-01 7.211770905982726187e-01
7.826380760934029679e-01 8.888888888888888395e-01 4.222665628562228823e-01 4.324004880492101077e-01 3.511238635126384677e-01 9.344027457094514766e-01 9.965643912365548251e-01 5.877460081693278715e-01 7.843433893203425322e-01
7.329986511239758862e-01 8.888888888888888395e-01 4.613954947696782827e-01 3.967650432827956597e-01 3.560498175645355756e-01 9.421511499866420669e-01 9.965643912365548251e-01 6.050204233197178372e-01 7.305976958452848891e-01
7.489752216198057866e-01 8.888888888888888395e-01 4.496773976135756690e-01 3.443060519331952452e-01 6.298869728467786366e-01 9.238237450663910888e-01 9.965643912365548251e-01 6.172150018566654461e-01 7.493995773444013242e-01
7.393008413417379021e-01 8.888888888888888395e-01 4.647196470946053370e-01 4.868597486211317937e-01 2.960618012050008629e-01 9.318308332189989551e-01 9.965643912365548251e-01 5.770070553286297255e-01 7.451966187552110377e-01
7.789207942098053117e-01 8.888888888888888395e-01 4.307911605540929445e-01 4.551575407239611959e-01 8.197507428898911375e-01 9.423993524364817631e-01 9.965696767884986151e-01 6.339546973635350469e-01 7.775709363971493593e-01
7.723732345207290351e-01 8.888888888888888395e-01 4.386824826538993638e-01 4.684551251419725171e-01 7.496435951201133596e-01 9.252549443976261223e-01 9.965696767884986151e-01 6.088080207946527933e-01 7.740876984147793127e-01
7.242257084223397978e-01 8.888888888888888395e-01 4.885563422015123392e-01 4.349763995535266270e-01 3.043884481364175776e-01 9.340753591369049813e-01 9.965696767884986151e-01 6.036093575937615530e-01 7.231435403436828890e-01
7.638312277920945581e-01 8.888888888888888395e-01 4.550059331948274055e-01 4.642451136852557281e-01 6.095365266522067005e-01 9.315529924806033035e-01 9.965696767884986151e-01 6.273152617898254402e-01 7.581253703480352879e-01
7.343239086963139206e-01 8.888888888888888395e-01 4.816962338360856744e-01 4.745997592762449258e-01 6.070587403308328467e-01 9.317440775426283350e-01 9.965696767884986151e-01 6.338507240995172598e-01 7.338869107861079044e-01
7.636134131811954662e-01 8.888888888888888395e-01 4.639697705399953298e-01 5.372885970950515011e-01 6.487562732444578373e-01 9.341674509893461709e-01 9.965696767884986151e-01 6.303750464166357759e-01 7.648991342377253755e-01
7.888956536800171282e-01 8.888888888888888395e-01 4.475271563841351496e-01 3.169825264428889899e-01 7.393827180020374756e-01 9.352101186692730606e-01 9.965696767884986151e-01 5.955588562940957731e-01 7.954000807555361430e-01
8.042870114260820547e-01 8.888888888888888395e-01 4.326582280319207219e-01 4.862720205104772986e-01 8.690943346183205298e-01 9.286851375641002049e-01 9.965696767884986151e-01 6.100259933160044890e-01 7.989816412251767863e-01
