2.683100000000000041e+00 1.000000000000000000e+00 1.210434999999999945e+02 4.271366030000000258e+00 7.778222999999999665e-01 5.661154970000000120e+00 3.338321920000000000e+08 1.568768000000000000e+07 2.683100000000000041e+00
2.766500000000000181e+00 1.000000000000000000e+00 1.163312999999999988e+02 2.315143180000000189e+00 2.094706930000000078e+00 4.833467439999999726e+00 3.353722880000000000e+08 1.581056000000000000e+07 2.766500000000000181e+00
2.782999999999999918e+00 1.000000000000000000e+00 1.214671000000000021e+02 4.431173170000000106e+00 2.370863099999999779e+00 7.214740700000000118e+00 3.361177600000000000e+08 1.583513600000000000e+07 2.782999999999999918e+00
3.516399999999999970e+00 1.000000000000000000e+00 1.086905000000000001e+02 5.095881600000000233e+00 8.749333000000000249e-01 5.552249549999999978e+00 4.344504320000000000e+08 1.609318400000000000e+07 3.499800000000000022e+00
3.983099999999999863e+00 1.000000000000000000e+00 1.402101000000000113e+02 4.716011660000000383e+00 9.889679799999999688e-01 8.424104959999999309e+00 5.500723200000000000e+08 1.633484800000000000e+07 3.966499999999999915e+00
4.131999999999999673e+00 1.000000000000000000e+00 1.342550999999999988e+02 4.372406830000000078e+00 1.109291170000000104e+00 7.842063979999999823e+00 6.492078080000000000e+08 1.610137600000000000e+07 4.115400000000000169e+00
4.016499999999999737e+00 1.000000000000000000e+00 1.238106999999999971e+02 5.992905229999999861e+00 1.385367699999999980e+00 1.006520491000000028e+01 7.655915520000000000e+08 1.610956800000000000e+07 4.049800000000000288e+00
5.366299999999999848e+00 1.000000000000000000e+00 1.299413999999999874e+02 5.251614100000000285e+00 2.231772299999999820e+00 1.053824119999999986e+01 8.647065600000000000e+08 1.625702400000000000e+07 5.399600000000000399e+00
5.699699999999999989e+00 1.000000000000000000e+00 1.191929999999999978e+02 8.492329270000000818e+00 1.022571200000000013e+00 9.623493429999999904e+00 9.803366400000000000e+08 1.652736000000000000e+07 5.699699999999999989e+00
5.666299999999999670e+00 1.000000000000000000e+00 1.089291999999999945e+02 6.056733930000000043e+00 1.115015459999999958e+00 1.508775274000000088e+01 1.050046464000000000e+09 1.658470400000000000e+07 5.649600000000000399e+00
6.949399999999999800e+00 1.000000000000000000e+00 1.168289000000000044e+02 7.289958089999999835e+00 1.098833820000000072e+00 1.024871495999999915e+01 1.050013696000000000e+09 1.711718400000000000e+07 6.916100000000000136e+00
6.899700000000000166e+00 1.000000000000000000e+00 1.255485000000000042e+02 6.597987739999999768e+00 1.265889800000000065e+00 9.868295919999999555e+00 1.050013696000000000e+09 1.700249600000000000e+07 6.866299999999999848e+00
6.599700000000000344e+00 1.000000000000000000e+00 1.394099999999999966e+02 8.966126530000000372e+00 1.635575860000000104e+00 1.238298896999999954e+01 1.050013696000000000e+09 1.726873600000000000e+07 6.666299999999999670e+00
7.282799999999999940e+00 1.000000000000000000e+00 1.419359000000000037e+02 8.676187609999999495e+00 1.243272600000000061e+00 1.522857701000000041e+01 1.050808320000000000e+09 1.720729600000000000e+07 7.282799999999999940e+00
7.966300000000000381e+00 1.000000000000000000e+00 1.532406000000000006e+02 9.977006530000000595e+00 1.702152000000000109e+00 1.597861593999999918e+01 1.050808320000000000e+09 1.731379200000000000e+07 7.966300000000000381e+00
7.932800000000000296e+00 1.000000000000000000e+00 1.512033999999999878e+02 1.190899940000000079e+01 2.395956519999999923e+00 1.684052813999999998e+01 1.050808320000000000e+09 1.764966400000000000e+07 7.949499999999999567e+00
8.482900000000000773e+00 2.000000000000000000e+00 1.742343999999999937e+02 1.230287371999999912e+01 1.399612539999999905e+00 6.553080099999999852e+00 1.054007296000000000e+09 1.783808000000000000e+07 8.532899999999999707e+00
8.432800000000000296e+00 3.000000000000000000e+00 2.273170000000000073e+02 2.696448100000000014e+00 1.929161410000000076e+00 1.664685400999999842e+01 1.055428608000000000e+09 1.796096000000000000e+07 8.516099999999999781e+00
8.966200000000000614e+00 2.000000000000000000e+00 1.835807000000000073e+02 5.805041840000000342e+00 2.363229220000000019e+00 1.913653884000000005e+01 1.055469568000000000e+09 1.786675200000000000e+07 8.982900000000000773e+00
1.111589999999999989e+01 2.000000000000000000e+00 7.697750000000000625e+01 7.272879180000000332e+00 1.882285409999999937e+00 1.468599097999999969e+01 1.055469568000000000e+09 1.792000000000000000e+07 1.111589999999999989e+01
1.171610000000000085e+01 2.000000000000000000e+00 7.787749999999999773e+01 6.804273189999999971e+00 2.078500200000000131e+00 1.701131076000000064e+01 1.055469568000000000e+09 1.833369600000000000e+07 1.169940000000000069e+01
1.173259999999999970e+01 2.000000000000000000e+00 7.861650000000000205e+01 1.022014528999999960e+01 2.551800599999999974e+00 2.227425708999999898e+01 1.055490048000000000e+09 1.886208000000000000e+07 1.173259999999999970e+01
1.329930000000000057e+01 3.000000000000000000e+00 7.800369999999999493e+01 9.037739670000000558e+00 1.994124589999999975e+00 1.688968269000000078e+01 1.055551488000000000e+09 1.868185600000000000e+07 1.334929999999999950e+01
1.229940000000000033e+01 3.000000000000000000e+00 1.248308999999999997e+02 4.472080140000000092e+00 2.455421359999999886e+00 2.194468231999999830e+01 1.055551488000000000e+09 1.823539200000000000e+07 1.231610000000000049e+01
1.378240000000000087e+01 2.000000000000000000e+00 9.955249999999999488e+01 7.215939839999999883e+00 3.002517689999999906e+00 1.839105985000000132e+01 1.055551488000000000e+09 1.910374400000000000e+07 1.381569999999999965e+01
1.341580000000000084e+01 2.000000000000000000e+00 1.380433999999999912e+02 6.430263690000000310e+00 2.454797810000000080e+00 1.632220050000000100e+01 1.055551488000000000e+09 1.886617600000000000e+07 1.344909999999999961e+01
1.388260000000000005e+01 2.000000000000000000e+00 1.216988000000000056e+02 7.534496289999999874e+00 2.323859450000000049e+00 2.394314801999999887e+01 1.055551488000000000e+09 1.942323200000000000e+07 1.399929999999999986e+01
1.503229999999999933e+01 2.000000000000000000e+00 1.238414999999999964e+02 8.249473410000000229e+00 2.595745889999999889e+00 2.583348982000000049e+01 1.055551488000000000e+09 1.991884800000000000e+07 1.503229999999999933e+01
1.519919999999999938e+01 2.000000000000000000e+00 1.217141000000000020e+02 7.860757689999999798e+00 2.304962300000000130e+00 2.292676734000000138e+01 1.055571968000000000e+09 1.981235200000000000e+07 1.521589999999999954e+01
1.496589999999999954e+01 2.000000000000000000e+00 1.198554000000000030e+02 8.961087879999999117e+00 2.628685270000000074e+00 2.450434866000000156e+01 1.055571968000000000e+09 1.966489600000000000e+07 1.498259999999999970e+01
1.696580000000000155e+01 2.000000000000000000e+00 1.017827000000000055e+02 1.071475013000000054e+01 3.924916689999999875e+00 2.566947176000000042e+01 1.055571968000000000e+09 1.972224000000000000e+07 1.694920000000000115e+01
1.749909999999999854e+01 3.000000000000000000e+00 8.989260000000000161e+01 8.459485129999999131e+00 3.958194189999999946e+00 2.590118834000000092e+01 1.055571968000000000e+09 1.964032000000000000e+07 1.753249999999999886e+01
1.701579999999999870e+01 3.000000000000000000e+00 8.367780000000000484e+01 5.651863879999999618e+00 4.859771229999999775e+00 2.208978636999999878e+01 1.056342016000000000e+09 2.013184000000000000e+07 1.696580000000000155e+01
1.939900000000000091e+01 3.000000000000000000e+00 6.973560000000000514e+01 6.494987100000000346e+00 3.959006519999999973e+00 1.437051798999999974e+01 1.056342016000000000e+09 2.034073600000000000e+07 1.941570000000000107e+01
1.928200000000000003e+01 3.000000000000000000e+00 7.140330000000000155e+01 8.541852280000000519e+00 4.221248720000000176e+00 3.179465313000000037e+01 1.056342016000000000e+09 2.074624000000000000e+07 1.929870000000000019e+01
2.088159999999999883e+01 3.000000000000000000e+00 6.760729999999999507e+01 6.594696179999999686e+00 6.255531870000000438e+00 3.158147315000000077e+01 1.056342016000000000e+09 2.066841600000000000e+07 2.088159999999999883e+01
2.076490000000000080e+01 3.000000000000000000e+00 6.952410000000000423e+01 6.760430399999999729e+00 4.445139649999999776e+00 2.417528567000000095e+01 1.056342016000000000e+09 2.124185600000000000e+07 2.076490000000000080e+01
2.028229999999999933e+01 3.000000000000000000e+00 8.908469999999999800e+01 7.039182349999999921e+00 4.089653529999999648e+00 2.516195038000000039e+01 1.056342016000000000e+09 2.136473600000000000e+07 2.026569999999999894e+01
2.141560000000000130e+01 3.000000000000000000e+00 9.598050000000000637e+01 6.093893519999999953e+00 6.331910899999999565e+00 2.875909799000000078e+01 1.056342016000000000e+09 2.142617600000000000e+07 2.134890000000000043e+01
2.133230000000000004e+01 3.000000000000000000e+00 1.075456999999999965e+02 6.828123070000000183e+00 4.188688609999999812e+00 3.173411112999999872e+01 1.057079296000000000e+09 2.223308800000000000e+07 2.131559999999999988e+01
2.156559999999999988e+01 3.000000000000000000e+00 1.015759000000000043e+02 8.101924580000000375e+00 4.884531230000000335e+00 3.210472959999999887e+01 1.057079296000000000e+09 2.223308800000000000e+07 2.161560000000000059e+01
2.256550000000000011e+01 3.000000000000000000e+00 1.030169999999999959e+02 7.060486100000000320e+00 3.629097230000000174e+00 2.557002091000000021e+01 1.057083392000000000e+09 2.236825600000000000e+07 2.256550000000000011e+01
2.329879999999999995e+01 3.000000000000000000e+00 9.873380000000000223e+01 8.419019289999999600e+00 4.781504039999999733e+00 4.158985420999999860e+01 1.057083392000000000e+09 2.301132800000000000e+07 2.334880000000000067e+01
2.463210000000000122e+01 3.000000000000000000e+00 8.585590000000000543e+01 7.378782949999999730e+00 4.746854169999999762e+00 4.050524020000000291e+01 1.057083392000000000e+09 2.392064000000000000e+07 2.463210000000000122e+01
2.521539999999999893e+01 3.000000000000000000e+00 7.424009999999999820e+01 9.039426110000000847e+00 5.295775279999999974e+00 3.551864161999999681e+01 1.057083392000000000e+09 2.309324800000000000e+07 2.519869999999999877e+01
2.531540000000000035e+01 3.000000000000000000e+00 7.374880000000000280e+01 8.362558079999999450e+00 5.726356599999999908e+00 3.447451256000000086e+01 1.086115840000000000e+09 2.336358400000000000e+07 2.528209999999999980e+01
2.701529999999999987e+01 3.000000000000000000e+00 6.096240000000000236e+01 9.035894109999999202e+00 3.740862840000000134e+00 3.915226392000000288e+01 1.086115840000000000e+09 2.403123200000000000e+07 2.706530000000000058e+01
2.658160000000000167e+01 3.000000000000000000e+00 7.054139999999999588e+01 8.232141970000000697e+00 5.049368720000000366e+00 3.632742592000000315e+01 1.086115840000000000e+09 2.428518400000000000e+07 2.656490000000000151e+01
2.758200000000000074e+01 3.000000000000000000e+00 6.253410000000000224e+01 1.013694577999999957e+01 5.554459950000000035e+00 3.912787149999999770e+01 1.086193664000000000e+09 2.444083200000000000e+07 2.758200000000000074e+01
2.844810000000000016e+01 4.000000000000000000e+00 6.745579999999999643e+01 8.959789219999999332e+00 4.721320610000000251e+00 3.978636743999999936e+01 1.087696896000000000e+09 2.471526400000000000e+07 2.844810000000000016e+01
2.866479999999999961e+01 4.000000000000000000e+00 7.307789999999999964e+01 7.974947399999999575e+00 5.175574270000000254e+00 4.267347694000000047e+01 1.088434176000000000e+09 2.457600000000000000e+07 2.868140000000000001e+01
3.011370000000000147e+01 4.000000000000000000e+00 6.651940000000000452e+01 7.600684209999999830e+00 5.813458599999999699e+00 3.804204132000000271e+01 1.088434176000000000e+09 2.501836800000000000e+07 3.013029999999999831e+01
3.003130000000000166e+01 4.000000000000000000e+00 6.186099999999999710e+01 7.044621720000000309e+00 6.795537190000000116e+00 5.201456474999999813e+01 1.088434176000000000e+09 2.521497600000000000e+07 2.998130000000000095e+01
3.036510000000000176e+01 4.000000000000000000e+00 6.790260000000000673e+01 7.474744760000000099e+00 5.208848259999999897e+00 4.924597359999999924e+01 1.088434176000000000e+09 2.623897600000000000e+07 3.044849999999999923e+01
3.099790000000000134e+01 4.000000000000000000e+00 6.657620000000000005e+01 7.423146830000000307e+00 1.077220961999999993e+01 4.277877140999999739e+01 1.088434176000000000e+09 2.588672000000000000e+07 3.106459999999999866e+01
3.148019999999999996e+01 4.000000000000000000e+00 6.693550000000000466e+01 8.698124869999999120e+00 4.851362209999999564e+00 5.138533357000000024e+01 1.088434176000000000e+09 2.635366400000000000e+07 3.151350000000000051e+01
3.198170000000000002e+01 4.000000000000000000e+00 6.625520000000000209e+01 7.798299479999999839e+00 6.633085290000000356e+00 4.533681488999999942e+01 1.088434176000000000e+09 2.672640000000000000e+07 3.199840000000000018e+01
3.288170000000000215e+01 4.000000000000000000e+00 6.542680000000000007e+01 8.525730599999999271e+00 6.577496639999999672e+00 4.551256620000000197e+01 1.088434176000000000e+09 2.745958400000000000e+07 3.291499999999999915e+01
3.391499999999999915e+01 4.000000000000000000e+00 6.743919999999999959e+01 7.849778470000000397e+00 6.178426899999999833e+00 5.077810096000000328e+01 1.088434176000000000e+09 2.738176000000000000e+07 3.384830000000000183e+01
3.266449999999999676e+01 4.000000000000000000e+00 1.048438000000000017e+02 7.996857119999999597e+00 6.678595959999999998e+00 4.867761584000000141e+01 1.088434176000000000e+09 2.821734400000000000e+07 3.264779999999999660e+01
3.381499999999999773e+01 4.000000000000000000e+00 8.281629999999999825e+01 7.713050319999999793e+00 6.506754960000000310e+00 4.665568091000000095e+01 1.088434176000000000e+09 2.893414400000000000e+07 3.383160000000000167e+01
3.519769999999999754e+01 4.000000000000000000e+00 6.287349999999999994e+01 8.824913670000000820e+00 6.320876100000000442e+00 5.085355758000000037e+01 1.088434176000000000e+09 2.847539200000000000e+07 3.518099999999999739e+01
3.591490000000000293e+01 4.000000000000000000e+00 6.834619999999999607e+01 8.726596790000000325e+00 5.347662960000000076e+00 4.320159389999999888e+01 1.088434176000000000e+09 2.906931200000000000e+07 3.586489999999999867e+01
3.581430000000000291e+01 4.000000000000000000e+00 6.958969999999999345e+01 9.239833530000000295e+00 6.188974700000000162e+00 5.982652702000000033e+01 1.088434176000000000e+09 2.945024000000000000e+07 3.578090000000000259e+01
3.709749999999999659e+01 4.000000000000000000e+00 6.016380000000000194e+01 9.754168749999999832e+00 1.187376798000000022e+01 5.016155367999999726e+01 1.088434176000000000e+09 3.083878400000000000e+07 3.714750000000000085e+01
3.744809999999999661e+01 4.000000000000000000e+00 6.847239999999999327e+01 8.940865529999999950e+00 6.888518300000000316e+00 5.034992864000000168e+01 1.088434176000000000e+09 3.089612800000000000e+07 3.749810000000000088e+01
3.828139999999999787e+01 4.000000000000000000e+00 6.508839999999999293e+01 9.942812410000000156e+00 7.648795500000000303e+00 5.389055513999999647e+01 1.088434176000000000e+09 3.097804800000000000e+07 3.826480000000000103e+01
3.964739999999999753e+01 4.000000000000000000e+00 6.145629999999999882e+01 9.217233900000000091e+00 8.810843540000000473e+00 4.788215217999999851e+01 1.088434176000000000e+09 3.160883200000000000e+07 3.966400000000000148e+01
3.933070000000000022e+01 4.000000000000000000e+00 6.229160000000000252e+01 1.064047414999999930e+01 7.661832819999999877e+00 5.762493480999999917e+01 1.088434176000000000e+09 3.165798400000000000e+07 3.931400000000000006e+01
3.924739999999999895e+01 5.000000000000000000e+00 8.193070000000000164e+01 7.244587809999999628e+00 7.965854310000000105e+00 5.502393279000000348e+01 1.092612096000000000e+09 3.216179200000000000e+07 3.921410000000000196e+01
3.993130000000000024e+01 5.000000000000000000e+00 7.997249999999999659e+01 7.174168429999999930e+00 7.320533829999999575e+00 5.620604708999999843e+01 1.092780032000000000e+09 3.297280000000000000e+07 3.996470000000000056e+01
4.198120000000000118e+01 5.000000000000000000e+00 6.327060000000000173e+01 8.572996390000000133e+00 7.622769469999999714e+00 6.177853780000000228e+01 1.092780032000000000e+09 3.323084800000000000e+07 4.199790000000000134e+01
4.217980000000000018e+01 5.000000000000000000e+00 6.186670000000000158e+01 8.249220279999999406e+00 6.943910350000000342e+00 5.185077034999999768e+01 1.092780032000000000e+09 3.391078400000000000e+07 4.214650000000000318e+01
4.254789999999999850e+01 5.000000000000000000e+00 5.932789999999999964e+01 7.573026719999999656e+00 7.330157559999999961e+00 5.020770296999999971e+01 1.092780032000000000e+09 3.489382400000000000e+07 4.259790000000000276e+01
4.393039999999999878e+01 5.000000000000000000e+00 5.740690000000000026e+01 8.415580540000000553e+00 7.528314489999999637e+00 6.293309820000000343e+01 1.092780032000000000e+09 3.503308800000000000e+07 4.394709999999999894e+01
4.369780000000000086e+01 5.000000000000000000e+00 5.844639999999999702e+01 8.490043169999999861e+00 8.223708719999999417e+00 5.115870040000000074e+01 1.092780032000000000e+09 3.527065600000000000e+07 4.371450000000000102e+01
4.498029999999999973e+01 5.000000000000000000e+00 6.432859999999999445e+01 9.036754650000000666e+00 9.721526900000000637e+00 6.001606701000000044e+01 1.092780032000000000e+09 3.570892800000000000e+07 4.493030000000000257e+01
4.554769999999999897e+01 5.000000000000000000e+00 5.908749999999999858e+01 9.292011399999999810e+00 7.980087740000000096e+00 5.556897347000000309e+01 1.092780032000000000e+09 3.586048000000000000e+07 4.553110000000000213e+01
4.531439999999999912e+01 5.000000000000000000e+00 6.281640000000000157e+01 9.688154360000000409e+00 8.528667540000000713e+00 5.468415678000000213e+01 1.092780032000000000e+09 3.679436800000000000e+07 4.529769999999999897e+01
4.656360000000000099e+01 5.000000000000000000e+00 5.996170000000000044e+01 9.640721850000000259e+00 8.463333170000000294e+00 6.100232465999999931e+01 1.092780032000000000e+09 3.748249600000000000e+07 4.654690000000000083e+01
4.638100000000000023e+01 5.000000000000000000e+00 6.359109999999999729e+01 8.653543080000000387e+00 8.344987670000000080e+00 6.281021536000000083e+01 1.092780032000000000e+09 3.792486400000000000e+07 4.638100000000000023e+01
4.734680000000000177e+01 5.000000000000000000e+00 5.737689999999999912e+01 9.090256910000000801e+00 8.966105560000000807e+00 4.993491920000000306e+01 1.092780032000000000e+09 3.876044800000000000e+07 4.739679999999999893e+01
4.893010000000000304e+01 5.000000000000000000e+00 5.663519999999999754e+01 8.841533300000000040e+00 8.709813629999999307e+00 5.372729637999999852e+01 1.092780032000000000e+09 3.897344000000000000e+07 4.888009999999999877e+01
4.884759999999999991e+01 5.000000000000000000e+00 5.314629999999999654e+01 9.531405989999999662e+00 9.779909800000000430e+00 5.429763176000000158e+01 1.092915200000000000e+09 3.953868800000000000e+07 4.888089999999999691e+01
5.036330000000000240e+01 5.000000000000000000e+00 5.739950000000000330e+01 9.879599680000000106e+00 9.325244500000000158e+00 5.169402924999999982e+01 1.092915200000000000e+09 4.034969600000000000e+07 5.034660000000000224e+01
5.082909999999999684e+01 5.000000000000000000e+00 5.165149999999999864e+01 9.182501269999999494e+00 9.379138219999999748e+00 5.519198976999999928e+01 1.092915200000000000e+09 4.021043200000000000e+07 5.087910000000000110e+01
5.067909999999999826e+01 5.000000000000000000e+00 4.997200000000000131e+01 9.571755830000000742e+00 9.192208219999999486e+00 5.163729517000000158e+01 1.092915200000000000e+09 4.091904000000000000e+07 5.064580000000000126e+01
5.211410000000000053e+01 5.000000000000000000e+00 5.460669999999999646e+01 1.012762619000000086e+01 8.854733429999999572e+00 5.727283849999999887e+01 1.093095424000000000e+09 4.191846400000000000e+07 5.211410000000000053e+01
5.093079999999999785e+01 6.000000000000000000e+00 7.288479999999999848e+01 7.919965269999999613e+00 9.106058080000000388e+00 5.858018290999999778e+01 1.094172672000000000e+09 4.244275200000000000e+07 5.091409999999999769e+01
5.212989999999999924e+01 6.000000000000000000e+00 7.150730000000000075e+01 7.875953499999999607e+00 9.235358189999999468e+00 6.289217943999999960e+01 1.094176768000000000e+09 4.305305600000000000e+07 5.236319999999999908e+01
5.249560000000000315e+01 6.000000000000000000e+00 6.180870000000000175e+01 8.391346000000000416e+00 9.822608410000000845e+00 5.665986831000000024e+01 1.094176768000000000e+09 4.349952000000000000e+07 5.252900000000000347e+01
5.296399999999999864e+01 6.000000000000000000e+00 6.170020000000000238e+01 9.162327579999999472e+00 9.509743430000000330e+00 6.155241010000000301e+01 1.094176768000000000e+09 4.373708800000000000e+07 5.298069999999999879e+01
5.484729999999999706e+01 6.000000000000000000e+00 5.878329999999999700e+01 9.224566590000000232e+00 1.029090313999999928e+01 6.331612396999999959e+01 1.094176768000000000e+09 4.499865600000000000e+07 5.484729999999999706e+01
5.387969999999999970e+01 6.000000000000000000e+00 7.434600000000000364e+01 8.490114869999999314e+00 9.048875680000000088e+00 7.887113232000000096e+01 1.094176768000000000e+09 4.576460800000000000e+07 5.384640000000000271e+01
5.539719999999999800e+01 6.000000000000000000e+00 6.776760000000000161e+01 9.608190150000000429e+00 1.105023364000000008e+01 6.118469928999999752e+01 1.094176768000000000e+09 4.553932800000000000e+07 5.543059999999999832e+01
5.571300000000000097e+01 6.000000000000000000e+00 6.752790000000000248e+01 9.122285500000000269e+00 1.039660778000000008e+01 7.216523537999999860e+01 1.094176768000000000e+09 4.695244800000000000e+07 5.556300000000000239e+01
5.554719999999999658e+01 6.000000000000000000e+00 7.180129999999999768e+01 8.782414599999999183e+00 1.082520910000000036e+01 7.457401651000000697e+01 1.094176768000000000e+09 4.752998400000000000e+07 5.561390000000000100e+01
5.614629999999999654e+01 6.000000000000000000e+00 7.736069999999999425e+01 9.178305379999999403e+00 1.034028937000000070e+01 7.230799908999999559e+01 1.094176768000000000e+09 4.800512000000000000e+07 5.617960000000000065e+01
5.659720000000000084e+01 6.000000000000000000e+00 7.842499999999999716e+01 9.996407089999999940e+00 9.646917390000000481e+00 6.021249389999999835e+01 1.094176768000000000e+09 4.865638400000000000e+07 5.654719999999999658e+01
5.619630000000000081e+01 6.000000000000000000e+00 8.924429999999999552e+01 9.227141080000000883e+00 1.007366438000000031e+01 7.002066207000000020e+01 1.094176768000000000e+09 4.887756800000000000e+07 5.621289999999999765e+01
5.723049999999999926e+01 6.000000000000000000e+00 8.276139999999999475e+01 8.958123439999999604e+00 1.079242971999999945e+01 7.244772865999999567e+01 1.094176768000000000e+09 4.976230400000000000e+07 5.719709999999999894e+01
5.778040000000000020e+01 6.000000000000000000e+00 8.325830000000000553e+01 9.463944070000000153e+00 9.947708900000000298e+00 7.598186873000000219e+01 1.094176768000000000e+09 5.086822400000000000e+07 5.774710000000000321e+01
5.809709999999999752e+01 6.000000000000000000e+00 9.332049999999999557e+01 9.733402849999999162e+00 1.157698309999999964e+01 7.250736231999999859e+01 1.094176768000000000e+09 5.142118400000000000e+07 5.798040000000000305e+01
5.846370000000000289e+01 6.000000000000000000e+00 9.426399999999999579e+01 9.542068560000000588e+00 1.002998129999999932e+01 6.709426216999999326e+01 1.094176768000000000e+09 5.199462400000000000e+07 5.844709999999999894e+01
5.763049999999999784e+01 6.000000000000000000e+00 1.135764999999999958e+02 9.050158839999999927e+00 9.550260610000000483e+00 7.710747594000000049e+01 1.094176768000000000e+09 5.256806400000000000e+07 5.761379999999999768e+01
5.851370000000000005e+01 6.000000000000000000e+00 9.605639999999999645e+01 8.699019330000000494e+00 1.056547899999999984e+01 6.766098619999999642e+01 1.094340608000000000e+09 5.312512000000000000e+07 5.849710000000000321e+01
5.844709999999999894e+01 6.000000000000000000e+00 1.126933999999999969e+02 9.114950309999999334e+00 1.092142559999999918e+01 7.092929594000000293e+01 1.094340608000000000e+09 5.364531200000000000e+07 5.848040000000000305e+01
5.954399999999999693e+01 6.000000000000000000e+00 1.085187999999999988e+02 9.423668799999999734e+00 1.251189837999999988e+01 6.925250538000000233e+01 1.094340608000000000e+09 5.421875200000000000e+07 5.952740000000000009e+01
5.976270000000000238e+01 6.000000000000000000e+00 1.142549999999999955e+02 9.934426390000000495e+00 1.217409418000000088e+01 7.737769262999999853e+01 1.094340608000000000e+09 5.647155200000000000e+07 5.974600000000000222e+01
5.976370000000000005e+01 6.000000000000000000e+00 1.206651999999999987e+02 8.860632869999999883e+00 1.164358454999999992e+01 7.366133759999999597e+01 1.094340608000000000e+09 5.542297600000000000e+07 5.968030000000000257e+01
6.021269999999999811e+01 6.000000000000000000e+00 1.230041999999999973e+02 1.031315812999999970e+01 1.212958627000000078e+01 7.378458851000000607e+01 1.094340608000000000e+09 6.458982400000000000e+07 5.999600000000000222e+01
5.939699999999999847e+01 7.000000000000000000e+00 1.388744000000000085e+02 8.041575350000000455e+00 1.113949309999999926e+01 7.273426557999999886e+01 1.098956800000000000e+09 5.691801600000000000e+07 5.943039999999999878e+01
6.123029999999999973e+01 7.000000000000000000e+00 1.212352999999999952e+02 7.730711280000000407e+00 1.090325743000000003e+01 7.463105303000000390e+01 1.099673600000000000e+09 5.774540800000000000e+07 6.119689999999999941e+01
5.934599999999999653e+01 7.000000000000000000e+00 1.591011000000000024e+02 7.936322310000000435e+00 1.087086713999999965e+01 7.656342374999999834e+01 1.099673600000000000e+09 5.810176000000000000e+07 5.916270000000000095e+01
5.971269999999999811e+01 7.000000000000000000e+00 1.602022000000000048e+02 8.184587320000000332e+00 1.127279103000000049e+01 7.411975938999999869e+01 1.099673600000000000e+09 5.863014400000000000e+07 5.966270000000000095e+01
5.893039999999999878e+01 7.000000000000000000e+00 1.685874000000000024e+02 8.406304150000000419e+00 1.147010485999999929e+01 7.011431604999999934e+01 1.099673600000000000e+09 6.920192000000000000e+07 5.909700000000000131e+01
5.922939999999999827e+01 7.000000000000000000e+00 1.732750000000000057e+02 8.288344950000000821e+00 1.295829965000000072e+01 8.157399886999999694e+01 1.099673600000000000e+09 6.960332800000000000e+07 5.937939999999999685e+01
6.084700000000000131e+01 7.000000000000000000e+00 1.675309000000000026e+02 8.685089129999999713e+00 1.093135597999999931e+01 7.254051264999999660e+01 1.099673600000000000e+09 7.041433600000000000e+07 6.114690000000000225e+01
6.206250000000000000e+01 7.000000000000000000e+00 1.595854999999999961e+02 8.960460160000000229e+00 1.129253147000000013e+01 7.336864334999999926e+01 1.099673600000000000e+09 7.118848000000000000e+07 6.191250000000000142e+01
6.358019999999999783e+01 7.000000000000000000e+00 1.459264000000000010e+02 8.242879979999999662e+00 1.211288361000000080e+01 7.778889377000000138e+01 1.099677696000000000e+09 7.295385600000000000e+07 6.364679999999999893e+01
6.374580000000000268e+01 7.000000000000000000e+00 1.423406999999999982e+02 9.563415739999999943e+00 1.195390944999999938e+01 7.618495787000000519e+01 1.099681792000000000e+09 7.868416000000000000e+07 6.354579999999999984e+01
6.544559999999999889e+01 7.000000000000000000e+00 1.373051000000000101e+02 9.282802829999999616e+00 8.668040200000000084e+00 7.588170091000000639e+01 1.099681792000000000e+09 7.550976000000000000e+07 6.549559999999999604e+01
6.318019999999999925e+01 7.000000000000000000e+00 1.669851999999999919e+02 8.906829939999999723e+00 1.236887888999999952e+01 7.532429836999999395e+01 1.099681792000000000e+09 7.372390400000000000e+07 6.318019999999999925e+01
6.302909999999999968e+01 7.000000000000000000e+00 1.836265999999999963e+02 9.065460249999999220e+00 1.191587439000000082e+01 7.530525785999999755e+01 1.099685888000000000e+09 7.427276800000000000e+07 6.292909999999999826e+01
6.111359999999999815e+01 7.000000000000000000e+00 2.067404999999999973e+02 8.285350590000000182e+00 1.442629192000000060e+01 8.161691584000000432e+01 1.099685888000000000e+09 7.621017600000000000e+07 6.133030000000000115e+01
6.326239999999999952e+01 7.000000000000000000e+00 1.806877000000000066e+02 9.677287689999999998e+00 1.124060653000000087e+01 7.017624465999999472e+01 1.099685888000000000e+09 7.574323200000000000e+07 6.344579999999999842e+01
6.359579999999999700e+01 7.000000000000000000e+00 1.932206999999999937e+02 8.768305520000000186e+00 1.392475325000000019e+01 7.778730509000000382e+01 1.099685888000000000e+09 7.742668800000000000e+07 6.357909999999999684e+01
6.459680000000000177e+01 7.000000000000000000e+00 1.780174000000000092e+02 7.918115330000000007e+00 1.623860695000000121e+01 7.874044415999999558e+01 1.099685888000000000e+09 7.702118400000000000e+07 6.399680000000000035e+01
6.362910000000000110e+01 7.000000000000000000e+00 2.078166999999999973e+02 8.604452509999999776e+00 1.458748433999999961e+01 7.723419192000000066e+01 1.099685888000000000e+09 7.824588800000000000e+07 6.362910000000000110e+01
6.256349999999999767e+01 7.000000000000000000e+00 2.263309000000000140e+02 8.637828960000000222e+00 1.237255415999999997e+01 7.331758080000000177e+01 1.099685888000000000e+09 7.888896000000000000e+07 6.296350000000000335e+01
7.297969999999999402e+01 7.000000000000000000e+00 1.155274000000000001e+02 1.090274512999999956e+01 2.015315324999999902e+01 7.388956971999999723e+01 1.099685888000000000e+09 7.987609600000000000e+07 7.306300000000000239e+01
7.412839999999999918e+01 8.000000000000000000e+00 1.039598000000000013e+02 8.431248710000000202e+00 1.440846110999999929e+01 7.273051714999999717e+01 1.102958592000000000e+09 7.864729600000000000e+07 7.414509999999999934e+01
7.412959999999999638e+01 8.000000000000000000e+00 1.046551000000000045e+02 9.973394909999999669e+00 1.416457319999999953e+01 6.906567085000000361e+01 1.102958592000000000e+09 8.007270400000000000e+07 7.412959999999999638e+01
7.704489999999999839e+01 8.000000000000000000e+00 9.026460000000000150e+01 9.393827560000000076e+00 1.390104692000000064e+01 7.625241339999999468e+01 1.102962688000000000e+09 8.084275200000000000e+07 7.702819999999999823e+01
7.502830000000000155e+01 8.000000000000000000e+00 1.096954000000000065e+02 8.972019360000000887e+00 1.285454333000000027e+01 7.292242140000000461e+01 1.102962688000000000e+09 8.237875200000000000e+07 7.517829999999999302e+01
7.666280000000000427e+01 8.000000000000000000e+00 1.035762000000000000e+02 9.026155490000000725e+00 1.499739047999999997e+01 7.143044939000000682e+01 1.102962688000000000e+09 8.272281600000000000e+07 7.667950000000000443e+01
7.557829999999999870e+01 8.000000000000000000e+00 1.188195000000000050e+02 1.017404802000000075e+01 1.518273970000000084e+01 7.397463869999999986e+01 1.102962688000000000e+09 8.432025600000000000e+07 7.554500000000000171e+01
7.642570000000000618e+01 9.000000000000000000e+00 1.082215999999999951e+02 9.669463090000000705e+00 1.530391398000000081e+01 7.724498905999999465e+01 1.103962112000000000e+09 7.519436800000000000e+07 7.639239999999999498e+01
7.397960000000000491e+01 9.000000000000000000e+00 1.478745999999999867e+02 7.523067730000000175e+00 1.473541630000000069e+01 7.065342065000000105e+01 1.103962112000000000e+09 8.616345600000000000e+07 7.429630000000000223e+01
7.084529999999999461e+01 9.000000000000000000e+00 1.888557000000000130e+02 8.606092229999999788e+00 1.240636499000000015e+01 8.108213112999999339e+01 1.103966208000000000e+09 9.046425600000000000e+07 7.069530000000000314e+01
6.894660000000000366e+01 9.000000000000000000e+00 2.252741000000000042e+02 8.492348010000000613e+00 1.329975248999999948e+01 7.876834280999999294e+01 1.103966208000000000e+09 8.963276800000000000e+07 6.912990000000000634e+01
6.887869999999999493e+01 9.000000000000000000e+00 2.232899999999999920e+02 6.176546219999999643e+00 1.348191190000000006e+01 7.653276194000000032e+01 1.103966208000000000e+09 9.572352000000000000e+07 6.832880000000000109e+01
5.654619999999999891e+01 9.000000000000000000e+00 4.230402000000000271e+02 6.888302239999999799e+00 1.265611565999999932e+01 7.803478425000000129e+01 1.103966208000000000e+09 9.007923200000000000e+07 5.642960000000000065e+01
5.966369999999999862e+01 9.000000000000000000e+00 3.691220000000000141e+02 7.459057259999999800e+00 1.375327051000000012e+01 7.659549165999999332e+01 1.103966208000000000e+09 9.756262400000000000e+07 5.903040000000000020e+01
5.779610000000000269e+01 9.000000000000000000e+00 3.983673000000000002e+02 6.662988620000000139e+00 1.237730926999999959e+01 7.576703877999999293e+01 1.103966208000000000e+09 9.105817600000000000e+07 5.812950000000000017e+01
6.127920000000000300e+01 9.000000000000000000e+00 3.596016000000000190e+02 5.944776410000000233e+00 9.797978190000000254e+00 7.248849776999999506e+01 1.103970304000000000e+09 9.581363200000000000e+07 6.119590000000000174e+01
6.021370000000000289e+01 9.000000000000000000e+00 3.785745000000000005e+02 7.049125100000000366e+00 7.882638189999999767e+00 6.776330462999999327e+01 1.103970304000000000e+09 9.267609600000000000e+07 6.019700000000000273e+01
6.422910000000000252e+01 9.000000000000000000e+00 3.396542999999999779e+02 7.222948650000000193e+00 1.253756452000000010e+01 7.707607815999999445e+01 1.103970304000000000e+09 9.305292800000000000e+07 6.431239999999999668e+01
6.707999999999999829e+01 9.000000000000000000e+00 2.962776999999999816e+02 7.262892039999999660e+00 1.496935717000000032e+01 7.552240091999999549e+01 1.103970304000000000e+09 9.511321600000000000e+07 6.704659999999999798e+01
6.549670000000000414e+01 9.000000000000000000e+00 3.307262000000000057e+02 7.717458940000000212e+00 8.276249370000000383e+00 7.594966915999999912e+01 1.103970304000000000e+09 9.871769600000000000e+07 6.561339999999999861e+01
6.492900000000000205e+01 9.000000000000000000e+00 3.388718000000000075e+02 6.728116939999999602e+00 1.258154578999999984e+01 7.683109414999999842e+01 1.103970304000000000e+09 9.508454400000000000e+07 6.539560000000000173e+01
6.149689999999999657e+01 9.000000000000000000e+00 4.021236000000000104e+02 6.179895710000000264e+00 1.524661225000000009e+01 7.675336808000000133e+01 1.103970304000000000e+09 1.033871360000000000e+08 6.176359999999999673e+01
6.031260000000000332e+01 9.000000000000000000e+00 4.200810000000000173e+02 6.243650449999999630e+00 1.296152556999999916e+01 7.562194207999999662e+01 1.103970304000000000e+09 9.719398400000000000e+07 6.031260000000000332e+01
6.442749999999999488e+01 9.000000000000000000e+00 3.758217999999999961e+02 6.666655269999999689e+00 6.656365440000000078e+00 7.820163949000000514e+01 1.103970304000000000e+09 9.834086400000000000e+07 6.414419999999999789e+01
6.283019999999999783e+01 9.000000000000000000e+00 3.989069000000000074e+02 6.483697389999999672e+00 1.800211526000000006e+01 7.607957985000000178e+01 1.103970304000000000e+09 9.890201600000000000e+07 6.339679999999999893e+01
6.304579999999999984e+01 9.000000000000000000e+00 4.015178999999999974e+02 7.616498899999999850e+00 1.174181098000000034e+01 6.012034849999999864e+01 1.103970304000000000e+09 1.033175040000000000e+08 6.316250000000000142e+01
6.304679999999999751e+01 9.000000000000000000e+00 4.114725999999999999e+02 6.243871590000000360e+00 1.236427141000000063e+01 7.622967407999999523e+01 1.103970304000000000e+09 1.000448000000000000e+08 6.326350000000000051e+01
6.106360000000000099e+01 9.000000000000000000e+00 4.422896000000000072e+02 6.419246069999999804e+00 7.178097300000000125e+00 7.599945436000000143e+01 1.104150528000000000e+09 1.046855680000000000e+08 6.129690000000000083e+01
6.256349999999999767e+01 9.000000000000000000e+00 4.308530000000000086e+02 6.483902139999999648e+00 1.335166747000000065e+01 7.645631887000000404e+01 1.104150528000000000e+09 1.060454400000000000e+08 6.259689999999999799e+01
6.042929999999999779e+01 9.000000000000000000e+00 4.718824999999999932e+02 6.938732810000000306e+00 1.000012524999999997e+01 7.607646673000000703e+01 1.104150528000000000e+09 1.017528320000000000e+08 6.012930000000000064e+01
5.908039999999999736e+01 9.000000000000000000e+00 5.015899999999999750e+02 5.929368890000000114e+00 1.107856727000000063e+01 7.644701786000000254e+01 1.104150528000000000e+09 1.068482560000000000e+08 5.906369999999999720e+01
6.001270000000000238e+01 9.000000000000000000e+00 4.999495000000000005e+02 7.553008750000000049e+00 1.139454622999999955e+01 7.708137671999999441e+01 1.104150528000000000e+09 1.075568640000000000e+08 6.002929999999999922e+01
5.873040000000000305e+01 9.000000000000000000e+00 5.231536999999999580e+02 5.707654240000000101e+00 1.171710556999999930e+01 7.402734943999999473e+01 1.104150528000000000e+09 1.022443520000000000e+08 5.911370000000000147e+01
6.007930000000000348e+01 9.000000000000000000e+00 5.087925999999999931e+02 6.830759549999999791e+00 1.341787889999999983e+01 7.656682496000000526e+01 1.104150528000000000e+09 1.069260800000000000e+08 6.026259999999999906e+01
6.421349999999999625e+01 9.000000000000000000e+00 4.401521999999999935e+02 7.529542539999999562e+00 1.026860476000000055e+01 7.578353425999999615e+01 1.104150528000000000e+09 1.042309120000000000e+08 6.428010000000000446e+01
6.348020000000000351e+01 9.000000000000000000e+00 4.636229000000000156e+02 8.593795099999999465e+00 1.193673889000000088e+01 7.678121213999999384e+01 1.104150528000000000e+09 1.082654720000000000e+08 6.354679999999999751e+01
6.612999999999999545e+01 9.000000000000000000e+00 4.231499000000000024e+02 6.903387790000000024e+00 1.390260559999999934e+01 7.527047496999999510e+01 1.104150528000000000e+09 1.014415360000000000e+08 6.626340000000000430e+01
6.599670000000000414e+01 9.000000000000000000e+00 4.437246000000000095e+02 7.189263010000000342e+00 1.318939216000000059e+01 7.764983693000000642e+01 1.104150528000000000e+09 1.097482240000000000e+08 6.614669999999999561e+01
6.081159999999999854e+01 9.000000000000000000e+00 5.262474999999999454e+02 8.059412209999999632e+00 1.133024031000000065e+01 7.614719395999999563e+01 1.104150528000000000e+09 1.152532480000000000e+08 6.119489999999999696e+01
6.403189999999999316e+01 9.000000000000000000e+00 4.772660999999999945e+02 6.607027800000000006e+00 1.129177128000000074e+01 7.655189667999999870e+01 1.104150528000000000e+09 1.185751040000000000e+08 6.423180000000000689e+01
5.834609999999999985e+01 9.000000000000000000e+00 6.027327000000000226e+02 7.533034559999999935e+00 1.323271920000000001e+01 7.705294684000000416e+01 1.104150528000000000e+09 1.162199040000000000e+08 5.816279999999999717e+01
6.181250000000000000e+01 9.000000000000000000e+00 5.309654000000000451e+02 7.177929139999999819e+00 1.007188982000000088e+01 7.756087619000000188e+01 1.104154624000000000e+09 1.103175680000000000e+08 6.216250000000000142e+01
6.220940000000000225e+01 9.000000000000000000e+00 5.429759000000000242e+02 8.466351290000000418e+00 1.242789744000000063e+01 7.651534961999999496e+01 1.104154624000000000e+09 1.173831680000000000e+08 6.234270000000000067e+01
6.317909999999999826e+01 9.000000000000000000e+00 5.300344000000000051e+02 7.950165669999999629e+00 1.231571699000000031e+01 7.654175845999999694e+01 1.104154624000000000e+09 1.120542720000000000e+08 6.289580000000000126e+01
6.404470000000000596e+01 9.000000000000000000e+00 5.171233999999999469e+02 5.364996030000000360e+00 1.316024020000000050e+01 7.551907796999999789e+01 1.104310272000000000e+09 1.234575360000000000e+08 6.386129999999999995e+01
6.011370000000000147e+01 9.000000000000000000e+00 6.123609000000000151e+02 7.236860990000000271e+00 1.398458454999999923e+01 7.699430830000000014e+01 1.104310272000000000e+09 1.170923520000000000e+08 5.998029999999999973e+01
6.446240000000000236e+01 9.000000000000000000e+00 5.209384999999999764e+02 8.681436570000000685e+00 1.404613870000000020e+01 7.669123387999999863e+01 1.104310272000000000e+09 1.151713280000000000e+08 6.421240000000000236e+01
7.674490000000000123e+01 9.000000000000000000e+00 3.533122000000000185e+02 8.865418580000000048e+00 1.323620735999999987e+01 7.894766812000000300e+01 1.104310272000000000e+09 1.224376320000000000e+08 7.687820000000000675e+01
7.712820000000000675e+01 9.000000000000000000e+00 3.432187999999999874e+02 9.305401780000000400e+00 1.813408761000000169e+01 7.570808175000000517e+01 1.104310272000000000e+09 1.134551040000000000e+08 7.714490000000000691e+01
7.696280000000000143e+01 9.000000000000000000e+00 3.615217999999999847e+02 9.789386750000000248e+00 1.335400313000000061e+01 7.588633244999999761e+01 1.104310272000000000e+09 1.177436160000000000e+08 7.719610000000000127e+01
7.564499999999999602e+01 9.000000000000000000e+00 3.780038000000000125e+02 8.963746600000000342e+00 1.005029535000000074e+01 7.750791135999999426e+01 1.104310272000000000e+09 1.216430080000000000e+08 7.514499999999999602e+01
7.422839999999999350e+01 9.000000000000000000e+00 4.125559999999999832e+02 8.741750910000000374e+00 1.596874556000000034e+01 7.699946710999999766e+01 1.104314368000000000e+09 1.239859200000000000e+08 7.397839999999999350e+01
7.771280000000000143e+01 9.000000000000000000e+00 3.634581999999999766e+02 8.403557899999999137e+00 1.326324482000000060e+01 7.633553571000000204e+01 1.104314368000000000e+09 1.200168960000000000e+08 7.747950000000000159e+01
7.889470000000000027e+01 9.000000000000000000e+00 3.489547999999999774e+02 8.765557230000000644e+00 1.693964941999999851e+01 7.593360092000000350e+01 1.104318464000000000e+09 1.197629440000000000e+08 7.884470000000000312e+01
7.842940000000000111e+01 9.000000000000000000e+00 3.686877999999999815e+02 7.926231109999999802e+00 1.845735979999999898e+01 7.697140521999999407e+01 1.104318464000000000e+09 1.254400000000000000e+08 7.896269999999999811e+01
6.208019999999999783e+01 9.000000000000000000e+00 6.282120999999999640e+02 5.762811609999999973e+00 1.568087726999999987e+01 7.699036798000000204e+01 1.104318464000000000e+09 1.397555200000000000e+08 6.151359999999999673e+01
6.104590000000000316e+01 9.000000000000000000e+00 6.692483999999999469e+02 5.360032340000000062e+00 1.448193808000000082e+01 7.776518129000000101e+01 1.104318464000000000e+09 1.334886400000000000e+08 6.137919999999999732e+01
5.726380000000000337e+01 9.000000000000000000e+00 7.469269000000000460e+02 6.170001759999999891e+00 1.209250055999999951e+01 8.015956434000000286e+01 1.104318464000000000e+09 1.377771520000000000e+08 5.703050000000000352e+01
5.523060000000000258e+01 9.000000000000000000e+00 8.175003000000000384e+02 6.715032210000000390e+00 9.108696079999999640e+00 7.583298293999999373e+01 1.104322560000000000e+09 1.306992640000000000e+08 5.493059999999999832e+01
5.567960000000000065e+01 9.000000000000000000e+00 8.068553000000000566e+02 6.239589999999999748e+00 4.540354289999999793e+00 7.736748092999999926e+01 1.104322560000000000e+09 1.347461120000000000e+08 5.494630000000000081e+01
5.436390000000000100e+01 9.000000000000000000e+00 8.432997000000000298e+02 5.807522050000000213e+00 1.352820522999999930e+01 7.755929351000000338e+01 1.104322560000000000e+09 1.432289280000000000e+08 5.421399999999999864e+01
5.266320000000000334e+01 9.000000000000000000e+00 9.008682999999999765e+02 6.393918509999999777e+00 1.499058246999999966e+01 7.746043928999999650e+01 1.104322560000000000e+09 1.439170560000000000e+08 5.277980000000000160e+01
5.426299999999999812e+01 9.000000000000000000e+00 8.515312999999999874e+02 4.993166460000000306e+00 1.572660583000000045e+01 7.731734597999999892e+01 1.104322560000000000e+09 1.444495360000000000e+08 5.404639999999999844e+01
5.251400000000000290e+01 8.000000000000000000e+00 9.215729999999999791e+02 7.491086659999999675e+00 1.015206902000000078e+01 7.589802709999999308e+01 1.104322560000000000e+09 1.428643840000000000e+08 5.218070000000000164e+01
5.384550000000000125e+01 8.000000000000000000e+00 8.870062000000000353e+02 7.898658140000000216e+00 1.124306791000000061e+01 7.701433446000000060e+01 1.104322560000000000e+09 1.277911040000000000e+08 5.417880000000000251e+01
5.654619999999999891e+01 8.000000000000000000e+00 8.274059999999999491e+02 8.292299110000000084e+00 1.135693949000000025e+01 7.667700913000000185e+01 1.104355328000000000e+09 1.335992320000000000e+08 5.647959999999999781e+01
5.686379999999999768e+01 8.000000000000000000e+00 8.279987999999999602e+02 7.823704929999999891e+00 1.447119046000000075e+01 7.769873058999999671e+01 1.104363520000000000e+09 1.435279360000000000e+08 5.678050000000000352e+01
5.784609999999999985e+01 8.000000000000000000e+00 8.083352999999999611e+02 7.445080019999999799e+00 8.989326679999999570e+00 7.605912327000000062e+01 1.104363520000000000e+09 1.350369280000000000e+08 5.731280000000000285e+01
5.539719999999999800e+01 8.000000000000000000e+00 8.844193999999999960e+02 6.390668940000000298e+00 8.966879190000000222e+00 7.627548975000000553e+01 1.104502784000000000e+09 1.353728000000000000e+08 5.539719999999999800e+01
5.494729999999999848e+01 8.000000000000000000e+00 9.188265000000000100e+02 7.578257640000000350e+00 7.928846339999999770e+00 7.612440721000000110e+01 1.104502784000000000e+09 1.453219840000000000e+08 5.504719999999999658e+01
5.174569999999999936e+01 8.000000000000000000e+00 1.011236099999999965e+03 8.122809639999999831e+00 9.585123649999999884e+00 7.770214468000000352e+01 1.104551936000000000e+09 1.468252160000000000e+08 5.187899999999999778e+01
5.366310000000000002e+01 8.000000000000000000e+00 9.481308999999999969e+02 6.819998380000000360e+00 1.143574959000000035e+01 7.660553020000000402e+01 1.104551936000000000e+09 1.494056960000000000e+08 5.336310000000000286e+01
5.309729999999999706e+01 8.000000000000000000e+00 9.706100999999999885e+02 8.241108130000000642e+00 7.213461950000000122e+00 7.725551040999999941e+01 1.104551936000000000e+09 1.432166400000000000e+08 5.343070000000000164e+01
5.229650000000000176e+01 8.000000000000000000e+00 1.011858200000000011e+03 6.346014499999999892e+00 9.805221449999999450e+00 7.628165586000000076e+01 1.104551936000000000e+09 1.384570880000000000e+08 5.264650000000000318e+01
5.531389999999999674e+01 8.000000000000000000e+00 9.438502999999999474e+02 6.235762620000000034e+00 8.466401109999999619e+00 7.690427207999999837e+01 1.104551936000000000e+09 1.495654400000000000e+08 5.464730000000000132e+01
5.169659999999999656e+01 8.000000000000000000e+00 1.051052300000000059e+03 7.855222900000000230e+00 1.054372311999999923e+01 7.551881989999999689e+01 1.104551936000000000e+09 1.492172800000000000e+08 5.102989999999999782e+01
5.251400000000000290e+01 8.000000000000000000e+00 1.027316900000000032e+03 6.426547550000000442e+00 1.241488733999999994e+01 7.721269302999999695e+01 1.104551936000000000e+09 1.533296640000000000e+08 5.253070000000000306e+01
5.254650000000000176e+01 8.000000000000000000e+00 1.028876299999999901e+03 6.277322479999999594e+00 1.406957970000000024e+01 7.763848020999999733e+01 1.104551936000000000e+09 1.559347200000000000e+08 5.309649999999999892e+01
5.156410000000000338e+01 8.000000000000000000e+00 1.064652100000000019e+03 7.012077299999999624e+00 9.493271160000000819e+00 7.525913205000000517e+01 1.104551936000000000e+09 1.467187200000000000e+08 5.144740000000000180e+01
5.351129999999999853e+01 8.000000000000000000e+00 1.030309999999999945e+03 7.690009869999999914e+00 1.562558218999999937e+01 7.535169337000000667e+01 1.104551936000000000e+09 1.553899520000000000e+08 5.279469999999999885e+01
5.354260000000000019e+01 8.000000000000000000e+00 1.039126299999999901e+03 7.397337850000000437e+00 1.292100394000000030e+01 7.675311060999999313e+01 1.104551936000000000e+09 1.494548480000000000e+08 5.419230000000000302e+01
5.321399999999999864e+01 8.000000000000000000e+00 1.045978900000000067e+03 5.071637149999999927e+00 1.111848059999999982e+01 7.767042214999999317e+01 1.104551936000000000e+09 1.604648960000000000e+08 5.294740000000000180e+01
5.294650000000000034e+01 8.000000000000000000e+00 1.081581899999999905e+03 6.528665550000000373e+00 5.323205309999999635e+00 7.719249836000000187e+01 1.104551936000000000e+09 1.488732160000000000e+08 5.272979999999999734e+01
5.516210000000000235e+01 8.000000000000000000e+00 1.013867399999999975e+03 7.067123139999999637e+00 2.846442090000000036e+00 7.612602051000000358e+01 1.104551936000000000e+09 1.505198080000000000e+08 5.479540000000000077e+01
5.413060000000000116e+01 8.000000000000000000e+00 1.036531199999999899e+03 7.108512779999999864e+00 1.182249599999999923e+01 7.618535513999999864e+01 1.104551936000000000e+09 1.550868480000000000e+08 5.443059999999999832e+01
5.321309999999999718e+01 8.000000000000000000e+00 1.071541999999999916e+03 6.057862649999999682e+00 7.914591820000000055e+00 7.668494128999999759e+01 1.104551936000000000e+09 1.499914240000000000e+08 5.337980000000000302e+01
5.239739999999999753e+01 8.000000000000000000e+00 1.129457699999999932e+03 6.052804039999999830e+00 1.052806741000000024e+01 7.720081672000000594e+01 1.104551936000000000e+09 1.522524160000000000e+08 5.236399999999999721e+01
5.329639999999999844e+01 8.000000000000000000e+00 1.088931599999999889e+03 8.117278620000000444e+00 6.313908470000000328e+00 7.619739755999999886e+01 1.104551936000000000e+09 1.560330240000000000e+08 5.357979999999999876e+01
5.419639999999999702e+01 8.000000000000000000e+00 1.087526200000000017e+03 7.054299040000000076e+00 1.051472354999999936e+01 7.626722882999999342e+01 1.104752640000000000e+09 1.621893120000000000e+08 5.462969999999999970e+01
5.436390000000000100e+01 8.000000000000000000e+00 1.080333800000000110e+03 7.778109019999999596e+00 7.507350510000000199e+00 7.730846327999999801e+01 1.104752640000000000e+09 1.562419200000000000e+08 5.486390000000000100e+01
5.541299999999999670e+01 8.000000000000000000e+00 1.039450599999999895e+03 5.420607050000000093e+00 1.072009955000000048e+01 7.662934128999999928e+01 1.104752640000000000e+09 1.529733120000000000e+08 5.569630000000000081e+01
5.299649999999999750e+01 8.000000000000000000e+00 1.149688499999999976e+03 7.670145690000000016e+00 7.637547950000000085e+00 7.627424274000000537e+01 1.104752640000000000e+09 1.713807360000000000e+08 5.281309999999999860e+01
5.492969999999999686e+01 8.000000000000000000e+00 1.092011199999999917e+03 9.181178010000000000e+00 1.141420731000000011e+01 7.676971385999999598e+01 1.104752640000000000e+09 1.589370880000000000e+08 5.516299999999999670e+01
6.524670000000000414e+01 8.000000000000000000e+00 8.268722000000000207e+02 8.740414409999999634e+00 1.733188923999999886e+01 7.723945272000000273e+01 1.104752640000000000e+09 1.556561920000000000e+08 6.521339999999999293e+01
6.911209999999999809e+01 8.000000000000000000e+00 7.572182999999999993e+02 9.410810140000000601e+00 1.547693158999999952e+01 7.719352358999999808e+01 1.104752640000000000e+09 1.565081600000000000e+08 6.922870000000000346e+01
6.676220000000000709e+01 8.000000000000000000e+00 7.982358000000000402e+02 1.004067253999999920e+01 1.460907272999999940e+01 7.732761537000000374e+01 1.104752640000000000e+09 1.605058560000000000e+08 6.592889999999999873e+01
6.974649999999999750e+01 9.000000000000000000e+00 7.563700999999999794e+02 8.810498709999999178e+00 1.479164594000000044e+01 7.644437883000000511e+01 1.106112512000000000e+09 1.659576320000000000e+08 7.011320000000000618e+01
7.031199999999999761e+01 9.000000000000000000e+00 7.356825000000000045e+02 7.887593560000000004e+00 8.608584560000000607e+00 7.617913706000000218e+01 1.106112512000000000e+09 1.600512000000000000e+08 6.996200000000000330e+01
6.753000000000000114e+01 9.000000000000000000e+00 8.179258999999999560e+02 7.988144319999999965e+00 1.142808478000000072e+01 7.685364687000000572e+01 1.106112512000000000e+09 1.570324480000000000e+08 6.743000000000000682e+01
6.668000000000000682e+01 9.000000000000000000e+00 8.327892000000000507e+02 8.536345900000000597e+00 1.171742509000000076e+01 7.674289339999999982e+01 1.106112512000000000e+09 1.583104000000000000e+08 6.616339999999999577e+01
6.877299999999999613e+01 9.000000000000000000e+00 7.926579000000000406e+02 6.095223849999999999e+00 1.717545360000000088e+01 7.751552268999999740e+01 1.106112512000000000e+09 1.816207360000000000e+08 6.872299999999999898e+01
6.854659999999999798e+01 9.000000000000000000e+00 8.014995999999999867e+02 8.657808949999999726e+00 1.358892956999999946e+01 7.650417079000000342e+01 1.106112512000000000e+09 1.735188480000000000e+08 6.861320000000000618e+01
6.732999999999999829e+01 9.000000000000000000e+00 8.422750999999999522e+02 8.041537569999999135e+00 1.441406364000000018e+01 7.670302121999999656e+01 1.106112512000000000e+09 1.657937920000000000e+08 6.777989999999999782e+01
7.239520000000000266e+01 9.000000000000000000e+00 7.460584999999999809e+02 7.455356209999999706e+00 6.064184299999999972e+00 7.659703066999999521e+01 1.106112512000000000e+09 1.667440640000000000e+08 7.241179999999999950e+01
6.049699999999999989e+01 9.000000000000000000e+00 1.010108200000000011e+03 7.523086519999999666e+00 1.191398747000000036e+01 7.699330077000000472e+01 1.106112512000000000e+09 1.703608320000000000e+08 6.009700000000000131e+01
6.148029999999999973e+01 9.000000000000000000e+00 9.994723000000000184e+02 7.172411000000000314e+00 1.093485042999999912e+01 7.680593197000000316e+01 1.106112512000000000e+09 1.736335360000000000e+08 6.189690000000000225e+01
5.796280000000000143e+01 9.000000000000000000e+00 1.096339400000000069e+03 7.154922149999999981e+00 8.269211990000000512e+00 7.692932091999999500e+01 1.106112512000000000e+09 1.711472640000000000e+08 5.779610000000000269e+01
5.818039999999999878e+01 9.000000000000000000e+00 1.101670800000000099e+03 5.490912169999999648e+00 1.523233231999999937e+01 7.699183537000000399e+01 1.106112512000000000e+09 1.831157760000000000e+08 5.716380000000000194e+01
5.816380000000000194e+01 9.000000000000000000e+00 1.116523699999999963e+03 6.229920710000000028e+00 1.273050547999999971e+01 7.631034744999999475e+01 1.106112512000000000e+09 1.775697920000000000e+08 5.769709999999999894e+01
5.711290000000000333e+01 9.000000000000000000e+00 1.152732899999999972e+03 5.964101219999999870e+00 9.102195370000000452e+00 7.728814255999999716e+01 1.106112512000000000e+09 1.717329920000000000e+08 5.752949999999999875e+01
5.786090000000000089e+01 9.000000000000000000e+00 1.128623599999999897e+03 7.274372149999999593e+00 1.524597218000000076e+01 7.682909431999999583e+01 1.106112512000000000e+09 1.895628800000000000e+08 5.769420000000000215e+01
6.232920000000000016e+01 9.000000000000000000e+00 1.038632599999999911e+03 6.633842740000000404e+00 7.580963360000000151e+00 7.658013244999999358e+01 1.106112512000000000e+09 1.777664000000000000e+08 6.251250000000000284e+01
5.854610000000000269e+01 9.000000000000000000e+00 1.130245899999999892e+03 6.277925520000000148e+00 7.676405349999999572e+00 7.717508164999999565e+01 1.106112512000000000e+09 1.825300480000000000e+08 5.841279999999999717e+01
5.976370000000000005e+01 9.000000000000000000e+00 1.102810099999999920e+03 5.753979250000000434e+00 1.298209085999999957e+01 7.576784030000000314e+01 1.106112512000000000e+09 1.858928640000000000e+08 5.984700000000000131e+01
5.902640000000000242e+01 9.000000000000000000e+00 1.138028800000000047e+03 7.177767160000000146e+00 6.514117680000000021e+00 7.638265214000000469e+01 1.106112512000000000e+09 1.748049920000000000e+08 5.952640000000000242e+01
6.204590000000000316e+01 9.000000000000000000e+00 1.058591400000000021e+03 6.861134050000000428e+00 1.666076423999999889e+01 7.719413948999999775e+01 1.106116608000000000e+09 1.905090560000000000e+08 6.199589999999999890e+01
6.154690000000000083e+01 9.000000000000000000e+00 1.077067500000000109e+03 6.993946740000000162e+00 1.530241505000000046e+01 7.587773271999999736e+01 1.106116608000000000e+09 1.835745280000000000e+08 6.173020000000000351e+01
5.787749999999999773e+01 9.000000000000000000e+00 1.193838099999999940e+03 6.659570249999999803e+00 6.675449219999999961e+00 7.655499457999999890e+01 1.106116608000000000e+09 1.821409280000000000e+08 5.784420000000000073e+01
6.089589999999999748e+01 9.000000000000000000e+00 1.115285900000000083e+03 6.951898279999999986e+00 1.258779423000000008e+01 7.636131856999999457e+01 1.106116608000000000e+09 1.886781440000000000e+08 6.051259999999999906e+01
5.864710000000000178e+01 9.000000000000000000e+00 1.177776399999999967e+03 7.055317689999999864e+00 1.253978629999999939e+01 7.637599074000000599e+01 1.106116608000000000e+09 1.904803840000000000e+08 5.866369999999999862e+01
6.087930000000000064e+01 9.000000000000000000e+00 1.136273100000000113e+03 7.681436910000000395e+00 1.334768979999999949e+01 7.656206570999999883e+01 1.106116608000000000e+09 1.895219200000000000e+08 6.102929999999999922e+01
6.280610000000000070e+01 9.000000000000000000e+00 1.097775699999999915e+03 5.481079239999999686e+00 1.510360715999999925e+01 7.664212532999999894e+01 1.106116608000000000e+09 1.799208960000000000e+08 6.335589999999999833e+01
6.397910000000000252e+01 9.000000000000000000e+00 1.062962800000000016e+03 7.171897089999999864e+00 1.761681266000000079e+01 7.614111477999999522e+01 1.106116608000000000e+09 1.839104000000000000e+08 6.362910000000000110e+01
6.312910000000000110e+01 9.000000000000000000e+00 1.077483600000000024e+03 7.438194039999999951e+00 1.676231785999999957e+01 7.775244535000000212e+01 1.106116608000000000e+09 1.961451520000000000e+08 6.247919999999999874e+01
6.364679999999999893e+01 9.000000000000000000e+00 1.079702399999999898e+03 6.745140969999999569e+00 1.055992202000000013e+01 7.614928294000000619e+01 1.106116608000000000e+09 1.896366080000000000e+08 6.389679999999999893e+01
6.144689999999999941e+01 9.000000000000000000e+00 1.140134199999999964e+03 6.780001890000000309e+00 1.521350915999999920e+01 7.728130731000000253e+01 1.106116608000000000e+09 1.829765120000000000e+08 6.183019999999999783e+01
5.848850000000000193e+01 9.000000000000000000e+00 1.246843000000000075e+03 7.397232960000000190e+00 1.079327585999999961e+01 7.617967663999999672e+01 1.106116608000000000e+09 1.911480320000000000e+08 5.867170000000000130e+01
6.282909999999999684e+01 9.000000000000000000e+00 1.121935099999999920e+03 7.660089990000000348e+00 1.500217684999999967e+01 7.603618371999999681e+01 1.106116608000000000e+09 1.953136640000000000e+08 6.289580000000000126e+01
5.882939999999999969e+01 9.000000000000000000e+00 1.262512500000000045e+03 6.920282600000000173e+00 1.806694953999999953e+01 7.716422728000000575e+01 1.106120704000000000e+09 2.080808960000000000e+08 5.872939999999999827e+01
6.223020000000000351e+01 9.000000000000000000e+00 1.156909000000000106e+03 6.611021759999999858e+00 9.613985030000000265e+00 7.691215219000000047e+01 1.106120704000000000e+09 1.969971200000000000e+08 6.226359999999999673e+01
6.394570000000000221e+01 9.000000000000000000e+00 1.134137500000000045e+03 6.544225810000000365e+00 8.683131210000000877e+00 7.579761061000000666e+01 1.106120704000000000e+09 1.837711360000000000e+08 6.387910000000000110e+01
6.299689999999999657e+01 9.000000000000000000e+00 1.141274200000000064e+03 8.517037950000000635e+00 5.435308209999999640e+00 7.636814520000000073e+01 1.106120704000000000e+09 1.930936320000000000e+08 6.279690000000000083e+01
6.314679999999999893e+01 9.000000000000000000e+00 1.158485500000000002e+03 7.675122380000000355e+00 1.229969615999999988e+01 7.666417570999999498e+01 1.106120704000000000e+09 1.897635840000000000e+08 6.323020000000000351e+01
6.344579999999999842e+01 9.000000000000000000e+00 1.148601499999999987e+03 5.782108970000000348e+00 8.518551520000000821e+00 7.681886373000000390e+01 1.106120704000000000e+09 1.963909120000000000e+08 6.264580000000000126e+01
6.461339999999999861e+01 9.000000000000000000e+00 1.119747000000000071e+03 6.509636989999999734e+00 1.437262349000000050e+01 7.639972172999999600e+01 1.106120704000000000e+09 2.028707840000000000e+08 6.436339999999999861e+01
6.238020000000000209e+01 9.000000000000000000e+00 1.190066299999999956e+03 6.783548839999999913e+00 1.177683075999999929e+01 7.613812817999999538e+01 1.106120704000000000e+09 2.043207680000000000e+08 6.263020000000000209e+01
6.534459999999999980e+01 9.000000000000000000e+00 1.132766100000000051e+03 5.906924980000000325e+00 1.434322951999999951e+01 7.742335228999999686e+01 1.106120704000000000e+09 1.968906240000000000e+08 6.541119999999999379e+01
6.201359999999999673e+01 9.000000000000000000e+00 1.209308199999999943e+03 8.514900949999999469e+00 1.715505904000000115e+01 7.634090584999999862e+01 1.106120704000000000e+09 1.968005120000000000e+08 6.208019999999999783e+01
7.602949999999999875e+01 9.000000000000000000e+00 8.957193999999999505e+02 7.962658300000000189e+00 1.457431157999999982e+01 7.465359003000000371e+01 1.106120704000000000e+09 1.795440640000000000e+08 7.591289999999999338e+01
7.826279999999999859e+01 9.000000000000000000e+00 8.438708000000000311e+02 1.001419154999999961e+01 1.912934239000000147e+01 7.671393867000000455e+01 1.106120704000000000e+09 1.910906880000000000e+08 7.727949999999999875e+01
7.662949999999999307e+01 1.000000000000000000e+01 8.892269999999999754e+02 8.713530199999999226e+00 1.381446333000000060e+01 5.839537230999999906e+01 1.107345408000000000e+09 1.991106560000000000e+08 7.656279999999999575e+01
7.597830000000000439e+01 1.000000000000000000e+01 9.088093000000000075e+02 7.315660290000000288e+00 1.306228424000000032e+01 7.789005036000000359e+01 1.107345408000000000e+09 2.086789120000000000e+08 7.611159999999999570e+01
7.661159999999999570e+01 1.000000000000000000e+01 9.084455000000000382e+02 7.787853089999999590e+00 1.468135168000000057e+01 7.577361265000000401e+01 1.107345408000000000e+09 2.033459200000000000e+08 7.642820000000000391e+01
6.916320000000000334e+01 1.000000000000000000e+01 1.078371100000000069e+03 7.895909969999999944e+00 1.222171231999999996e+01 7.688600563999999338e+01 1.107345408000000000e+09 2.030428160000000000e+08 6.951319999999999766e+01
7.147860000000000014e+01 1.000000000000000000e+01 1.017751499999999965e+03 7.654117570000000370e+00 1.265159829000000080e+01 7.528830308999999943e+01 1.107345408000000000e+09 2.044887040000000000e+08 7.102859999999999729e+01
7.319509999999999650e+01 1.000000000000000000e+01 1.016244599999999991e+03 6.200861889999999654e+00 1.364066524999999963e+01 7.565038289000000304e+01 1.107345408000000000e+09 1.977384960000000000e+08 7.346179999999999666e+01
6.648000000000000398e+01 1.000000000000000000e+01 1.149931900000000041e+03 6.514751129999999613e+00 1.104149486999999930e+01 7.651977616000000637e+01 1.107345408000000000e+09 2.060451840000000000e+08 6.681329999999999814e+01
6.500910000000000366e+01 1.000000000000000000e+01 1.192563900000000103e+03 8.129622330000000119e+00 1.235062422000000026e+01 7.569655068999999514e+01 1.107349504000000000e+09 2.095144960000000000e+08 6.530899999999999750e+01
6.047930000000000206e+01 1.000000000000000000e+01 1.326152599999999893e+03 3.458864989999999917e+00 1.536956194000000053e+01 7.735980748999999435e+01 1.107349504000000000e+09 2.198896640000000000e+08 6.062930000000000064e+01
4.964670000000000272e+01 9.000000000000000000e+00 1.804980999999999995e+03 6.836078610000000388e+00 1.109637423999999939e+01 7.624622055999999759e+01 1.107353600000000000e+09 2.143068160000000000e+08 5.003000000000000114e+01
6.435869999999999891e+01 9.000000000000000000e+00 1.243719399999999951e+03 8.153429830000000322e+00 1.350435412999999940e+01 7.723809579000000269e+01 1.107353600000000000e+09 2.179563520000000000e+08 6.470850000000000080e+01
6.071359999999999957e+01 9.000000000000000000e+00 1.357196899999999914e+03 7.007461469999999970e+00 1.385799075000000080e+01 7.633684608999999455e+01 1.107353600000000000e+09 2.239201280000000000e+08 6.078029999999999688e+01
5.801279999999999859e+01 9.000000000000000000e+00 1.444678499999999985e+03 5.616950880000000090e+00 9.620927979999999380e+00 7.545088040999999635e+01 1.107353600000000000e+09 2.177187840000000000e+08 5.821280000000000143e+01
5.706289999999999907e+01 9.000000000000000000e+00 1.504905500000000075e+03 6.250763749999999952e+00 8.739814150000000836e+00 7.507544635000000710e+01 1.107353600000000000e+09 2.101043200000000000e+08 5.749620000000000175e+01
5.931260000000000332e+01 9.000000000000000000e+00 1.432174099999999953e+03 6.968864299999999901e+00 1.086466116000000071e+01 7.683772254999999518e+01 1.107353600000000000e+09 2.191360000000000000e+08 5.941250000000000142e+01
6.262919999999999732e+01 9.000000000000000000e+00 1.339189900000000080e+03 6.455233960000000160e+00 1.801726000000000028e+01 7.686238163999999529e+01 1.107353600000000000e+09 2.251489280000000000e+08 6.292909999999999826e+01
6.259689999999999799e+01 9.000000000000000000e+00 1.358446300000000065e+03 6.599703149999999852e+00 1.044416621000000056e+01 7.727122273999999891e+01 1.107353600000000000e+09 2.132582400000000000e+08 6.248020000000000351e+01
6.052929999999999922e+01 9.000000000000000000e+00 1.410961299999999937e+03 6.833762990000000315e+00 7.932189059999999792e+00 7.646922471999999971e+01 1.107353600000000000e+09 2.262302720000000000e+08 6.067929999999999779e+01
6.266250000000000142e+01 9.000000000000000000e+00 1.341807000000000016e+03 7.719683719999999916e+00 1.282722101000000059e+01 7.704240851000000134e+01 1.107353600000000000e+09 2.285936640000000000e+08 6.267920000000000158e+01
6.271350000000000335e+01 9.000000000000000000e+00 1.375694799999999987e+03 8.575784029999999447e+00 1.693083606000000074e+01 7.652620672999999840e+01 1.107353600000000000e+09 2.254315520000000000e+08 6.284689999999999799e+01
6.472899999999999920e+01 9.000000000000000000e+00 1.301584000000000060e+03 7.839186220000000205e+00 1.388726690000000019e+01 7.619740976999999305e+01 1.107353600000000000e+09 2.255421440000000000e+08 6.474569999999999936e+01
6.156360000000000099e+01 9.000000000000000000e+00 1.407145199999999932e+03 7.747173959999999582e+00 1.101922785000000005e+01 7.617466009999999699e+01 1.107353600000000000e+09 2.292162560000000000e+08 6.163029999999999831e+01
6.253020000000000067e+01 9.000000000000000000e+00 1.358128600000000006e+03 6.636552799999999586e+00 1.231962391999999973e+01 7.653358459000000380e+01 1.107353600000000000e+09 2.234408960000000000e+08 6.298020000000000351e+01
6.346240000000000236e+01 9.000000000000000000e+00 1.359533300000000054e+03 6.223937860000000377e+00 9.483117489999999705e+00 7.768126863999999898e+01 1.107353600000000000e+09 2.440396800000000000e+08 6.281250000000000000e+01
5.839609999999999701e+01 9.000000000000000000e+00 1.537434700000000021e+03 7.047907630000000090e+00 1.251140293999999997e+01 7.745789455999999973e+01 1.107353600000000000e+09 2.276843520000000000e+08 5.819610000000000127e+01
6.084590000000000032e+01 9.000000000000000000e+00 1.465514699999999948e+03 6.659779259999999645e+00 8.801295859999999749e+00 7.512853108999999563e+01 1.107353600000000000e+09 2.290237440000000000e+08 6.051259999999999906e+01
6.034599999999999653e+01 9.000000000000000000e+00 1.492793400000000020e+03 6.469164779999999837e+00 1.426694477000000028e+01 7.689675590000000227e+01 1.107353600000000000e+09 2.296381440000000000e+08 6.016270000000000095e+01
5.921370000000000289e+01 9.000000000000000000e+00 1.507930900000000065e+03 7.471229209999999732e+00 1.005007012000000088e+01 7.670355417999999759e+01 1.107353600000000000e+09 2.220769280000000000e+08 6.001370000000000005e+01
6.166360000000000241e+01 9.000000000000000000e+00 1.451852200000000039e+03 6.771248220000000373e+00 1.146568212999999936e+01 7.624171597999999506e+01 1.107353600000000000e+09 2.277007360000000000e+08 6.158030000000000115e+01
6.154690000000000083e+01 9.000000000000000000e+00 1.446374600000000100e+03 6.463616860000000131e+00 1.131728923999999914e+01 7.626982864000000006e+01 1.107353600000000000e+09 2.263162880000000000e+08 6.078029999999999688e+01
6.333019999999999783e+01 9.000000000000000000e+00 1.437798099999999977e+03 6.344435690000000072e+00 1.519837893000000051e+01 7.679059458999999777e+01 1.107353600000000000e+09 2.334351360000000000e+08 6.314679999999999893e+01
5.993030000000000257e+01 9.000000000000000000e+00 1.526245300000000043e+03 6.803337680000000276e+00 1.048992503999999926e+01 7.590716634000000340e+01 1.107353600000000000e+09 2.332098560000000000e+08 5.889710000000000178e+01
5.838040000000000163e+01 9.000000000000000000e+00 1.588638300000000072e+03 5.568387770000000181e+00 1.285657604000000021e+01 7.727701066999999568e+01 1.107353600000000000e+09 2.457886720000000000e+08 5.814710000000000178e+01
5.836280000000000001e+01 9.000000000000000000e+00 1.638930100000000039e+03 7.103784990000000299e+00 1.881339207999999985e+01 7.643786473000000115e+01 1.107353600000000000e+09 2.433925120000000000e+08 5.912939999999999685e+01
6.153029999999999688e+01 9.000000000000000000e+00 1.504667099999999891e+03 7.562769320000000128e+00 1.009673745999999994e+01 7.619818863999999792e+01 1.107353600000000000e+09 2.384773120000000000e+08 6.193019999999999925e+01
6.361240000000000094e+01 9.000000000000000000e+00 1.421146899999999960e+03 8.073999920000000330e+00 1.422894269999999928e+01 7.690936215000000686e+01 1.107353600000000000e+09 2.410373120000000000e+08 6.342909999999999826e+01
6.266250000000000142e+01 9.000000000000000000e+00 1.463898500000000013e+03 6.107425970000000426e+00 7.211330349999999889e+00 7.724305821000000094e+01 1.107353600000000000e+09 2.354012160000000000e+08 6.254579999999999984e+01
6.426239999999999952e+01 9.000000000000000000e+00 1.465145600000000059e+03 5.623976299999999817e+00 9.078126329999999911e+00 7.621975571000000116e+01 1.107353600000000000e+09 2.391121920000000000e+08 6.446240000000000236e+01
6.019599999999999795e+01 9.000000000000000000e+00 1.601964199999999892e+03 6.149422259999999696e+00 1.360084501000000046e+01 7.688515137000000266e+01 1.107353600000000000e+09 2.594160640000000000e+08 6.052929999999999922e+01
5.936269999999999669e+01 9.000000000000000000e+00 1.596919399999999996e+03 6.509813910000000092e+00 1.074337562000000013e+01 7.611173721999999486e+01 1.107353600000000000e+09 2.485166080000000000e+08 5.916270000000000095e+01
5.907939999999999969e+01 9.000000000000000000e+00 1.661252500000000055e+03 4.732688600000000356e+00 1.443544301999999924e+01 7.613918268000000467e+01 1.107353600000000000e+09 2.466406400000000000e+08 5.899609999999999843e+01
5.709709999999999752e+01 8.000000000000000000e+00 1.687222899999999981e+03 7.403254079999999959e+00 1.505756827999999992e+01 7.687326799999999594e+01 1.107353600000000000e+09 2.452316160000000000e+08 5.638049999999999784e+01
6.266040000000000276e+01 8.000000000000000000e+00 1.485019800000000032e+03 7.850552200000000092e+00 1.114510824000000078e+01 7.698031066999999439e+01 1.107353600000000000e+09 2.489057280000000000e+08 6.307699999999999818e+01
5.981980000000000075e+01 8.000000000000000000e+00 1.656871799999999894e+03 8.886880760000000379e+00 1.298857639000000042e+01 7.643457675000000506e+01 1.107353600000000000e+09 2.367324160000000000e+08 5.988640000000000185e+01
6.832989999999999498e+01 8.000000000000000000e+00 1.355132200000000012e+03 9.554533449999999206e+00 1.243404323999999939e+01 7.525969618000000594e+01 1.107353600000000000e+09 2.511994880000000000e+08 6.831329999999999814e+01
7.112980000000000302e+01 8.000000000000000000e+00 1.279089099999999917e+03 1.057914519999999925e+01 1.822705604000000079e+01 7.674211477000000059e+01 1.107353600000000000e+09 2.341928960000000000e+08 7.142980000000000018e+01
7.309629999999999939e+01 9.000000000000000000e+00 1.230229399999999941e+03 1.023212346000000039e+01 1.720539817999999954e+01 7.674786905000000559e+01 1.107464192000000000e+09 2.395873280000000000e+08 7.337969999999999970e+01
7.167969999999999686e+01 1.000000000000000000e+01 1.273648699999999963e+03 6.256348670000000389e+00 1.245754660000000058e+01 7.594871503999999618e+01 1.108647936000000000e+09 2.534973440000000000e+08 7.134640000000000271e+01
7.431170000000000186e+01 1.000000000000000000e+01 1.203141699999999901e+03 7.641758659999999814e+00 1.425003809000000032e+01 7.602044714000000170e+01 1.108680704000000000e+09 2.448998400000000000e+08 7.421169999999999334e+01
7.379630000000000223e+01 1.000000000000000000e+01 1.261787700000000086e+03 6.742253260000000026e+00 1.227504682000000003e+01 7.673550595000000385e+01 1.108680704000000000e+09 2.458992640000000000e+08 7.331300000000000239e+01
6.897990000000000066e+01 1.000000000000000000e+01 1.383623299999999972e+03 6.318900600000000090e+00 1.943824851000000109e+01 7.619363289000000350e+01 1.108680704000000000e+09 2.517934080000000000e+08 6.927989999999999782e+01
7.501170000000000471e+01 1.000000000000000000e+01 1.219009399999999914e+03 7.303838889999999751e+00 1.596988434999999917e+01 7.724544953999999564e+01 1.108680704000000000e+09 2.531778560000000000e+08 7.451170000000000471e+01
7.072979999999999734e+01 1.000000000000000000e+01 1.346856600000000071e+03 6.845305930000000316e+00 1.362666212000000066e+01 7.537920040000000199e+01 1.108680704000000000e+09 2.480906240000000000e+08 6.997979999999999734e+01
6.533010000000000161e+01 1.000000000000000000e+01 1.504209700000000112e+03 8.313647910000000252e+00 1.079019298999999954e+01 7.683511631000000364e+01 1.108680704000000000e+09 2.418237440000000000e+08 6.508010000000000161e+01
7.017870000000000630e+01 1.000000000000000000e+01 1.364574000000000069e+03 5.263839039999999692e+00 8.735043839999999449e+00 7.659721964000000582e+01 1.108680704000000000e+09 2.568151040000000000e+08 7.011199999999999477e+01
5.239739999999999753e+01 1.000000000000000000e+01 2.072217999999999847e+03 5.415457599999999871e+00 6.123538550000000136e+00 7.610210818999999560e+01 1.108680704000000000e+09 2.689679360000000000e+08 5.206410000000000338e+01
5.918039999999999878e+01 1.000000000000000000e+01 1.744176699999999983e+03 6.198092579999999963e+00 9.638372589999999462e+00 7.744763505000000237e+01 1.108680704000000000e+09 2.610257920000000000e+08 5.856369999999999720e+01
5.436650000000000205e+01 1.000000000000000000e+01 2.014005200000000059e+03 5.467238199999999715e+00 1.200920761000000070e+01 7.714137058999999397e+01 1.108680704000000000e+09 2.652610560000000000e+08 5.438309999999999889e+01
5.568050000000000210e+01 1.000000000000000000e+01 1.944053000000000111e+03 5.436477860000000106e+00 1.434533227999999916e+01 7.587768818000000692e+01 1.108680704000000000e+09 2.815672320000000000e+08 5.466389999999999816e+01
5.521209999999999951e+01 1.000000000000000000e+01 2.042112300000000005e+03 6.283142350000000320e+00 1.198639166000000067e+01 7.662159479999999689e+01 1.108680704000000000e+09 2.677309440000000000e+08 5.521209999999999951e+01
5.399640000000000128e+01 1.000000000000000000e+01 2.049162699999999859e+03 5.785159349999999812e+00 8.271557989999999805e+00 7.765929069000000595e+01 1.108680704000000000e+09 2.639749120000000000e+08 5.427969999999999828e+01
5.631389999999999674e+01 1.000000000000000000e+01 1.993012099999999919e+03 5.068230599999999697e+00 7.589939850000000376e+00 7.657915959000000328e+01 1.108680704000000000e+09 2.655682560000000000e+08 5.646379999999999910e+01
5.454729999999999990e+01 1.000000000000000000e+01 2.031396099999999933e+03 5.356338069999999618e+00 7.034432480000000432e+00 7.756508225999999695e+01 1.108680704000000000e+09 2.672926720000000000e+08 5.381400000000000006e+01
5.412429999999999808e+01 1.000000000000000000e+01 2.073071199999999862e+03 5.501996560000000258e+00 1.175384593999999971e+01 7.593247929000000340e+01 1.108680704000000000e+09 2.696847360000000000e+08 5.382439999999999714e+01
5.397970000000000113e+01 1.000000000000000000e+01 2.045657799999999952e+03 5.556551889999999716e+00 7.210772559999999665e+00 7.701077340000000504e+01 1.108680704000000000e+09 2.756157440000000000e+08 5.429639999999999844e+01
5.368059999999999832e+01 1.000000000000000000e+01 2.024072699999999941e+03 5.358254500000000142e+00 7.652215739999999933e+00 7.638211257000000387e+01 1.108680704000000000e+09 2.772459520000000000e+08 5.363069999999999737e+01
5.396399999999999864e+01 1.000000000000000000e+01 2.088109100000000126e+03 5.875300059999999824e+00 7.146535540000000353e+00 7.644595028000000525e+01 1.108680704000000000e+09 2.710200320000000000e+08 5.394729999999999848e+01
5.316310000000000002e+01 1.000000000000000000e+01 2.149702400000000125e+03 5.409789439999999949e+00 7.771196279999999845e+00 7.636469601999999668e+01 1.108680704000000000e+09 2.717409280000000000e+08 5.302980000000000160e+01
5.208070000000000022e+01 1.000000000000000000e+01 2.206858600000000024e+03 5.788966929999999955e+00 8.454537489999999877e+00 7.677465773999999499e+01 1.108680704000000000e+09 2.783518720000000000e+08 5.208070000000000022e+01
5.289650000000000318e+01 1.000000000000000000e+01 2.153473100000000159e+03 5.539034049999999709e+00 1.017722030000000011e+01 7.629991277000000593e+01 1.108680704000000000e+09 2.876211200000000000e+08 5.256320000000000192e+01
5.352620000000000289e+01 1.000000000000000000e+01 2.131567300000000159e+03 5.589637549999999955e+00 7.763659439999999634e+00 7.681807847000000322e+01 1.108680704000000000e+09 2.792693760000000000e+08 5.364280000000000115e+01
5.536390000000000100e+01 1.000000000000000000e+01 2.088298699999999826e+03 4.876066380000000144e+00 1.274830700999999955e+01 7.649006167999999661e+01 1.108688896000000000e+09 2.811330560000000000e+08 5.568050000000000210e+01
5.166270000000000095e+01 9.000000000000000000e+00 2.252307600000000093e+03 4.691263140000000220e+00 1.288017611999999978e+01 7.618257130000000643e+01 1.108688896000000000e+09 2.721382400000000000e+08 5.166270000000000095e+01
5.251319999999999766e+01 8.000000000000000000e+00 2.164070999999999913e+03 6.909396010000000032e+00 7.678763929999999682e+00 7.636108844999999690e+01 1.108692992000000000e+09 2.775982080000000000e+08 5.237980000000000302e+01
5.292889999999999873e+01 8.000000000000000000e+00 2.201401299999999992e+03 5.248979770000000045e+00 1.038796733999999944e+01 7.639825912999999957e+01 1.108692992000000000e+09 2.769100800000000000e+08 5.344550000000000267e+01
5.167990000000000350e+01 8.000000000000000000e+00 2.351741399999999885e+03 6.274037629999999588e+00 8.084092099999999448e+00 7.707721354000000247e+01 1.108692992000000000e+09 2.690949120000000000e+08 5.167990000000000350e+01
5.026080000000000325e+01 8.000000000000000000e+00 2.381193400000000111e+03 6.922778349999999747e+00 1.777320192000000176e+01 7.693849475999999754e+01 1.108692992000000000e+09 2.803916800000000000e+08 5.032750000000000057e+01
5.226409999999999911e+01 8.000000000000000000e+00 2.319933700000000044e+03 7.885220109999999671e+00 9.758511370000000795e+00 7.638394943999999498e+01 1.108692992000000000e+09 2.864168960000000000e+08 5.181410000000000338e+01
5.417969999999999686e+01 8.000000000000000000e+00 2.213054099999999835e+03 8.266043990000000008e+00 8.332828689999999483e+00 7.788134574000000043e+01 1.108692992000000000e+09 2.713026560000000000e+08 5.417969999999999686e+01
5.372710000000000008e+01 8.000000000000000000e+00 2.182811999999999898e+03 7.934874930000000326e+00 6.228487000000000329e+00 7.833599313000000564e+01 1.108692992000000000e+09 2.729533440000000000e+08 5.354379999999999740e+01
6.641330000000000666e+01 8.000000000000000000e+00 1.674253500000000031e+03 7.645734550000000240e+00 1.932843228000000124e+01 7.658677754999999365e+01 1.108692992000000000e+09 2.838937600000000000e+08 6.632999999999999829e+01
5.804610000000000269e+01 8.000000000000000000e+00 2.010191499999999905e+03 8.073846749999999517e+00 7.423389470000000046e+00 7.714820923000000619e+01 1.108692992000000000e+09 2.760744960000000000e+08 5.771280000000000143e+01
5.718050000000000210e+01 8.000000000000000000e+00 2.095341300000000047e+03 6.102225419999999900e+00 8.431144400000000871e+00 7.644244071999999335e+01 1.108692992000000000e+09 2.914508800000000000e+08 5.753050000000000352e+01
5.367980000000000018e+01 8.000000000000000000e+00 2.266687600000000202e+03 7.467308740000000000e+00 1.582556579999999968e+01 7.759217963999999768e+01 1.108692992000000000e+09 2.810183680000000000e+08 5.351310000000000144e+01
5.297979999999999734e+01 8.000000000000000000e+00 2.391290700000000015e+03 7.473545419999999773e+00 9.782030510000000234e+00 7.625189917999999523e+01 1.108692992000000000e+09 2.892103680000000000e+08 5.319650000000000034e+01
5.408059999999999690e+01 8.000000000000000000e+00 2.316989099999999780e+03 7.606702639999999960e+00 8.267766619999999733e+00 7.520118562999999767e+01 1.108697088000000000e+09 2.817351680000000000e+08 5.369729999999999848e+01
5.409459999999999980e+01 8.000000000000000000e+00 2.255045999999999822e+03 6.658660359999999834e+00 8.946525469999999203e+00 7.679315237000000138e+01 1.108697088000000000e+09 2.799001600000000000e+08 5.432789999999999964e+01
6.314260000000000161e+01 8.000000000000000000e+00 1.860724600000000009e+03 7.916663709999999909e+00 1.081962696999999984e+01 7.645362473000000136e+01 1.108697088000000000e+09 2.909265920000000000e+08 6.402589999999999293e+01
7.044530000000000314e+01 8.000000000000000000e+00 1.584513300000000072e+03 8.755157179999999428e+00 1.041034467999999968e+01 7.716076031000000057e+01 1.108697088000000000e+09 2.781184000000000000e+08 7.064530000000000598e+01
7.251179999999999382e+01 8.000000000000000000e+00 1.526111000000000104e+03 1.129722905999999938e+01 1.722730264000000133e+01 7.597319423999999799e+01 1.108697088000000000e+09 2.818007040000000000e+08 7.329510000000000502e+01
7.693200000000000216e+01 9.000000000000000000e+00 1.399906999999999925e+03 9.408829210000000387e+00 1.642298283999999953e+01 7.698119846999999538e+01 1.108774912000000000e+09 2.853027840000000000e+08 7.723189999999999600e+01
7.796280000000000143e+01 9.000000000000000000e+00 1.401193299999999908e+03 9.208582260000000019e+00 1.905936417999999932e+01 7.813948489999999936e+01 1.108774912000000000e+09 2.779095040000000000e+08 7.856270000000000664e+01
