1.000000000000000000e+00 1.000000000000000000e+00 4.005177595002336943e+00 2.039039718526487377e+01 1.000000000000000000e+00 2.067170948654606821e+00 1.000000000000000000e+00 1.000000000000000000e+00 1.000000000000000000e+00
1.108337838334322090e+00 1.000000000000000000e+00 3.805927574063283192e+00 1.000000000000000000e+00 7.728740722232670279e+00 1.000000000000000000e+00 1.196749385554586542e+00 1.044114370590419671e+00 1.108241259786365118e+00
1.129771583328522011e+00 1.000000000000000000e+00 4.023089039522898425e+00 2.197443139570323467e+01 9.139785565830553793e+00 4.070271753254573355e+00 1.291984460477285435e+00 1.052937244708503473e+00 1.129655897513882845e+00
2.082469072949524325e+00 1.000000000000000000e+00 3.482845030879393011e+00 2.856312882866381742e+01 1.496197408178981725e+00 1.926754793810485200e+00 1.385411876635217610e+01 1.145577422948384605e+00 2.059959674670554186e+00
2.688719302573361336e+00 1.000000000000000000e+00 4.815615490535313015e+00 2.479779656330216042e+01 2.078867884834762148e+00 5.629553919331395484e+00 2.862497423293427445e+01 1.232335685109543277e+00 2.665669458151326943e+00
4.485516640511417741e+00 1.000000000000000000e+00 4.381415182819835330e+00 3.010677454860531910e+01 8.429088585452007010e+00 8.355395127578042036e+00 6.881993181637992052e+01 1.204396583735610760e+00 4.525628084048684663e+00
4.918608190879078634e+00 1.000000000000000000e+00 3.926931305849135523e+00 6.222926729559127068e+01 2.250566566451346340e+00 7.175973896608686786e+00 8.359183382224688330e+01 1.301448199034533904e+00 4.915114919323121612e+00
4.875221094951424305e+00 1.000000000000000000e+00 3.492938189064137333e+00 3.808725248108265760e+01 2.722918845935893728e+00 1.422126403351272472e+01 9.249735986680408928e+01 1.322034905310063069e+00 4.850092292041384923e+00
6.541987046591331456e+00 1.000000000000000000e+00 3.826968024472704233e+00 5.031116975148189141e+01 2.640237297727294319e+00 7.982097257304217486e+00 9.249317370966463159e+01 1.513197177868548016e+00 6.493827969732405947e+00
6.477426008639104005e+00 1.000000000000000000e+00 4.195666399452582240e+00 4.345224775957962038e+01 3.493824886124074602e+00 7.491607630375714422e+00 9.249317370966463159e+01 1.472023765317489907e+00 6.429194699500258459e+00
6.087721554199098328e+00 1.000000000000000000e+00 4.781784171458587807e+00 6.692562234363204254e+01 5.382769133551239982e+00 1.073390290543397896e+01 9.249317370966463159e+01 1.567604901596732159e+00 6.169623333106098784e+00
6.975078596958993238e+00 1.000000000000000000e+00 4.888588981927150634e+00 6.405170088919919635e+01 3.378260263987904022e+00 1.440283445032146048e+01 9.259468802029653034e+01 1.545547716301522545e+00 6.969752070016098422e+00
7.862955245658142189e+00 1.000000000000000000e+00 5.366595372086679916e+00 7.694562834992143507e+01 5.722945922118559459e+00 1.536988992408942067e+01 9.259468802029653034e+01 1.583780170813219534e+00 7.856837214668143332e+00
7.819438248245673684e+00 1.000000000000000000e+00 5.280454685643607426e+00 9.609585405575030848e+01 9.268002657265578037e+00 1.648118812152750223e+01 9.259468802029653034e+01 1.704359450427033185e+00 7.835033219891030853e+00
8.468945672312351292e+00 2.300000000000000000e+01 8.498831748108448991e+00 4.779556019139457490e+00 6.882870965360208260e+00 1.623147624651356580e+01 9.318493617696027798e+01 1.816115855922762812e+00 8.570398900885688676e+00
9.161840192306684116e+00 1.200000000000000000e+01 6.649492014905958648e+00 3.559243978963013433e+01 9.100779567845266982e+00 1.944152741386905348e+01 9.319016887338460720e+01 1.782294838470107834e+00 9.176238470049661089e+00
1.195433241133895663e+01 1.200000000000000000e+01 2.141896872049072531e+00 5.014188083412191332e+01 6.643353817912462489e+00 1.370325637601866475e+01 9.319016887338460720e+01 1.801411065725956107e+00 1.194456709264338024e+01
1.273400112318859634e+01 1.200000000000000000e+01 2.179952349075757745e+00 4.549698249368269387e+01 7.645930974407434633e+00 1.670138504849959560e+01 9.319016887338460720e+01 1.949929446713702053e+00 1.270186655409834486e+01
1.349171648410478141e+01 2.300000000000000000e+01 4.165323499103305238e+00 2.237990789647394507e+01 9.571843617463473564e+00 2.306218017579944757e+01 9.320063426623325142e+01 1.914637950241366404e+00 1.350225486237473760e+01
1.541815550388654721e+01 1.200000000000000000e+01 3.096455087468442446e+00 4.957748888968323797e+01 1.236728163138808334e+01 1.848035125484153340e+01 9.320063426623325142e+01 2.226379502413665001e+00 1.544852096759815119e+01
1.494193666056085945e+01 1.200000000000000000e+01 4.723999043786733409e+00 4.178973985715878570e+01 9.568657532531076981e+00 1.581288736883560020e+01 9.320063426623325142e+01 2.141091719272186999e+00 1.497272665299765571e+01
1.554831679166951020e+01 1.200000000000000000e+01 4.032886210664100801e+00 5.273507192856246917e+01 8.899616179201316868e+00 2.563888268685780858e+01 9.320063426623325142e+01 2.341076865948755970e+00 1.568680748194799079e+01
1.704179416256842572e+01 1.200000000000000000e+01 4.123487844691966941e+00 5.982204074460343435e+01 1.028884445248663049e+01 2.807617668836035563e+01 9.320063426623325142e+01 2.519004827330115326e+00 1.702749358937382951e+01
1.725859974072188407e+01 1.200000000000000000e+01 4.033533153773555036e+00 5.596902767763296538e+01 8.803059487869033362e+00 2.432842204180035495e+01 9.320325061444542314e+01 2.480772372818417892e+00 1.726578010372366734e+01
1.955343937143426913e+01 1.200000000000000000e+01 3.190756559540570692e+00 8.425826219676929441e+01 1.708036246782148737e+01 2.786470158170182287e+01 9.320325061444542314e+01 2.448421834385444029e+00 1.951535535057866255e+01
1.961839011384093467e+01 2.300000000000000000e+01 2.425211441740076079e+00 3.407411508320487314e+01 2.185708600863924644e+01 2.324926868574972616e+01 9.330162530722270731e+01 2.595469736353509305e+00 1.953689977398937927e+01
2.256221756268074685e+01 2.300000000000000000e+01 1.906198160891125148e+00 6.272014737794478378e+01 1.859449768676080339e+01 3.576214521396775581e+01 9.330162530722270731e+01 2.816041589305607218e+00 2.256466997729405932e+01
2.464012171375485849e+01 2.300000000000000000e+01 1.745688615565236468e+00 4.341962128465672777e+01 2.898885081392635854e+01 3.548728365903920690e+01 9.330162530722270731e+01 2.788102487931674922e+00 2.461904755662064304e+01
2.386162211526853838e+01 2.300000000000000000e+01 2.653836062557395348e+00 4.782544006939137660e+01 1.792210020133875403e+01 2.721033377630901384e+01 9.330162530722270731e+01 3.038083921277385802e+00 2.381969753380982269e+01
2.522558770580856446e+01 2.300000000000000000e+01 3.434438464101448485e+00 4.573338636046143080e+01 1.842812886971615782e+01 3.568408596910580854e+01 9.339581384286054799e+01 3.349825473449684399e+00 2.518231742169596998e+01
2.552864786987807477e+01 2.300000000000000000e+01 3.182012256597105182e+00 5.835951288489608402e+01 2.198359946052947578e+01 3.616193932545493794e+01 9.339581384286054799e+01 3.349825473449684399e+00 2.557167447128721349e+01
2.682753281652661670e+01 2.300000000000000000e+01 3.242947532089501372e+00 4.803660628393365783e+01 1.556884627150072120e+01 2.773647558566801763e+01 9.339633711250297665e+01 3.398351281099146082e+00 2.680450867597627607e+01
2.778010040466280728e+01 2.300000000000000000e+01 3.061837288533167278e+00 6.150260692055073974e+01 2.145717274625443238e+01 4.839149342802895148e+01 9.339633711250297665e+01 3.629216487189008244e+00 2.782111993245900905e+01
3.026979226259519251e+01 2.300000000000000000e+01 2.026149024479238836e+00 6.765217963219100739e+01 2.408488800393884688e+01 4.056363392269837220e+01 9.339633711250297665e+01 3.658626067582621655e+00 3.022202528592179149e+01
3.039969374740853070e+01 2.300000000000000000e+01 2.005374962409004702e+00 6.094295427797954545e+01 2.628498207149334220e+01 3.921739617102166875e+01 9.710527233806389802e+01 3.755677682881544577e+00 3.033026654570815595e+01
3.260788908775042216e+01 2.300000000000000000e+01 1.464716571904542519e+00 6.761716987711203330e+01 1.613992273045534986e+01 4.524860985430813543e+01 9.710527233806389802e+01 3.995365763089491207e+00 3.264460484847849386e+01
3.334404080218759248e+01 2.300000000000000000e+01 1.531174119952145141e+00 7.853097205604026954e+01 2.540666064338890706e+01 4.521715972240704673e+01 9.711521446127011359e+01 4.142413665057556926e+00 3.331520747355780543e+01
3.446911756215589406e+01 3.400000000000000000e+01 1.739282610265744378e+00 6.686280590225054254e+01 2.114966008567714795e+01 4.606618512330321380e+01 9.730725442004280978e+01 4.240935759376160519e+00 3.443928127572771558e+01
3.475061407974638428e+01 3.400000000000000000e+01 1.977006718478778735e+00 5.710089454615982874e+01 2.347071010830914517e+01 4.978865196291444306e+01 9.740144295568065047e+01 4.190939472707018609e+00 3.474207127462651101e+01
3.663275669320680805e+01 3.400000000000000000e+01 1.699688000612646466e+00 5.339113729333750769e+01 2.673003759195142948e+01 4.381715503311519200e+01 9.740144295568065047e+01 4.349751206832529249e+00 3.662253603846899352e+01
3.652571786972061574e+01 3.400000000000000000e+01 1.502712851522520099e+00 4.787935598430753004e+01 3.174805667306550561e+01 6.183249360405126538e+01 9.740144295568065047e+01 4.420334199777199657e+00 3.642915537050535590e+01
3.695932902602753956e+01 3.400000000000000000e+01 1.758175040416326329e+00 5.214280510214886277e+01 2.364072655956361757e+01 5.826283725803594393e+01 9.740144295568065047e+01 4.787953954697362846e+00 3.703551408240210918e+01
3.778134562192632018e+01 3.400000000000000000e+01 1.702089724051663699e+00 5.163135807726747828e+01 5.206722291522974189e+01 4.992441237413869715e+01 9.740144295568065047e+01 4.661492759004827846e+00 3.783512367657931463e+01
3.840786048318103241e+01 3.400000000000000000e+01 1.717282316157984212e+00 6.426914655729187587e+01 2.181411936295209131e+01 6.102120043972914232e+01 9.740144295568065047e+01 4.829127367248421621e+00 3.841773160845101387e+01
3.905931642951991734e+01 3.400000000000000000e+01 1.688516603912145975e+00 5.534993180142402025e+01 3.091799404644492455e+01 5.322260110878270467e+01 9.740144295568065047e+01 4.962940958039361306e+00 3.904706238627365877e+01
4.022842979283993259e+01 3.400000000000000000e+01 1.653488651502249551e+00 6.256034667911655589e+01 3.063395882845551910e+01 5.344920436837270472e+01 9.740144295568065047e+01 5.226156702562198220e+00 4.023667795845808826e+01
3.994628376782536350e+01 3.400000000000000000e+01 3.320191693681001421e+00 5.731806723331965969e+01 3.115053491718551015e+01 5.753003065176218911e+01 9.740144295568065047e+01 5.498195321203119157e+00 3.988989061295549021e+01
4.144080035060278533e+01 3.400000000000000000e+01 2.388783893452864682e+00 5.450492834381172003e+01 3.027249783777241987e+01 5.492306831494168762e+01 9.740144295568065047e+01 5.755529149647233389e+00 4.142629353064253195e+01
4.323694818111677307e+01 3.400000000000000000e+01 1.545525263177541797e+00 6.552589764300951458e+01 2.932273304730312802e+01 6.033556018643206187e+01 9.740144295568065047e+01 5.590835499443000955e+00 4.317762153970392092e+01
4.416860163019802599e+01 3.400000000000000000e+01 1.776932162204145627e+00 6.455136483187501995e+01 2.435001278210425113e+01 5.046957448110652678e+01 9.740144295568065047e+01 5.804054957296695072e+00 4.406522582708875291e+01
4.403792073647580452e+01 3.400000000000000000e+01 1.829512146296016661e+00 6.963865038253224782e+01 2.864877095428401432e+01 7.190477195108627484e+01 9.740144295568065047e+01 5.940809506126996098e+00 4.395620585320321538e+01
4.616025119535607502e+01 3.400000000000000000e+01 1.782268385760554352e+00 6.667523122725336293e+01 3.222315203601722544e+01 5.968621106108071217e+01 9.740144295568065047e+01 6.459888600074267018e+00 4.618488560506347085e+01
4.724272026830560378e+01 3.400000000000000000e+01 1.639179792140215364e+00 7.660669070373219824e+01 3.610785692153557846e+01 6.425128375323137675e+01 9.740144295568065047e+01 6.489298180467879540e+00 4.717995243813548711e+01
4.860577654845193507e+01 3.400000000000000000e+01 1.520920283086621305e+00 8.352202667353900267e+01 3.617447228327215214e+01 6.906617022985906829e+01 9.740144295568065047e+01 6.733397697734868181e+00 4.854166382623925102e+01
4.849756861160242494e+01 4.500000000000000000e+01 2.351337304058605859e+00 4.986145220033137804e+01 3.772789749121679392e+01 6.571259331522807656e+01 9.793517799096170506e+01 6.914266617155588435e+00 4.841200792872537306e+01
5.204881540342938706e+01 4.500000000000000000e+01 1.562316185318982864e+00 6.302885283186665788e+01 3.597487457523919119e+01 7.442157825826433282e+01 9.795663204630143639e+01 7.298061641292239443e+00 5.202498177756569220e+01
5.427870429173511013e+01 4.500000000000000000e+01 1.358330371683273974e+00 6.220660710275831207e+01 3.904542784235641761e+01 6.072899314378800284e+01 9.795663204630143639e+01 8.030360193093203591e+00 5.425288281532677104e+01
5.594469083446613666e+01 4.500000000000000000e+01 1.607052512757019880e+00 6.762569968873030746e+01 4.669866484783838700e+01 7.214915351249059938e+01 9.795663204630143639e+01 8.187701448199034004e+00 5.583081715163687164e+01
5.668175185929700888e+01 4.500000000000000000e+01 1.385438556485283135e+00 7.015584586646247089e+01 3.780062448481686488e+01 6.641533626887745356e+01 9.795663204630143639e+01 8.242109171927218370e+00 5.661056953628492749e+01
5.637869169522748791e+01 4.500000000000000000e+01 1.543110854579515356e+00 7.408247893720209731e+01 4.060364242242788890e+01 6.527450638775947311e+01 9.795663204630143639e+01 8.577378388414407695e+00 5.630764975170293951e+01
5.800142104351567696e+01 4.500000000000000000e+01 1.422403109837204083e+00 7.361232022885552340e+01 4.026981056960991623e+01 7.342077531881207619e+01 9.795663204630143639e+01 8.824418863720758566e+00 5.792893250620086576e+01
5.901880947257372156e+01 4.500000000000000000e+01 1.313107779816562237e+00 6.815602274047735420e+01 4.283877141670191691e+01 5.915112263491412392e+01 9.795663204630143639e+01 9.283208317861120662e+00 5.903198102769285072e+01
6.096837095665225803e+01 4.500000000000000000e+01 1.134221667473120920e+00 7.252876374956747441e+01 4.699697753807916456e+01 6.477614407430027654e+01 9.797389994450171002e+01 9.562599331600445396e+00 6.095813035202071717e+01
6.354236887822850122e+01 4.500000000000000000e+01 1.071015748518131971e+00 6.907036375152348739e+01 4.494919902413331414e+01 6.592927596450591921e+01 9.797389994450171002e+01 9.803757890828071808e+00 6.355150787366478227e+01
6.334751665100849038e+01 4.500000000000000000e+01 1.000000000000000000e+00 7.292871788769745933e+01 4.399406333908324740e+01 6.134606470305389792e+01 9.797389994450171002e+01 1.005815076123282559e+01 6.324871787476599394e+01
6.523212739268036842e+01 5.600000000000000000e+01 1.910595682680875651e+00 5.611965100331992318e+01 4.421454200037806004e+01 7.585744138576615114e+01 9.813506699437088798e+01 1.082427033048644560e+01 6.547765719799264161e+01
6.631563567750839638e+01 5.600000000000000000e+01 1.495913606293752363e+00 6.887039887441737562e+01 4.561653811750761633e+01 7.413002268520152427e+01 9.813506699437088798e+01 1.106984032677311625e+01 6.627908379173462095e+01
6.876207034099795123e+01 5.600000000000000000e+01 1.372575805250263237e+00 6.948732200478448817e+01 4.960794407024051367e+01 7.640405018420611327e+01 9.813506699437088798e+01 1.152274786483475744e+01 6.870166335429131266e+01
6.947639860598648909e+01 5.600000000000000000e+01 1.752466718862323303e+00 7.328986075849820736e+01 5.348781170677242613e+01 7.365591829228132781e+01 9.813506699437088798e+01 1.171685109543260417e+01 6.945870324437989041e+01
6.967125083320648571e+01 5.600000000000000000e+01 1.923027138509592948e+00 6.510463998961670029e+01 5.233802853571386748e+01 9.091930555088225674e+01 9.813506699437088798e+01 1.243150389899740027e+01 6.969660040168012927e+01
7.044949062872316858e+01 5.600000000000000000e+01 2.158100048489767886e+00 6.902877341142205125e+01 4.986028746414780954e+01 8.799763780536325442e+01 9.813506699437088798e+01 1.260207946528035627e+01 7.043079801152600794e+01
7.051444137112984833e+01 5.600000000000000000e+01 2.660584567150127810e+00 6.951284076592641270e+01 4.849794304390966460e+01 8.504848183882816670e+01 9.813506699437088798e+01 1.291529149647233510e+01 7.047401664403062682e+01
7.185788252706936419e+01 5.600000000000000000e+01 2.386462509354236872e+00 6.684629442155535628e+01 5.217053933883901351e+01 8.817779678126569820e+01 9.813506699437088798e+01 1.323291496472335638e+01 7.175136733805629774e+01
7.298360879446171623e+01 5.600000000000000000e+01 2.832942050990324034e+00 7.453098928618071284e+01 5.617928555434559712e+01 8.825468486669322488e+01 9.813506699437088798e+01 1.382845896769402039e+01 7.276797859453903072e+01
7.237748846632270272e+01 5.600000000000000000e+01 3.689443987270934144e+00 6.775856418729534880e+01 4.582356430097520672e+01 9.418579707732951078e+01 9.813506699437088798e+01 1.424019309320460636e+01 7.229218427993853879e+01
7.352477838019407841e+01 5.600000000000000000e+01 2.948626472765113249e+00 6.427801258943456730e+01 5.101091417744273571e+01 8.200605647245194518e+01 9.815599778006817644e+01 1.444017823988117399e+01 7.343858121961835650e+01
7.514854694036077376e+01 5.600000000000000000e+01 3.989181609492120639e+00 6.587995212874456286e+01 5.651959166663937850e+01 8.974255178463695870e+01 9.815599778006817644e+01 1.526511696992201905e+01 7.497420542320620029e+01
7.573180460717264850e+01 5.600000000000000000e+01 4.088083565898140925e+00 8.027761736051000696e+01 5.900286126364206041e+01 8.990146415890849596e+01 9.815599778006817644e+01 1.855604901596732503e+01 7.538393882505937427e+01
7.467219819555027982e+01 6.700000000000000000e+01 4.759136934241373851e+00 5.776132155944208080e+01 5.394389096357603108e+01 8.854724040057571699e+01 9.874572266708950963e+01 1.580184181210545802e+01 7.464987100089669525e+01
7.705368211663315492e+01 6.700000000000000000e+01 4.013287639995358091e+00 5.467998663488172184e+01 5.273682351320042727e+01 9.099284503885345998e+01 9.883729485451519281e+01 1.609887857408094902e+01 7.694253509457311679e+01
7.508229718310597889e+01 6.700000000000000000e+01 5.660958715274430730e+00 5.917887932927754235e+01 5.462498875251470309e+01 9.033361350634520193e+01 9.883729485451519281e+01 1.641650204233197385e+01 7.495136314296351543e+01
7.445448330700311601e+01 6.700000000000000000e+01 6.213727204246051627e+00 6.020734173411131707e+01 6.323724697977352349e+01 9.994466541789233816e+01 9.883729485451519281e+01 2.035591533605644443e+01 7.458368030246617764e+01
7.813472227324973574e+01 6.700000000000000000e+01 5.634882256738477757e+00 6.686945636801291926e+01 5.472585431011695789e+01 8.936516927116807096e+01 9.883729485451519281e+01 2.092499071667285548e+01 7.787128144353141579e+01
8.252941940596969062e+01 6.700000000000000000e+01 4.692780867465843997e+00 7.006456903171519457e+01 4.131577959188356175e+01 9.260535584293974409e+01 9.883834139380005013e+01 2.247634608243594556e+01 8.252163225816600800e+01
7.958663116900838475e+01 6.700000000000000000e+01 5.947770160465552181e+00 6.633786495605637867e+01 6.022554847559906932e+01 9.188667424410699880e+01 9.883834139380005013e+01 2.183521722985518210e+01 7.951657454942080960e+01
7.939035002545543307e+01 6.700000000000000000e+01 6.651432844234319575e+00 6.791023423725646069e+01 5.791088114858756342e+01 9.186212454584156717e+01 9.883886466344247879e+01 2.203226141849238928e+01 7.919068269891293710e+01
7.690208708385598868e+01 6.700000000000000000e+01 7.628777833620001836e+00 6.017766115364182156e+01 7.073808580957427239e+01 1.000000000000000000e+02 9.883886466344247879e+01 2.272779799480133534e+01 7.711566919595802005e+01
7.969341018952493982e+01 6.700000000000000000e+01 6.527164798196845474e+00 7.397476674716136813e+01 5.446053914862291379e+01 8.524908075345049951e+01 9.883886466344247879e+01 2.256016338655774334e+01 7.986128532399224866e+01
8.012650173989260338e+01 6.700000000000000000e+01 7.057108457725126627e+00 6.496478850740001576e+01 6.817542876603096147e+01 9.506232824716427388e+01 9.883886466344247879e+01 2.316453026364649048e+01 8.003428963969396648e+01
9.231632717329119941e+01 6.700000000000000000e+01 3.771935576305780025e+00 8.612169903314192254e+01 1.000000000000000000e+02 9.003682067136750788e+01 9.883886466344247879e+01 2.404387671741552168e+01 9.234303404842185614e+01
9.381006434715973796e+01 7.800000000000000000e+01 3.312212728664406747e+00 7.690982938852894790e+01 6.940081041815702179e+01 8.381717310302518342e+01 9.925695710774597558e+01 2.411445971036019387e+01 9.372732814540191271e+01
9.497748899117719645e+01 7.800000000000000000e+01 3.525336085172856571e+00 6.698403302738684317e+01 6.270709471003901569e+01 8.878983729571594097e+01 9.925748037738840424e+01 2.494233939844040293e+01 9.508839060508968544e+01
9.710072876045116175e+01 7.800000000000000000e+01 3.266592668482082296e+00 6.752063910106251399e+01 7.365616538126798218e+01 8.686617754784248291e+01 9.925748037738840424e+01 2.506585963609357748e+01 9.703673328124426689e+01
9.569194715765054582e+01 7.800000000000000000e+01 3.911138282883060757e+00 7.889873545787511944e+01 7.460322392841501937e+01 9.014650354177111069e+01 9.925748037738840424e+01 2.563934645376903276e+01 9.556431470537339123e+01
9.679273233995876069e+01 8.900000000000000000e+01 3.463018127348489461e+00 7.389720804682423250e+01 7.522237483484120446e+01 9.436309829476219591e+01 9.938515817014192066e+01 2.236311919792053615e+01 9.666411858478544161e+01
8.698906728109631104e+01 8.900000000000000000e+01 8.328554630345710308e+00 3.927485127166836065e+01 6.591269097006056654e+01 9.344479511420328777e+01 9.938568143978434932e+01 2.973316004455996975e+01 8.619872023450568577e+01
7.259260532517359366e+01 8.900000000000000000e+01 1.573149926150592215e+01 4.409654699194558702e+01 6.026862426213163815e+01 9.245751732947694279e+01 9.938568143978434932e+01 2.805828444114370512e+01 7.296148904818588221e+01
7.711720394270687962e+01 8.900000000000000000e+01 1.409233569953548049e+01 3.697751144075218832e+01 4.708929960548622518e+01 8.823036204075980038e+01 9.938620470942679219e+01 2.976551058299294183e+01 7.694123723774114865e+01
7.573310362202079205e+01 8.900000000000000000e+01 1.489458321073504621e+01 4.792399421500612533e+01 3.730269722489565964e+01 8.213797975515254279e+01 9.938620470942679219e+01 2.863912365391756509e+01 7.564480804828551186e+01
8.094916784321546288e+01 8.900000000000000000e+01 1.324888679187502483e+01 4.964696134763764235e+01 6.108746290756906916e+01 9.414531465195302928e+01 9.938620470942679219e+01 2.877440772372818500e+01 8.098600805457814999e+01
8.259579906470931121e+01 8.900000000000000000e+01 1.287137223138396536e+01 5.454862729806886534e+01 3.931388902959616871e+01 9.269299005174661943e+01 9.938620470942679219e+01 3.080808020794652791e+01 8.267451979297216269e+01
8.185834833542399736e+01 8.900000000000000000e+01 1.321579966879349044e+01 4.474210943019694753e+01 6.131218917114806999e+01 9.382944687712149801e+01 9.938620470942679219e+01 2.950376531748978692e+01 8.239184657496892328e+01
7.739999947514550627e+01 8.900000000000000000e+01 1.589033013745630107e+01 3.930805195811780806e+01 7.492958648017314260e+01 9.372923151703618316e+01 9.938620470942679219e+01 3.248442629038247276e+01 7.767803056125096361e+01
8.120689238908511243e+01 8.900000000000000000e+01 1.477818842005575917e+01 4.413289141959570827e+01 3.103694607136504402e+01 9.559654631700547611e+01 9.938620470942679219e+01 3.067279613813590800e+01 8.076770853544066142e+01
7.913197597216171175e+01 8.900000000000000000e+01 1.575431563417658865e+01 4.231938333110056050e+01 8.900907749346082198e+01 9.286048914924742803e+01 9.938620470942679219e+01 3.087425176383215586e+01 7.979769033922568156e+01
7.941204357341925402e+01 8.900000000000000000e+01 1.586471880141733948e+01 5.354789505764941282e+01 5.702148846494929302e+01 7.228360784770380576e+01 9.938620470942679219e+01 3.245942814704790180e+01 7.949360248349492508e+01
7.878552871216454889e+01 8.900000000000000000e+01 1.710512016155682247e+01 4.232141284620600175e+01 6.524719531461732913e+01 9.334623397781651022e+01 9.940922857369380949e+01 3.343876717415521682e+01 7.875953465933223185e+01
7.601317122327833431e+01 8.900000000000000000e+01 1.884000593340838492e+01 4.682976798751320757e+01 4.812218823028671721e+01 9.285647527794544942e+01 9.940922857369380949e+01 3.189770516152989188e+01 7.555694314076109208e+01
7.426093009463124872e+01 8.900000000000000000e+01 2.009615380426424025e+01 3.682478961131444350e+01 5.363258494327809700e+01 9.333424181011385201e+01 9.940922857369380949e+01 3.372698106201262647e+01 7.417394690061298945e+01
7.547200163754598634e+01 8.900000000000000000e+01 2.002678712641726477e+01 5.291857042530906341e+01 5.524710792204558629e+01 9.415214629927976375e+01 9.940922857369380949e+01 3.398137393241737669e+01 7.542715745756400736e+01
7.555851602643167553e+01 8.900000000000000000e+01 2.040070755852247331e+01 4.575951957650632096e+01 6.558550858456433730e+01 9.348871394111546351e+01 9.940922857369380949e+01 3.375492016338655787e+01 7.572994745646279569e+01
8.092890321158456857e+01 8.900000000000000000e+01 1.749832626374188393e+01 5.268596955760482814e+01 4.949400848763308858e+01 9.247878561781290330e+01 9.940922857369380949e+01 3.278734496843668467e+01 8.094408727890549926e+01
7.997633562344839220e+01 8.900000000000000000e+01 1.849075813557547932e+01 6.323501300827044247e+01 5.801749019208367031e+01 9.376513198774227931e+01 9.940922857369380949e+01 3.423576680282213403e+01 7.999236886402130153e+01
8.341846516803214229e+01 8.900000000000000000e+01 1.677940333368541559e+01 4.647942243443824850e+01 6.806226335194548938e+01 9.181727756147508046e+01 9.940922857369380949e+01 3.178594875603415915e+01 8.351812673375319207e+01
8.324530648877598082e+01 8.900000000000000000e+01 1.764938113721980883e+01 4.931306383742307275e+01 6.441803499051974313e+01 9.488508499847475264e+01 9.940922857369380949e+01 3.476808020794653231e+01 8.336666684146217676e+01
7.650978459971972256e+01 8.900000000000000000e+01 2.113876816513702295e+01 5.793812339975283265e+01 5.491853102720808977e+01 9.294766675105464060e+01 9.940922857369380949e+01 3.674440401039732507e+01 7.693993938090918050e+01
8.069300211516355148e+01 8.900000000000000000e+01 1.906764534020934576e+01 4.354185429596100931e+01 5.472197005078770360e+01 9.346946630701208392e+01 9.940922857369380949e+01 3.793696249535833687e+01 8.088140079392131554e+01
7.780996856121639382e+01 8.900000000000000000e+01 2.133825920409725185e+01 4.920072068544212129e+01 4.848887576962911794e+01 9.477038432478111929e+01 9.940975184333623815e+01 3.497247679168213352e+01 7.819574565152412049e+01
7.832554755444051864e+01 8.900000000000000000e+01 2.184610954501837199e+01 6.197176935752614924e+01 6.052710907681295538e+01 9.342234470703975546e+01 9.940975184333623815e+01 3.750905310063126308e+01 7.842961945264526946e+01
7.958520225267542969e+01 8.900000000000000000e+01 2.129889292730631212e+01 5.685525403151294199e+01 5.995391295548425603e+01 9.345639469065574190e+01 9.940975184333623815e+01 3.559595989602673427e+01 7.914746406640831822e+01
8.070962950521968082e+01 8.900000000000000000e+01 2.075296596742681743e+01 3.123063457116455766e+01 6.426908042311401914e+01 9.213781144622308261e+01 9.942963608974866929e+01 3.968977348681767836e+01 8.040054483767612226e+01
7.560320213720746096e+01 8.900000000000000000e+01 2.477997540445903724e+01 4.978486271116401696e+01 6.848114218663191366e+01 9.403988547016079735e+01 9.942963608974866929e+01 3.740464909023393858e+01 7.536356247279744025e+01
8.125222800728498385e+01 8.900000000000000000e+01 2.091428313454294141e+01 6.410372942940850294e+01 6.879565866460723100e+01 9.364911938443233907e+01 9.942963608974866929e+01 3.671499443000371343e+01 8.085622237138107948e+01
9.720737787948291952e+01 8.900000000000000000e+01 1.382639556930032931e+01 6.592738886005228949e+01 6.465724147488691642e+01 9.655843114907563063e+01 9.942963608974866929e+01 3.932362421091719540e+01 9.729461743375686922e+01
9.770529027077243711e+01 8.900000000000000000e+01 1.339960762283238083e+01 7.028857347807463896e+01 8.968340211190046318e+01 9.238150165042600293e+01 9.942963608974866929e+01 3.609886372075752092e+01 9.764075585084349029e+01
9.749043321489116920e+01 8.900000000000000000e+01 1.417352917396508261e+01 7.508591075485703925e+01 6.525912957992596830e+01 9.261132747445087432e+01 9.942963608974866929e+01 3.763845525436316564e+01 9.770720612064037880e+01
9.577859144802103231e+01 8.900000000000000000e+01 1.487045180991379034e+01 6.690203209266798012e+01 4.837853687861781538e+01 9.470209463111322634e+01 9.942963608974866929e+01 3.903835128109914621e+01 9.504517197258506656e+01
9.393840701415531669e+01 8.900000000000000000e+01 1.633145231360429506e+01 6.470157491954122975e+01 7.861939172140954213e+01 9.404653693217038324e+01 9.943015935939109795e+01 3.987946528035647731e+01 9.353109219240792527e+01
9.846469435099118073e+01 8.900000000000000000e+01 1.425540764698116547e+01 6.134935112296290782e+01 6.479539181393957392e+01 9.319050337325042221e+01 9.943015935939109795e+01 3.845457111028592578e+01 9.807501874682091625e+01
1.000000000000000000e+02 8.900000000000000000e+01 1.364214786308245841e+01 6.493754701255687678e+01 8.358031251228769065e+01 9.267227262119163811e+01 9.943068262903354082e+01 3.836340141106572332e+01 9.984685289382744600e+01
9.939556839116355036e+01 8.900000000000000000e+01 1.447653533882422927e+01 5.661801080288255861e+01 9.133519050677170981e+01 9.401035560445080819e+01 9.943068262903354082e+01 4.040148533234311401e+01 1.000000000000000000e+02
7.815771483606168601e+01 8.900000000000000000e+01 2.545022537939837193e+01 3.517384692178529804e+01 7.714850274492988547e+01 9.403480505650226462e+01 9.943068262903354082e+01 4.554080950612699752e+01 7.735356635325825891e+01
7.681414377863737286e+01 8.900000000000000000e+01 2.718539868152080530e+01 3.118143367331974503e+01 7.102241488009268267e+01 9.503380313862017204e+01 9.943068262903354082e+01 4.329097660601559738e+01 7.717913439504138751e+01
7.190113972151220878e+01 8.900000000000000000e+01 3.046994576176238212e+01 3.920998152599339193e+01 5.881336848545547014e+01 9.812097787340326249e+01 9.943068262903354082e+01 4.483056813962124210e+01 7.153514438984996104e+01
6.925998273228746882e+01 8.900000000000000000e+01 3.345406176442362067e+01 4.461241147080446723e+01 4.356735053188858586e+01 9.254254179732829755e+01 9.943120589867596948e+01 4.228958039361307186e+01 6.880977482839446679e+01
6.984324039909934356e+01 8.900000000000000000e+01 3.300395003892464985e+01 3.989975141239643364e+01 2.022499636115892940e+01 9.452103200811700390e+01 9.943120589867596948e+01 4.374241366505755479e+01 6.883015118065642923e+01
6.813412656341029106e+01 8.900000000000000000e+01 3.454496006887059423e+01 3.561702403216817459e+01 6.614923091262086530e+01 9.476834371155960923e+01 9.943120589867596948e+01 4.678777571481619191e+01 6.787973062260419965e+01
6.592489201118989683e+01 8.900000000000000000e+01 3.697918288526889086e+01 4.142948055645081240e+01 7.362137924049240212e+01 9.464088697467251166e+01 9.943120589867596948e+01 4.703481619012254100e+01 6.601834435419168301e+01
6.800305596523362794e+01 8.900000000000000000e+01 3.489302391852933738e+01 2.754499975326727323e+01 7.738215694426628488e+01 9.445639099298385588e+01 9.943120589867596948e+01 4.722597846268102018e+01 6.766220981756589481e+01
6.573107899584839231e+01 7.800000000000000000e+01 3.785465759104047123e+01 5.230478865722381698e+01 4.889855861945935089e+01 9.262640585884390987e+01 9.943120589867596948e+01 4.665690308206460912e+01 6.524079832615797159e+01
6.746071726613796216e+01 7.800000000000000000e+01 3.639303974294487176e+01 5.634470306604808343e+01 5.447311579160407291e+01 9.406570600676485583e+01 9.943120589867596948e+01 4.124554028963980556e+01 6.783404606211882992e+01
7.096896666649170982e+01 7.800000000000000000e+01 3.387291302973832785e+01 6.024653600736810688e+01 5.505495289410785631e+01 9.363077883996155037e+01 9.943539205581542717e+01 4.333067953954697771e+01 7.082015506111724790e+01
7.138153378225885604e+01 7.800000000000000000e+01 3.389797890393990798e+01 5.560175472955842224e+01 7.096749894690186977e+01 9.494812556829631944e+01 9.943643859510028449e+01 4.689512068325287686e+01 7.121068018185727055e+01
7.265755606758025920e+01 7.800000000000000000e+01 3.306653015670186591e+01 5.184876340286209029e+01 4.295742182251601804e+01 9.283411365475998878e+01 9.943643859510028449e+01 4.384681767545487929e+01 7.190152937351533069e+01
6.947639860598648909e+01 7.800000000000000000e+01 3.628365984519749787e+01 4.139727029319715257e+01 4.284272434892267256e+01 9.311308369278710018e+01 9.945422976294300099e+01 4.396739695506870049e+01 6.941535482619205766e+01
6.889197182581128232e+01 7.800000000000000000e+01 3.773852496031403803e+01 5.316884150540970211e+01 3.753880193256776465e+01 9.291828687431026879e+01 9.945422976294300099e+01 4.753919049387300078e+01 6.896110493500226823e+01
6.473304588802753301e+01 7.800000000000000000e+01 4.164595986014207085e+01 5.856652897646156219e+01 4.600170014644317718e+01 9.495252749237036483e+01 9.946050899865217332e+01 4.807885629409580019e+01 6.484923491995238010e+01
6.722377695783842455e+01 7.800000000000000000e+01 3.897762820584826926e+01 4.565285311952359137e+01 5.545764020407609962e+01 9.353861816969399001e+01 9.946050899865217332e+01 4.900525807649461285e+01 6.677538424428024655e+01
6.648879435676458627e+01 7.800000000000000000e+01 3.992813562715746656e+01 5.973912273668530304e+01 3.388348090642550403e+01 9.437666389609562145e+01 9.946050899865217332e+01 4.678336427775715123e+01 6.686311936612148088e+01
6.466926425898418529e+01 7.800000000000000000e+01 4.332954262057532446e+01 5.591416594424863007e+01 5.089975054748676797e+01 9.213747870615301849e+01 9.946050899865217332e+01 4.893761604158930112e+01 6.374722468392596397e+01
6.573107899584839231e+01 7.800000000000000000e+01 4.232591821010954902e+01 4.175290487662676497e+01 6.046063279812003088e+01 9.432145771939569556e+01 9.946050899865217332e+01 5.041397697734868188e+01 6.569504821734776101e+01
6.577329697841273060e+01 7.800000000000000000e+01 4.239185566663778104e+01 4.027376185501295680e+01 6.891543256710151866e+01 9.487044232087392004e+01 9.946050899865217332e+01 5.134920163386557590e+01 6.642937561287682513e+01
6.449714479160653013e+01 7.800000000000000000e+01 4.390459470553923893e+01 4.755677043125354686e+01 4.553237156911634997e+01 9.180265267677144436e+01 9.946050899865217332e+01 4.804062383958410720e+01 6.428907991127377386e+01
6.706724566863836401e+01 7.800000000000000000e+01 4.282526526610837436e+01 5.137553529452748080e+01 6.304668118765734874e+01 9.372889955057033262e+01 9.946050899865217332e+01 4.902290382473078267e+01 6.785156712935044254e+01
6.664038938954173830e+01 7.800000000000000000e+01 4.311501966818956078e+01 2.832281392024819411e+01 5.383652570073905963e+01 9.491162635370774581e+01 9.946050899865217332e+01 5.297555142963238239e+01 6.623586515922998785e+01
6.663922027617842048e+01 7.800000000000000000e+01 4.419592629572385789e+01 3.809844053622215654e+01 3.746596717771161877e+01 9.364100609409462095e+01 9.946050899865217332e+01 4.921553657630894918e+01 6.679705845337416292e+01
6.557961386455603758e+01 7.800000000000000000e+01 4.664482584109544661e+01 3.804829877599000554e+01 5.081975628602101125e+01 9.430614511343047468e+01 9.946050899865217332e+01 5.002724099517266865e+01 6.547869548345822466e+01
6.674742821302793061e+01 7.800000000000000000e+01 4.493122576606081253e+01 5.851170461192679539e+01 2.928713131374925283e+01 9.301239627940439902e+01 9.946050899865217332e+01 5.138449313033791555e+01 6.705662981976831816e+01
6.791654157634793876e+01 7.800000000000000000e+01 4.487180002449047578e+01 4.797527914484565770e+01 5.075157463052262585e+01 9.310243255511301186e+01 9.948614921113137655e+01 5.359462309691793536e+01 6.841924970765447256e+01
6.813412656341029106e+01 7.800000000000000000e+01 4.456767756563855443e+01 5.514980069736642321e+01 3.538513099514307925e+01 9.444493816925262308e+01 9.948614921113137655e+01 5.145948756034162841e+01 6.872320777770202938e+01
6.949692304058697800e+01 7.800000000000000000e+01 4.283897792299698892e+01 3.178185999299096309e+01 5.180096181531289545e+01 9.356931876935601622e+01 9.948614921113137655e+01 5.028604530263646666e+01 6.980354380463452912e+01
6.635785366007273467e+01 7.800000000000000000e+01 4.750026222401931619e+01 5.407965071412510127e+01 3.605038655094559630e+01 9.311147587244859380e+01 9.948614921113137655e+01 5.689437801708131559e+01 6.606156298669630189e+01
6.886910916448412934e+01 7.800000000000000000e+01 4.506144315167345837e+01 6.905724738444936861e+01 5.534756798257426169e+01 9.375030679111827681e+01 9.948614921113137655e+01 5.242706275529149451e+01 6.911139675614448663e+01
8.227104535267596930e+01 7.800000000000000000e+01 3.385034190347516869e+01 6.468832731544637227e+01 8.558449722945248084e+01 9.435596006808155778e+01 9.948614921113137655e+01 5.124920906052728498e+01 8.215537706018382380e+01
8.729225734665064351e+01 7.800000000000000000e+01 3.090510591317620026e+01 7.133339818557020351e+01 7.610642390911004895e+01 9.429674178647593408e+01 9.948614921113137655e+01 5.155506869662086444e+01 8.736666159759622019e+01
8.811635236630642964e+01 8.900000000000000000e+01 3.086924074027171372e+01 6.538301422877593438e+01 7.260489510812718095e+01 9.333083920218932406e+01 9.965987473241892758e+01 5.494746379502413447e+01 8.851461596547439115e+01
8.885094526292584760e+01 8.900000000000000000e+01 2.999448908856363971e+01 5.623502916008784780e+01 4.101198563991497537e+01 9.298885227952330013e+01 9.965987473241892758e+01 5.282703304864463689e+01 8.831838001248041792e+01
8.523708595541886268e+01 8.900000000000000000e+01 3.347205777667090132e+01 5.723170455097199749e+01 5.541847616646776231e+01 9.385852500953839694e+01 9.965987473241892758e+01 5.174329001113999027e+01 8.503220651393034757e+01
8.413292333450550586e+01 8.900000000000000000e+01 3.410053552299395108e+01 6.266556724907398745e+01 5.689688656182670456e+01 9.371572608921793801e+01 9.965987473241892758e+01 5.220207946528035592e+01 8.338834105055610735e+01
8.685176141164861008e+01 8.900000000000000000e+01 3.240362911721501860e+01 3.846877079144748279e+01 8.478517522561338637e+01 9.471190822617442961e+01 9.965987473241892758e+01 6.057057556628295458e+01 8.671033539766858667e+01
7.610111452849696434e+01 8.900000000000000000e+01 4.159826789065495944e+01 5.262197644350946035e+01 5.790123976075877721e+01 9.403858642105477372e+01 9.965987473241892758e+01 5.652822874118083973e+01 7.551502236508844135e+01
7.737843582866649683e+01 8.900000000000000000e+01 4.114854094831259346e+01 4.914602398954989582e+01 5.289825079452383960e+01 9.379700426257490165e+01 9.965987473241892758e+01 5.770314147790568171e+01 7.785103487695268143e+01
7.280915110035742543e+01 8.900000000000000000e+01 4.524445616908113266e+01 4.897267168062785458e+01 3.927793090212995963e+01 9.395609461739151413e+01 9.965987473241892758e+01 5.681056071295952137e+01 7.252878358040682372e+01
7.309181673131122636e+01 8.900000000000000000e+01 4.546988835821454700e+01 3.247873570986426728e+01 7.485662189063148730e+01 9.403669702167218247e+01 9.965987473241892758e+01 6.110730040846639355e+01 7.170814870555167886e+01
7.170511838092888013e+01 8.900000000000000000e+01 4.762899121764158394e+01 3.716906208204531481e+01 4.353413456816333849e+01 9.441873784454827501e+01 9.965987473241892758e+01 5.702083921277386480e+01 7.218277494900340230e+01
7.267678148733263299e+01 8.900000000000000000e+01 4.660955687066438458e+01 5.015667939415594390e+01 7.492631598481160893e+01 9.382686841556338209e+01 9.965987473241892758e+01 6.342183438544373786e+01 7.239653196922898815e+01
7.848116953324689860e+01 8.900000000000000000e+01 4.280438972276606791e+01 4.380764831687179850e+01 3.576126248775121041e+01 9.350587182523570107e+01 9.965987473241892758e+01 5.918685480876345650e+01 7.864999554271390991e+01
7.356686646127361939e+01 8.900000000000000000e+01 4.667815398219814682e+01 4.027973928499677214e+01 3.624893193888902232e+01 9.427296384867756274e+01 9.965987473241892758e+01 6.089702190865206433e+01 7.332917188868320579e+01
7.514854694036077376e+01 8.900000000000000000e+01 4.551806236374399361e+01 3.508629914138632699e+01 6.335881031183108547e+01 9.245855076157272379e+01 9.965987473241892758e+01 6.210428518380987839e+01 7.519055815709573665e+01
7.419078329283205164e+01 8.900000000000000000e+01 4.700724506236592504e+01 4.919911511349204858e+01 3.031011831929508560e+01 9.325125248868089045e+01 9.965987473241892758e+01 5.812369847753434016e+01 7.477446525676589317e+01
7.811315862677072630e+01 8.900000000000000000e+01 4.364832489485520028e+01 4.606059653167216084e+01 8.215532354609922550e+01 9.429753589121169455e+01 9.966039800206135624e+01 6.376151503898996964e+01 7.797952270331778379e+01
7.746495021755217181e+01 8.900000000000000000e+01 4.442956578273603441e+01 4.737705738905528108e+01 7.521471591689122249e+01 9.260023949536498833e+01 9.966039800206135624e+01 6.127199405867062865e+01 7.763468214306314508e+01
7.269834513381164243e+01 8.900000000000000000e+01 4.936707787794971836e+01 4.406266355579913352e+01 3.113445636550533990e+01 9.347346055455359704e+01 9.966039800206135624e+01 6.075732640178239308e+01 7.259121049402460812e+01
7.661929155141736203e+01 8.900000000000000000e+01 4.604558738628791303e+01 4.696026625484032024e+01 6.134411613856846657e+01 9.322374625557972649e+01 9.966039800206135624e+01 6.310421091719271658e+01 7.605441166445550039e+01
7.369806696093507981e+01 8.900000000000000000e+01 4.868792714977248437e+01 4.798537616834824604e+01 6.109881529275245526e+01 9.324266367672019840e+01 9.966039800206135624e+01 6.375122168585220805e+01 7.365480416782467898e+01
7.659772790493835259e+01 8.900000000000000000e+01 4.693300728345953843e+01 5.419157111241009517e+01 6.522687105120132856e+01 9.348257764794527702e+01 9.966039800206135624e+01 6.340712959524694270e+01 7.672501428953481195e+01
7.910066971432169680e+01 8.900000000000000000e+01 4.530518848202937932e+01 3.238127011784601450e+01 7.419888908220171686e+01 9.358580174825803510e+01 9.966039800206135624e+01 5.996032677311548298e+01 7.974460799479807349e+01
8.062441413118212097e+01 8.900000000000000000e+01 4.383316457516015419e+01 4.914093003053725539e+01 8.704033912721372701e+01 9.293982861884592239e+01 9.966039800206135624e+01 6.139257333828444274e+01 8.009918248129250173e+01
7.952025151026877836e+01 8.900000000000000000e+01 4.444716009828137260e+01 5.178050845572771266e+01 8.267422092163025127e+01 9.501738217699011102e+01 9.966039800206135624e+01 6.578489417007054385e+01 7.860677691020927682e+01
8.019275149714739825e+01 8.900000000000000000e+01 4.454097953431115542e+01 4.491085436812355169e+01 5.098252028722121310e+01 9.295036015730704548e+01 9.966039800206135624e+01 6.344830300779799614e+01 8.044661875521107675e+01
7.733504873273884073e+01 8.900000000000000000e+01 4.709626950829034797e+01 4.525640144372577822e+01 7.476044325787374589e+01 9.440992488076375366e+01 9.966039800206135624e+01 6.105730412179725164e+01 7.776446782626021559e+01
7.349204320602112261e+01 8.900000000000000000e+01 5.160832982711838213e+01 5.137449560788812875e+01 5.217486276744088514e+01 9.298954798180176340e+01 9.966039800206135624e+01 6.399090976606015602e+01 7.366518702248043837e+01
7.913054705582875670e+01 8.900000000000000000e+01 4.632674125056106362e+01 5.397997698984778481e+01 7.368062177023097092e+01 9.280453676680663477e+01 9.966039800206135624e+01 6.548638692907537973e+01 7.914746406640831822e+01
7.393487736774977748e+01 8.900000000000000000e+01 5.227089682408465876e+01 4.664688652283165027e+01 8.934035409134521899e+01 9.425896887121315615e+01 9.966092127170379911e+01 7.006987003341997422e+01 7.374007336168516247e+01
7.835256706328171106e+01 8.900000000000000000e+01 4.780557285943174861e+01 4.358144307325295586e+01 4.614916996914573843e+01 9.393395828064946329e+01 9.966092127170379911e+01 6.609075380616413042e+01 7.832695897723637302e+01
8.058102703525447907e+01 8.900000000000000000e+01 4.684270586486154286e+01 4.291935081680728814e+01 4.139288846779673037e+01 9.249693482417234236e+01 9.966092127170379911e+01 6.134257705161529373e+01 8.042364668928520643e+01
7.993164951267259255e+01 8.900000000000000000e+01 4.745429966454375403e+01 3.536512547424011643e+01 4.055195370637011365e+01 9.381367770283681295e+01 9.966092127170379911e+01 6.587312291125140007e+01 7.882299985841561352e+01
8.144837924935309559e+01 8.900000000000000000e+01 4.623421992913652900e+01 4.257650084040012217e+01 7.046386212876534216e+01 9.327326100021836908e+01 9.966092127170379911e+01 6.819942072038618619e+01 8.105219875300865340e+01
7.854741929050170768e+01 8.900000000000000000e+01 4.920759160211721905e+01 4.529155938562195871e+01 5.720042518757595218e+01 9.293597787488795348e+01 9.966092127170379911e+01 6.871997029335312845e+01 7.880275329183687916e+01
8.239821890630821599e+01 8.900000000000000000e+01 4.678471777464555714e+01 3.660232194650297544e+01 7.031367098944960503e+01 9.459306920825922305e+01 9.966092127170379911e+01 6.605252135165243033e+01 8.241209314154765764e+01
7.807120044717601104e+01 8.900000000000000000e+01 5.002121347256142769e+01 6.245300143730149500e+01 8.468096738290812198e+01 9.319742731156105719e+01 9.966092127170379911e+01 6.602017081321946534e+01 7.808893203425292029e+01
9.627806265712830225e+01 8.900000000000000000e+01 3.676146750119922046e+01 5.697908299997047976e+01 7.149440560497883723e+01 9.102190290283969887e+01 9.966092127170379911e+01 5.982504270330486662e+01 9.604179623385543607e+01
9.917915251746453009e+01 8.900000000000000000e+01 3.456910838323719304e+01 7.731421228050071193e+01 9.476874612353397254e+01 9.367839358683974638e+01 9.966092127170379911e+01 6.397032305978461864e+01 9.781544738042674680e+01
9.621155309690389856e+01 1.000000000000000000e+02 3.731495904423434951e+01 5.056593411359695267e+01 6.376856561564952841e+01 9.519480187190970355e+01 9.981737889479109072e+01 7.028455997029335833e+01 9.629968038636803840e+01
9.703421920022672964e+01 1.000000000000000000e+02 3.729957617474289577e+01 5.524638549469717219e+01 7.204133664462645470e+01 9.246599328547479502e+01 9.981737889479109072e+01 6.836999628666913509e+01 9.671058185937000928e+01
8.735863700539026411e+01 1.000000000000000000e+02 4.448468702701602240e+01 5.631746276066435541e+01 5.947358762044785152e+01 9.390024647811986824e+01 9.981737889479109072e+01 6.826118083921276991e+01 8.773590186629191123e+01
8.387312036487882949e+01 1.000000000000000000e+02 4.751055411636186676e+01 4.262719302297075785e+01 5.344316017373628114e+01 9.342805202377444118e+01 9.981737889479109072e+01 6.933904196063868142e+01 8.423181820565393707e+01
8.196239942475948226e+01 1.000000000000000000e+02 4.931319977925261355e+01 5.863405746126588269e+01 6.013227459374056139e+01 9.236663418922455548e+01 9.981790216443351937e+01 7.058453769030820979e+01 8.227945217332025152e+01
6.200641372179562438e+01 8.900000000000000000e+01 7.520856075680769948e+01 4.581224295924987899e+01 5.372357126163050367e+01 9.307534574443519659e+01 9.981842543407594803e+01 7.230499814333457209e+01 6.244949763763837325e+01
8.111752016753354155e+01 8.900000000000000000e+01 5.147625195151775301e+01 5.887004125063231186e+01 6.602736156720978045e+01 9.435421052344921122e+01 9.981842543407594803e+01 7.361519494987003043e+01 8.150008914572178753e+01
7.287410184276409097e+01 8.900000000000000000e+01 5.997357907746604866e+01 3.372805178222198919e+01 4.618464559801493152e+01 9.204988157877525623e+01 9.981842543407594803e+01 7.352990716672854887e+01 7.306960052228905056e+01
7.164016763852221459e+01 8.900000000000000000e+01 6.252020931622850952e+01 4.001050742904804025e+01 4.168251505918148325e+01 9.156581928781932334e+01 9.981842543407594803e+01 7.079628666914221924e+01 7.213955631649876921e+01
7.456256134236781463e+01 8.900000000000000000e+01 5.944484473642994971e+01 4.712843618826745029e+01 5.253961239253051474e+01 9.383799314084987486e+01 9.981842543407594803e+01 7.403869290753806354e+01 7.462663936360442563e+01
7.887087398768689184e+01 8.900000000000000000e+01 5.551311352871354643e+01 4.203724921077015608e+01 8.908646090765226688e+01 9.386978710114823343e+01 9.981842543407594803e+01 7.619735610842926121e+01 7.919068269891293710e+01
7.614307270809166539e+01 8.900000000000000000e+01 5.854788559968363870e+01 4.578929015940392588e+01 3.755588186172376908e+01 9.336287401126934071e+01 9.981842543407594803e+01 7.658556256962495468e+01 7.627076439834502253e+01
7.891413118212975064e+01 8.900000000000000000e+01 5.562377462752081669e+01 5.457067967714714740e+01 6.256748885313879782e+01 9.410190301286340286e+01 9.981842543407594803e+01 7.743402896398069402e+01 7.886634827660343205e+01
7.898038093938454551e+01 8.900000000000000000e+01 5.705668173239294561e+01 6.305648437027217312e+01 8.353527985492294761e+01 9.343634321729680892e+01 9.981842543407594803e+01 7.629881916078723236e+01 7.908399886732493655e+01
7.748664376551599275e+01 8.900000000000000000e+01 5.838652614870414936e+01 5.484316738084525866e+01 5.332938482787567835e+01 9.298307995424700323e+01 9.981842543407594803e+01 7.765754177497214528e+01 7.750502624554926001e+01
7.995321315915161620e+01 8.900000000000000000e+01 5.637331107465208646e+01 3.974460486996679265e+01 4.548049047698975755e+01 9.492561117117006120e+01 9.981842543407594803e+01 8.297920534719642660e+01 7.903935259230514987e+01
7.655434080901069649e+01 8.900000000000000000e+01 6.085461411126986064e+01 4.406473529671335143e+01 4.199666139844698165e+01 9.163426358629133972e+01 9.981842543407594803e+01 7.758842926104715332e+01 7.605441166445550039e+01
7.590496328642882418e+01 8.900000000000000000e+01 6.200806293478969877e+01 4.217533375104451210e+01 6.992388718294382954e+01 9.391410722235809772e+01 9.981842543407594803e+01 7.780900111399925834e+01 7.560029155894891062e+01
7.443408877388743861e+01 8.900000000000000000e+01 6.264813491644688526e+01 5.210795840212965402e+01 4.837738604563036660e+01 9.366500444462977271e+01 9.981842543407594803e+01 7.509449684366877875e+01 7.540691089098527300e+01
7.746495021755217181e+01 8.900000000000000000e+01 6.004529673811601498e+01 4.212034187097723503e+01 5.485235636762116940e+01 9.310578459510811911e+01 9.981842543407594803e+01 7.661644262903824654e+01 7.640184793837407540e+01
7.978148339622838137e+01 8.900000000000000000e+01 5.968264918398337215e+01 4.093899884387549548e+01 7.468313398383526192e+01 9.377722915932490366e+01 9.981842543407594803e+01 7.917213516524323325e+01 7.947322613123299107e+01
7.332875703961076397e+01 8.900000000000000000e+01 6.818728718990713844e+01 4.846579188248705350e+01 9.315436953452400815e+01 9.332244031006558771e+01 9.981842543407594803e+01 8.274686966208689398e+01 7.425921609447348715e+01
7.744338657107314816e+01 8.900000000000000000e+01 6.251012884320277152e+01 5.301531877330762654e+01 4.861583702599929069e+01 9.301341625078666198e+01 9.981842543407594803e+01 8.098229483847011068e+01 7.789425350945731452e+01
8.099242503765830747e+01 8.900000000000000000e+01 6.083900713730259469e+01 3.379768888118201176e+01 4.341115163867691251e+01 9.304122354486490565e+01 9.981842543407594803e+01 8.121021908652060972e+01 8.118068657937378418e+01
7.571011105920881334e+01 8.900000000000000000e+01 6.662422612521739040e+01 3.900599419455302552e+01 6.652039041635053707e+01 9.389914503331944218e+01 9.981842543407594803e+01 8.849938358707760244e+01 7.607608587354941676e+01
7.462764198625929168e+01 8.900000000000000000e+01 6.641091249132379914e+01 4.257825450004582279e+01 5.191989299310523620e+01 9.290195094467779313e+01 9.981842543407594803e+01 8.458643891570739015e+01 7.430243472697812024e+01
7.425963107978311939e+01 8.900000000000000000e+01 6.913116450144100611e+01 2.496310108902878255e+01 7.078484417991322175e+01 9.293733748431128561e+01 9.981842543407594803e+01 8.391295952469364750e+01 7.408621177877176933e+01
7.168459394632837700e+01 7.800000000000000000e+01 7.022929334652306466e+01 5.143417792286575718e+01 7.396364927485278429e+01 9.388382332461119972e+01 9.981842543407594803e+01 8.340711474192350749e+01 7.069153744906894588e+01
7.891140325094866625e+01 7.800000000000000000e+01 6.167936509455121552e+01 5.586786921065653644e+01 5.397258202756015777e+01 9.402183776067552401e+01 9.981842543407594803e+01 8.472613442257706140e+01 7.938263572436142113e+01
7.522142167334106944e+01 7.800000000000000000e+01 6.894593158120677856e+01 6.614012545837066170e+01 6.339194871197800296e+01 9.331820098470596747e+01 9.981842543407594803e+01 8.035587077608614948e+01 7.524169371627537828e+01
8.627616793244072824e+01 7.800000000000000000e+01 5.618721556360524971e+01 7.275800687250018939e+01 6.055851159590127963e+01 9.180338003235603139e+01 9.981842543407594803e+01 8.554960267359821557e+01 8.617860345361013685e+01
8.991327960572931488e+01 7.800000000000000000e+01 5.297181951350749074e+01 8.291412420503687031e+01 9.015843268524918130e+01 9.371472217012333772e+01 9.981842543407594803e+01 7.944417378388415329e+01 9.022337427044713820e+01
9.246779230458355414e+01 8.900000000000000000e+01 5.090584263475109594e+01 7.947438860920652814e+01 8.493817975635661810e+01 9.372214139564484014e+01 9.983255371442162129e+01 8.138079465280355862e+01 9.275406530710701247e+01
9.062760787071783852e+01 1.000000000000000000e+02 5.274177838326751555e+01 4.006586605909775045e+01 6.067860413243676732e+01 9.269175986630993691e+01 9.998377864108459789e+01 8.637454140363907129e+01 9.011513301066078441e+01
9.404661495100484103e+01 1.000000000000000000e+02 4.976047002913358597e+01 5.379827388294757640e+01 6.983750097749943109e+01 9.278424695887974849e+01 9.998796479822405558e+01 8.328800594132937363e+01 9.383388219130671359e+01
9.337710269827690013e+01 1.000000000000000000e+02 5.224024947991917145e+01 4.488223091969801004e+01 5.974610505582099051e+01 9.370620115167947972e+01 9.998796479822405558e+01 8.364680282213144835e+01 9.266749825641456084e+01
8.712052758372740868e+01 1.000000000000000000e+02 5.739192934306637284e+01 4.068589090309999534e+01 9.634712978876885359e+01 9.300754233838242158e+01 9.998796479822405558e+01 8.576282213145191236e+01 8.743311186739312291e+01
9.495592534469818702e+01 1.000000000000000000e+02 5.043141768781840995e+01 5.044875848542866947e+01 7.862521047156616305e+01 9.436369201021712172e+01 9.998796479822405558e+01 8.625984404010397100e+01 9.422323924089796776e+01
8.939367366647596214e+01 1.000000000000000000e+02 5.583729122395854461e+01 4.590370564702880785e+01 6.665230526707468073e+01 9.195746164794549316e+01 9.998796479822405558e+01 8.443350909766060397e+01 8.834148186408948789e+01
8.237938319101027673e+01 1.000000000000000000e+02 6.249078820410054647e+01 6.045814876479437316e+01 5.215911056528301515e+01 9.383463281039614401e+01 9.998796479822405558e+01 8.218367619754920383e+01 8.198237274448214862e+01
8.867778658366968614e+01 1.000000000000000000e+02 5.658645134470587834e+01 3.022795013050081181e+01 4.165814073023614839e+01 9.352790302916378096e+01 9.998796479822405558e+01 8.756562940958039576e+01 8.851305853727602369e+01
6.557961386455603758e+01 1.000000000000000000e+02 8.650837355034153120e+01 3.173081781199115170e+01 2.831441904738148807e+01 9.288953584754602844e+01 9.998796479822405558e+01 9.192854066097288523e+01 6.508946821955018436e+01
7.439083157944459401e+01 1.000000000000000000e+02 7.263752004372578597e+01 3.948842227575755004e+01 4.627378040528386549e+01 9.462437795109499916e+01 9.998796479822405558e+01 8.907728184181210906e+01 7.352501848462759426e+01
6.813750400201543300e+01 1.000000000000000000e+02 8.404691146916479738e+01 3.224407549144792995e+01 5.838777564932381381e+01 9.422949881800306571e+01 9.998796479822405558e+01 9.059775714816190373e+01 6.809919821289045672e+01
6.765673860672127660e+01 1.000000000000000000e+02 8.553350639534892252e+01 3.539536133400731188e+01 3.928991800060065032e+01 9.489727411291939063e+01 9.998796479822405558e+01 9.013602673598217052e+01 6.796499981646468314e+01
6.837236588655794378e+01 1.000000000000000000e+02 8.478226590852412414e+01 3.114481547176381326e+01 3.296871369157181419e+01 9.477580738064376931e+01 9.998796479822405558e+01 9.132711474192350920e+01 6.736058788981587497e+01
6.782288260579753114e+01 1.000000000000000000e+02 8.654445014256282320e+01 3.258860597574752660e+01 5.708298217791216445e+01 9.267082645834908305e+01 9.998796479822405558e+01 9.218587448941700302e+01 6.737408560086838349e+01
6.763504505875745565e+01 1.000000000000000000e+02 8.538530568264799570e+01 3.312936722760243669e+01 3.386973922579629459e+01 9.406111458833622407e+01 9.998796479822405558e+01 9.431512810991459617e+01 6.798667402555858530e+01
6.724650971768076602e+01 1.000000000000000000e+02 8.447260426357163965e+01 3.116381143578589175e+01 3.612533294611930756e+01 9.325055679929583619e+01 9.998796479822405558e+01 9.490037875974749682e+01 6.712269073251563611e+01
6.761465052564174982e+01 1.000000000000000000e+02 8.718031065142905334e+01 3.628885062612031476e+01 3.354151438171950161e+01 9.333286533611847346e+01 9.998796479822405558e+01 9.266525064983289894e+01 6.753359220551759279e+01
6.657426953377175494e+01 1.000000000000000000e+02 8.978471333270434229e+01 3.167463409360261295e+01 3.673327474026966399e+01 9.322810093822252497e+01 9.998796479822405558e+01 9.292405495729668985e+01 6.634280856218438771e+01
6.516821586215220918e+01 1.000000000000000000e+02 9.220149828385174828e+01 3.543310268260400875e+01 4.022486824979884545e+01 9.375668113520151792e+01 9.998796479822405558e+01 9.529740809506127164e+01 6.511101264296088686e+01
6.622795217525940359e+01 1.000000000000000000e+02 8.994415309628715249e+01 3.295572756511310075e+01 4.902707135177993081e+01 9.314457327850361423e+01 9.998796479822405558e+01 9.862510211659858328e+01 6.573722856438681106e+01
6.704594182512897760e+01 1.000000000000000000e+02 8.901789124223029148e+01 3.345731763904795741e+01 3.669476457691165194e+01 9.381266523541549418e+01 9.998796479822405558e+01 9.562679539546974183e+01 6.713839480018248196e+01
6.943314141154364449e+01 1.000000000000000000e+02 8.718832767192266431e+01 2.638428482673101527e+01 6.216427065675489416e+01 9.338973994504785026e+01 9.998901133750891290e+01 9.629586334942442249e+01 6.978303766668938124e+01
6.462522765563247162e+01 8.900000000000000000e+01 9.412325758983602952e+01 2.455248523154490670e+01 6.283806776110835557e+01 9.299328018380589356e+01 9.998901133750891290e+01 9.306669142220570734e+01 6.456850848719710712e+01
6.573003978396988600e+01 7.800000000000000000e+01 9.039227325182172024e+01 4.653897688253012177e+01 3.626098331600369562e+01 9.322344955257308641e+01 9.998953460715135577e+01 9.502683995544002471e+01 6.549920162140335833e+01
6.464757071102036434e+01 7.800000000000000000e+01 9.832770280269831176e+01 4.024120189069497400e+01 3.833204413728994808e+01 9.414677854322575001e+01 9.998953460715135577e+01 9.197412551058299357e+01 6.459083162470699335e+01
6.280413874003431829e+01 7.800000000000000000e+01 9.957304714646494403e+01 4.667162480036230221e+01 8.783942414826211120e+01 9.396792281967894667e+01 9.998953460715135577e+01 9.602970664686223756e+01 6.283561004514968573e+01
6.789484802838411781e+01 7.800000000000000000e+01 9.246346795931710005e+01 5.998629101281301956e+01 3.960298616525050619e+01 9.518357865391209316e+01 9.998953460715135577e+01 9.276671370219087009e+01 6.783521413326759841e+01
6.730691390811897179e+01 7.800000000000000000e+01 9.118471513510741033e+01 5.670368974431703180e+01 2.885066261281075839e+01 9.576977388931649671e+01 9.998953460715135577e+01 9.335931674712216477e+01 6.700990697381736538e+01
8.378647607450834300e+01 7.800000000000000000e+01 6.968089700902316963e+01 5.383768354747785168e+01 9.578601386264321604e+01 9.351443962094830908e+01 9.998953460715135577e+01 9.728696620868919354e+01 8.360456399876244404e+01
7.291735903720693557e+01 7.800000000000000000e+01 8.388565349945737637e+01 5.808120089411222864e+01 3.495612449293414414e+01 9.423831615265146411e+01 9.998953460715135577e+01 9.447982176011882416e+01 7.242067210630364116e+01
7.179293178466269865e+01 7.800000000000000000e+01 8.748611600804282773e+01 3.853817148535127046e+01 4.010533914776821263e+01 9.332834031871898617e+01 9.998953460715135577e+01 1.000000000000000000e+02 7.218407280583537045e+01
6.633616011210891372e+01 7.800000000000000000e+01 1.000000000000000000e+02 5.213091705015101240e+01 4.700781349698700495e+01 9.308266741846409786e+01 9.998953460715135577e+01 9.919564797623468166e+01 6.655916129607392406e+01
6.776611565693410455e+01 7.800000000000000000e+01 9.685824129794887938e+01 5.345079294460020947e+01 3.927054565382791651e+01 9.172794001799482544e+01 9.999005787679378443e+01 9.651202376531747973e+01 6.720912799752488809e+01
6.778430186480797204e+01 7.800000000000000000e+01 9.423904772126920193e+01 4.405364457900162733e+01 4.273872518187876324e+01 9.378052700834416555e+01 9.999005787679378443e+01 9.585324916450055355e+01 6.802755651576568141e+01
8.902410394218203749e+01 7.800000000000000000e+01 6.588633465405629863e+01 6.483446003540259994e+01 5.021824138544585736e+01 9.425449876682017702e+01 9.999005787679378443e+01 9.521359079093946320e+01 8.920520558576606618e+01
9.170851812584960783e+01 7.800000000000000000e+01 6.341685978077227759e+01 9.003188753027772862e+01 8.505010256921573841e+01 9.272332188716860912e+01 9.999005787679378443e+01 9.653555142963237756e+01 9.264426661912229122e+01
9.878944806302452264e+01 8.900000000000000000e+01 5.813485682235400276e+01 6.932888274136399787e+01 9.441118615163577488e+01 9.551640789475143833e+01 1.000000000000000000e+02 9.513859636093576455e+01 9.948085726721168953e+01
