2.6831	2.6831	121.0435	4.27136603	0.77782230	5.66115497	333832192	15687680	1
2.7665	2.7665	116.3313	2.31514318	2.09470693	4.83346744	335372288	15810560	1
2.7830	2.7830	121.4671	4.43117317	2.37086310	7.21474070	336117760	15835136	1
3.5164	3.4998	108.6905	5.09588160	0.87493330	5.55224955	434450432	16093184	1
3.9831	3.9665	140.2101	4.71601166	0.98896798	8.42410496	550072320	16334848	1
4.1320	4.1154	134.2551	4.37240683	1.10929117	7.84206398	649207808	16101376	1
4.0165	4.0498	123.8107	5.99290523	1.38536770	10.06520491	765591552	16109568	1
5.3663	5.3996	129.9414	5.25161410	2.23177230	10.53824120	864706560	16257024	1
5.6997	5.6997	119.1930	8.49232927	1.02257120	9.62349343	980336640	16527360	1
5.6663	5.6496	108.9292	6.05673393	1.11501546	15.08775274	1050046464	16584704	1
6.9494	6.9161	116.8289	7.28995809	1.09883382	10.24871496	1050013696	17117184	1
6.8997	6.8663	125.5485	6.59798774	1.26588980	9.86829592	1050013696	17002496	1
6.5997	6.6663	139.4100	8.96612653	1.63557586	12.38298897	1050013696	17268736	1
7.2828	7.2828	141.9359	8.67618761	1.24327260	15.22857701	1050808320	17207296	1
7.9663	7.9663	153.2406	9.97700653	1.70215200	15.97861594	1050808320	17313792	1
7.9328	7.9495	151.2034	11.90899940	2.39595652	16.84052814	1050808320	17649664	1
8.4829	8.5329	174.2344	12.30287372	1.39961254	6.55308010	1054007296	17838080	2
8.4328	8.5161	227.3170	2.69644810	1.92916141	16.64685401	1055428608	17960960	3
8.9662	8.9829	183.5807	5.80504184	2.36322922	19.13653884	1055469568	17866752	2
11.1159	11.1159	76.9775	7.27287918	1.88228541	14.68599098	1055469568	17920000	2
11.7161	11.6994	77.8775	6.80427319	2.07850020	17.01131076	1055469568	18333696	2
11.7326	11.7326	78.6165	10.22014529	2.55180060	22.27425709	1055490048	18862080	2
13.2993	13.3493	78.0037	9.03773967	1.99412459	16.88968269	1055551488	18681856	3
12.2994	12.3161	124.8309	4.47208014	2.45542136	21.94468232	1055551488	18235392	3
13.7824	13.8157	99.5525	7.21593984	3.00251769	18.39105985	1055551488	19103744	2
13.4158	13.4491	138.0434	6.43026369	2.45479781	16.32220050	1055551488	18866176	2
13.8826	13.9993	121.6988	7.53449629	2.32385945	23.94314802	1055551488	19423232	2
15.0323	15.0323	123.8415	8.24947341	2.59574589	25.83348982	1055551488	19918848	2
15.1992	15.2159	121.7141	7.86075769	2.30496230	22.92676734	1055571968	19812352	2
14.9659	14.9826	119.8554	8.96108788	2.62868527	24.50434866	1055571968	19664896	2
16.9658	16.9492	101.7827	10.71475013	3.92491669	25.66947176	1055571968	19722240	2
17.4991	17.5325	89.8926	8.45948513	3.95819419	25.90118834	1055571968	19640320	3
17.0158	16.9658	83.6778	5.65186388	4.85977123	22.08978637	1056342016	20131840	3
19.3990	19.4157	69.7356	6.49498710	3.95900652	14.37051799	1056342016	20340736	3
19.2820	19.2987	71.4033	8.54185228	4.22124872	31.79465313	1056342016	20746240	3
20.8816	20.8816	67.6073	6.59469618	6.25553187	31.58147315	1056342016	20668416	3
20.7649	20.7649	69.5241	6.76043040	4.44513965	24.17528567	1056342016	21241856	3
20.2823	20.2657	89.0847	7.03918235	4.08965353	25.16195038	1056342016	21364736	3
21.4156	21.3489	95.9805	6.09389352	6.33191090	28.75909799	1056342016	21426176	3
21.3323	21.3156	107.5457	6.82812307	4.18868861	31.73411113	1057079296	22233088	3
21.5656	21.6156	101.5759	8.10192458	4.88453123	32.10472960	1057079296	22233088	3
22.5655	22.5655	103.0170	7.06048610	3.62909723	25.57002091	1057083392	22368256	3
23.2988	23.3488	98.7338	8.41901929	4.78150404	41.58985421	1057083392	23011328	3
24.6321	24.6321	85.8559	7.37878295	4.74685417	40.50524020	1057083392	23920640	3
25.2154	25.1987	74.2401	9.03942611	5.29577528	35.51864162	1057083392	23093248	3
25.3154	25.2821	73.7488	8.36255808	5.72635660	34.47451256	1086115840	23363584	3
27.0153	27.0653	60.9624	9.03589411	3.74086284	39.15226392	1086115840	24031232	3
26.5816	26.5649	70.5414	8.23214197	5.04936872	36.32742592	1086115840	24285184	3
27.5820	27.5820	62.5341	10.13694578	5.55445995	39.12787150	1086193664	24440832	3
28.4481	28.4481	67.4558	8.95978922	4.72132061	39.78636744	1087696896	24715264	4
28.6648	28.6814	73.0779	7.97494740	5.17557427	42.67347694	1088434176	24576000	4
30.1137	30.1303	66.5194	7.60068421	5.81345860	38.04204132	1088434176	25018368	4
30.0313	29.9813	61.8610	7.04462172	6.79553719	52.01456475	1088434176	25214976	4
30.3651	30.4485	67.9026	7.47474476	5.20884826	49.24597360	1088434176	26238976	4
30.9979	31.0646	66.5762	7.42314683	10.77220962	42.77877141	1088434176	25886720	4
31.4802	31.5135	66.9355	8.69812487	4.85136221	51.38533357	1088434176	26353664	4
31.9817	31.9984	66.2552	7.79829948	6.63308529	45.33681489	1088434176	26726400	4
32.8817	32.9150	65.4268	8.52573060	6.57749664	45.51256620	1088434176	27459584	4
33.9150	33.8483	67.4392	7.84977847	6.17842690	50.77810096	1088434176	27381760	4
32.6645	32.6478	104.8438	7.99685712	6.67859596	48.67761584	1088434176	28217344	4
33.8150	33.8316	82.8163	7.71305032	6.50675496	46.65568091	1088434176	28934144	4
35.1977	35.1810	62.8735	8.82491367	6.32087610	50.85355758	1088434176	28475392	4
35.9149	35.8649	68.3462	8.72659679	5.34766296	43.20159390	1088434176	29069312	4
35.8143	35.7809	69.5897	9.23983353	6.18897470	59.82652702	1088434176	29450240	4
37.0975	37.1475	60.1638	9.75416875	11.87376798	50.16155368	1088434176	30838784	4
37.4481	37.4981	68.4724	8.94086553	6.88851830	50.34992864	1088434176	30896128	4
38.2814	38.2648	65.0884	9.94281241	7.64879550	53.89055514	1088434176	30978048	4
39.6474	39.6640	61.4563	9.21723390	8.81084354	47.88215218	1088434176	31608832	4
39.3307	39.3140	62.2916	10.64047415	7.66183282	57.62493481	1088434176	31657984	4
39.2474	39.2141	81.9307	7.24458781	7.96585431	55.02393279	1092612096	32161792	5
39.9313	39.9647	79.9725	7.17416843	7.32053383	56.20604709	1092780032	32972800	5
41.9812	41.9979	63.2706	8.57299639	7.62276947	61.77853780	1092780032	33230848	5
42.1798	42.1465	61.8667	8.24922028	6.94391035	51.85077035	1092780032	33910784	5
42.5479	42.5979	59.3279	7.57302672	7.33015756	50.20770297	1092780032	34893824	5
43.9304	43.9471	57.4069	8.41558054	7.52831449	62.93309820	1092780032	35033088	5
43.6978	43.7145	58.4464	8.49004317	8.22370872	51.15870040	1092780032	35270656	5
44.9803	44.9303	64.3286	9.03675465	9.72152690	60.01606701	1092780032	35708928	5
45.5477	45.5311	59.0875	9.29201140	7.98008774	55.56897347	1092780032	35860480	5
45.3144	45.2977	62.8164	9.68815436	8.52866754	54.68415678	1092780032	36794368	5
46.5636	46.5469	59.9617	9.64072185	8.46333317	61.00232466	1092780032	37482496	5
46.3810	46.3810	63.5911	8.65354308	8.34498767	62.81021536	1092780032	37924864	5
47.3468	47.3968	57.3769	9.09025691	8.96610556	49.93491920	1092780032	38760448	5
48.9301	48.8801	56.6352	8.84153330	8.70981363	53.72729638	1092780032	38973440	5
48.8476	48.8809	53.1463	9.53140599	9.77990980	54.29763176	1092915200	39538688	5
50.3633	50.3466	57.3995	9.87959968	9.32524450	51.69402925	1092915200	40349696	5
50.8291	50.8791	51.6515	9.18250127	9.37913822	55.19198977	1092915200	40210432	5
50.6791	50.6458	49.9720	9.57175583	9.19220822	51.63729517	1092915200	40919040	5
52.1141	52.1141	54.6067	10.12762619	8.85473343	57.27283850	1093095424	41918464	5
50.9308	50.9141	72.8848	7.91996527	9.10605808	58.58018291	1094172672	42442752	6
52.1299	52.3632	71.5073	7.87595350	9.23535819	62.89217944	1094176768	43053056	6
52.4956	52.5290	61.8087	8.39134600	9.82260841	56.65986831	1094176768	43499520	6
52.9640	52.9807	61.7002	9.16232758	9.50974343	61.55241010	1094176768	43737088	6
54.8473	54.8473	58.7833	9.22456659	10.29090314	63.31612397	1094176768	44998656	6
53.8797	53.8464	74.3460	8.49011487	9.04887568	78.87113232	1094176768	45764608	6
55.3972	55.4306	67.7676	9.60819015	11.05023364	61.18469929	1094176768	45539328	6
55.7130	55.5630	67.5279	9.12228550	10.39660778	72.16523538	1094176768	46952448	6
55.5472	55.6139	71.8013	8.78241460	10.82520910	74.57401651	1094176768	47529984	6
56.1463	56.1796	77.3607	9.17830538	10.34028937	72.30799909	1094176768	48005120	6
56.5972	56.5472	78.4250	9.99640709	9.64691739	60.21249390	1094176768	48656384	6
56.1963	56.2129	89.2443	9.22714108	10.07366438	70.02066207	1094176768	48877568	6
57.2305	57.1971	82.7614	8.95812344	10.79242972	72.44772866	1094176768	49762304	6
57.7804	57.7471	83.2583	9.46394407	9.94770890	75.98186873	1094176768	50868224	6
58.0971	57.9804	93.3205	9.73340285	11.57698310	72.50736232	1094176768	51421184	6
58.4637	58.4471	94.2640	9.54206856	10.02998130	67.09426217	1094176768	51994624	6
57.6305	57.6138	113.5765	9.05015884	9.55026061	77.10747594	1094176768	52568064	6
58.5137	58.4971	96.0564	8.69901933	10.56547900	67.66098620	1094340608	53125120	6
58.4471	58.4804	112.6934	9.11495031	10.92142560	70.92929594	1094340608	53645312	6
59.5440	59.5274	108.5188	9.42366880	12.51189838	69.25250538	1094340608	54218752	6
59.7627	59.7460	114.2550	9.93442639	12.17409418	77.37769263	1094340608	56471552	6
59.7637	59.6803	120.6652	8.86063287	11.64358455	73.66133760	1094340608	55422976	6
60.2127	59.9960	123.0042	10.31315813	12.12958627	73.78458851	1094340608	64589824	6
59.3970	59.4304	138.8744	8.04157535	11.13949310	72.73426558	1098956800	56918016	7
61.2303	61.1969	121.2353	7.73071128	10.90325743	74.63105303	1099673600	57745408	7
59.3460	59.1627	159.1011	7.93632231	10.87086714	76.56342375	1099673600	58101760	7
59.7127	59.6627	160.2022	8.18458732	11.27279103	74.11975939	1099673600	58630144	7
58.9304	59.0970	168.5874	8.40630415	11.47010486	70.11431605	1099673600	69201920	7
59.2294	59.3794	173.2750	8.28834495	12.95829965	81.57399887	1099673600	69603328	7
60.8470	61.1469	167.5309	8.68508913	10.93135598	72.54051265	1099673600	70414336	7
62.0625	61.9125	159.5855	8.96046016	11.29253147	73.36864335	1099673600	71188480	7
63.5802	63.6468	145.9264	8.24287998	12.11288361	77.78889377	1099677696	72953856	7
63.7458	63.5458	142.3407	9.56341574	11.95390945	76.18495787	1099681792	78684160	7
65.4456	65.4956	137.3051	9.28280283	8.66804020	75.88170091	1099681792	75509760	7
63.1802	63.1802	166.9852	8.90682994	12.36887889	75.32429837	1099681792	73723904	7
63.0291	62.9291	183.6266	9.06546025	11.91587439	75.30525786	1099685888	74272768	7
61.1136	61.3303	206.7405	8.28535059	14.42629192	81.61691584	1099685888	76210176	7
63.2624	63.4458	180.6877	9.67728769	11.24060653	70.17624466	1099685888	75743232	7
63.5958	63.5791	193.2207	8.76830552	13.92475325	77.78730509	1099685888	77426688	7
64.5968	63.9968	178.0174	7.91811533	16.23860695	78.74044416	1099685888	77021184	7
63.6291	63.6291	207.8167	8.60445251	14.58748434	77.23419192	1099685888	78245888	7
62.5635	62.9635	226.3309	8.63782896	12.37255416	73.31758080	1099685888	78888960	7
72.9797	73.0630	115.5274	10.90274513	20.15315325	73.88956972	1099685888	79876096	7
74.1284	74.1451	103.9598	8.43124871	14.40846111	72.73051715	1102958592	78647296	8
74.1296	74.1296	104.6551	9.97339491	14.16457320	69.06567085	1102958592	80072704	8
77.0449	77.0282	90.2646	9.39382756	13.90104692	76.25241340	1102962688	80842752	8
75.0283	75.1783	109.6954	8.97201936	12.85454333	72.92242140	1102962688	82378752	8
76.6628	76.6795	103.5762	9.02615549	14.99739048	71.43044939	1102962688	82722816	8
75.5783	75.5450	118.8195	10.17404802	15.18273970	73.97463870	1102962688	84320256	8
76.4257	76.3924	108.2216	9.66946309	15.30391398	77.24498906	1103962112	75194368	9
73.9796	74.2963	147.8746	7.52306773	14.73541630	70.65342065	1103962112	86163456	9
70.8453	70.6953	188.8557	8.60609223	12.40636499	81.08213113	1103966208	90464256	9
68.9466	69.1299	225.2741	8.49234801	13.29975249	78.76834281	1103966208	89632768	9
68.8787	68.3288	223.2900	6.17654622	13.48191190	76.53276194	1103966208	95723520	9
56.5462	56.4296	423.0402	6.88830224	12.65611566	78.03478425	1103966208	90079232	9
59.6637	59.0304	369.1220	7.45905726	13.75327051	76.59549166	1103966208	97562624	9
57.7961	58.1295	398.3673	6.66298862	12.37730927	75.76703878	1103966208	91058176	9
61.2792	61.1959	359.6016	5.94477641	9.79797819	72.48849777	1103970304	95813632	9
60.2137	60.1970	378.5745	7.04912510	7.88263819	67.76330463	1103970304	92676096	9
64.2291	64.3124	339.6543	7.22294865	12.53756452	77.07607816	1103970304	93052928	9
67.0800	67.0466	296.2777	7.26289204	14.96935717	75.52240092	1103970304	95113216	9
65.4967	65.6134	330.7262	7.71745894	8.27624937	75.94966916	1103970304	98717696	9
64.9290	65.3956	338.8718	6.72811694	12.58154579	76.83109415	1103970304	95084544	9
61.4969	61.7636	402.1236	6.17989571	15.24661225	76.75336808	1103970304	103387136	9
60.3126	60.3126	420.0810	6.24365045	12.96152557	75.62194208	1103970304	97193984	9
64.4275	64.1442	375.8218	6.66665527	6.65636544	78.20163949	1103970304	98340864	9
62.8302	63.3968	398.9069	6.48369739	18.00211526	76.07957985	1103970304	98902016	9
63.0458	63.1625	401.5179	7.61649890	11.74181098	60.12034850	1103970304	103317504	9
63.0468	63.2635	411.4726	6.24387159	12.36427141	76.22967408	1103970304	100044800	9
61.0636	61.2969	442.2896	6.41924607	7.17809730	75.99945436	1104150528	104685568	9
62.5635	62.5969	430.8530	6.48390214	13.35166747	76.45631887	1104150528	106045440	9
60.4293	60.1293	471.8825	6.93873281	10.00012525	76.07646673	1104150528	101752832	9
59.0804	59.0637	501.5900	5.92936889	11.07856727	76.44701786	1104150528	106848256	9
60.0127	60.0293	499.9495	7.55300875	11.39454623	77.08137672	1104150528	107556864	9
58.7304	59.1137	523.1537	5.70765424	11.71710557	74.02734944	1104150528	102244352	9
60.0793	60.2626	508.7926	6.83075955	13.41787890	76.56682496	1104150528	106926080	9
64.2135	64.2801	440.1522	7.52954254	10.26860476	75.78353426	1104150528	104230912	9
63.4802	63.5468	463.6229	8.59379510	11.93673889	76.78121214	1104150528	108265472	9
66.1300	66.2634	423.1499	6.90338779	13.90260560	75.27047497	1104150528	101441536	9
65.9967	66.1467	443.7246	7.18926301	13.18939216	77.64983693	1104150528	109748224	9
60.8116	61.1949	526.2475	8.05941221	11.33024031	76.14719396	1104150528	115253248	9
64.0319	64.2318	477.2661	6.60702780	11.29177128	76.55189668	1104150528	118575104	9
58.3461	58.1628	602.7327	7.53303456	13.23271920	77.05294684	1104150528	116219904	9
61.8125	62.1625	530.9654	7.17792914	10.07188982	77.56087619	1104154624	110317568	9
62.2094	62.3427	542.9759	8.46635129	12.42789744	76.51534962	1104154624	117383168	9
63.1791	62.8958	530.0344	7.95016567	12.31571699	76.54175846	1104154624	112054272	9
64.0447	63.8613	517.1234	5.36499603	13.16024020	75.51907797	1104310272	123457536	9
60.1137	59.9803	612.3609	7.23686099	13.98458455	76.99430830	1104310272	117092352	9
64.4624	64.2124	520.9385	8.68143657	14.04613870	76.69123388	1104310272	115171328	9
76.7449	76.8782	353.3122	8.86541858	13.23620736	78.94766812	1104310272	122437632	9
77.1282	77.1449	343.2188	9.30540178	18.13408761	75.70808175	1104310272	113455104	9
76.9628	77.1961	361.5218	9.78938675	13.35400313	75.88633245	1104310272	117743616	9
75.6450	75.1450	378.0038	8.96374660	10.05029535	77.50791136	1104310272	121643008	9
74.2284	73.9784	412.5560	8.74175091	15.96874556	76.99946711	1104314368	123985920	9
77.7128	77.4795	363.4582	8.40355790	13.26324482	76.33553571	1104314368	120016896	9
78.8947	78.8447	348.9548	8.76555723	16.93964942	75.93360092	1104318464	119762944	9
78.4294	78.9627	368.6878	7.92623111	18.45735980	76.97140522	1104318464	125440000	9
62.0802	61.5136	628.2121	5.76281161	15.68087727	76.99036798	1104318464	139755520	9
61.0459	61.3792	669.2484	5.36003234	14.48193808	77.76518129	1104318464	133488640	9
57.2638	57.0305	746.9269	6.17000176	12.09250056	80.15956434	1104318464	137777152	9
55.2306	54.9306	817.5003	6.71503221	9.10869608	75.83298294	1104322560	130699264	9
55.6796	54.9463	806.8553	6.23959000	4.54035429	77.36748093	1104322560	134746112	9
54.3639	54.2140	843.2997	5.80752205	13.52820523	77.55929351	1104322560	143228928	9
52.6632	52.7798	900.8683	6.39391851	14.99058247	77.46043929	1104322560	143917056	9
54.2630	54.0464	851.5313	4.99316646	15.72660583	77.31734598	1104322560	144449536	9
52.5140	52.1807	921.5730	7.49108666	10.15206902	75.89802710	1104322560	142864384	8
53.8455	54.1788	887.0062	7.89865814	11.24306791	77.01433446	1104322560	127791104	8
56.5462	56.4796	827.4060	8.29229911	11.35693949	76.67700913	1104355328	133599232	8
56.8638	56.7805	827.9988	7.82370493	14.47119046	77.69873059	1104363520	143527936	8
57.8461	57.3128	808.3353	7.44508002	8.98932668	76.05912327	1104363520	135036928	8
55.3972	55.3972	884.4194	6.39066894	8.96687919	76.27548975	1104502784	135372800	8
54.9473	55.0472	918.8265	7.57825764	7.92884634	76.12440721	1104502784	145321984	8
51.7457	51.8790	1011.2361	8.12280964	9.58512365	77.70214468	1104551936	146825216	8
53.6631	53.3631	948.1309	6.81999838	11.43574959	76.60553020	1104551936	149405696	8
53.0973	53.4307	970.6101	8.24110813	7.21346195	77.25551041	1104551936	143216640	8
52.2965	52.6465	1011.8582	6.34601450	9.80522145	76.28165586	1104551936	138457088	8
55.3139	54.6473	943.8503	6.23576262	8.46640111	76.90427208	1104551936	149565440	8
51.6966	51.0299	1051.0523	7.85522290	10.54372312	75.51881990	1104551936	149217280	8
52.5140	52.5307	1027.3169	6.42654755	12.41488734	77.21269303	1104551936	153329664	8
52.5465	53.0965	1028.8763	6.27732248	14.06957970	77.63848021	1104551936	155934720	8
51.5641	51.4474	1064.6521	7.01207730	9.49327116	75.25913205	1104551936	146718720	8
53.5113	52.7947	1030.3100	7.69000987	15.62558219	75.35169337	1104551936	155389952	8
53.5426	54.1923	1039.1263	7.39733785	12.92100394	76.75311061	1104551936	149454848	8
53.2140	52.9474	1045.9789	5.07163715	11.11848060	77.67042215	1104551936	160464896	8
52.9465	52.7298	1081.5819	6.52866555	5.32320531	77.19249836	1104551936	148873216	8
55.1621	54.7954	1013.8674	7.06712314	2.84644209	76.12602051	1104551936	150519808	8
54.1306	54.4306	1036.5312	7.10851278	11.82249600	76.18535514	1104551936	155086848	8
53.2131	53.3798	1071.5420	6.05786265	7.91459182	76.68494129	1104551936	149991424	8
52.3974	52.3640	1129.4577	6.05280404	10.52806741	77.20081672	1104551936	152252416	8
53.2964	53.5798	1088.9316	8.11727862	6.31390847	76.19739756	1104551936	156033024	8
54.1964	54.6297	1087.5262	7.05429904	10.51472355	76.26722883	1104752640	162189312	8
54.3639	54.8639	1080.3338	7.77810902	7.50735051	77.30846328	1104752640	156241920	8
55.4130	55.6963	1039.4506	5.42060705	10.72009955	76.62934129	1104752640	152973312	8
52.9965	52.8131	1149.6885	7.67014569	7.63754795	76.27424274	1104752640	171380736	8
54.9297	55.1630	1092.0112	9.18117801	11.41420731	76.76971386	1104752640	158937088	8
65.2467	65.2134	826.8722	8.74041441	17.33188924	77.23945272	1104752640	155656192	8
69.1121	69.2287	757.2183	9.41081014	15.47693159	77.19352359	1104752640	156508160	8
66.7622	65.9289	798.2358	10.04067254	14.60907273	77.32761537	1104752640	160505856	8
69.7465	70.1132	756.3701	8.81049871	14.79164594	76.44437883	1106112512	165957632	9
70.3120	69.9620	735.6825	7.88759356	8.60858456	76.17913706	1106112512	160051200	9
67.5300	67.4300	817.9259	7.98814432	11.42808478	76.85364687	1106112512	157032448	9
66.6800	66.1634	832.7892	8.53634590	11.71742509	76.74289340	1106112512	158310400	9
68.7730	68.7230	792.6579	6.09522385	17.17545360	77.51552269	1106112512	181620736	9
68.5466	68.6132	801.4996	8.65780895	13.58892957	76.50417079	1106112512	173518848	9
67.3300	67.7799	842.2751	8.04153757	14.41406364	76.70302122	1106112512	165793792	9
72.3952	72.4118	746.0585	7.45535621	6.06418430	76.59703067	1106112512	166744064	9
60.4970	60.0970	1010.1082	7.52308652	11.91398747	76.99330077	1106112512	170360832	9
61.4803	61.8969	999.4723	7.17241100	10.93485043	76.80593197	1106112512	173633536	9
57.9628	57.7961	1096.3394	7.15492215	8.26921199	76.92932092	1106112512	171147264	9
58.1804	57.1638	1101.6708	5.49091217	15.23233232	76.99183537	1106112512	183115776	9
58.1638	57.6971	1116.5237	6.22992071	12.73050548	76.31034745	1106112512	177569792	9
57.1129	57.5295	1152.7329	5.96410122	9.10219537	77.28814256	1106112512	171732992	9
57.8609	57.6942	1128.6236	7.27437215	15.24597218	76.82909432	1106112512	189562880	9
62.3292	62.5125	1038.6326	6.63384274	7.58096336	76.58013245	1106112512	177766400	9
58.5461	58.4128	1130.2459	6.27792552	7.67640535	77.17508165	1106112512	182530048	9
59.7637	59.8470	1102.8101	5.75397925	12.98209086	75.76784030	1106112512	185892864	9
59.0264	59.5264	1138.0288	7.17776716	6.51411768	76.38265214	1106112512	174804992	9
62.0459	61.9959	1058.5914	6.86113405	16.66076424	77.19413949	1106116608	190509056	9
61.5469	61.7302	1077.0675	6.99394674	15.30241505	75.87773272	1106116608	183574528	9
57.8775	57.8442	1193.8381	6.65957025	6.67544922	76.55499458	1106116608	182140928	9
60.8959	60.5126	1115.2859	6.95189828	12.58779423	76.36131857	1106116608	188678144	9
58.6471	58.6637	1177.7764	7.05531769	12.53978630	76.37599074	1106116608	190480384	9
60.8793	61.0293	1136.2731	7.68143691	13.34768980	76.56206571	1106116608	189521920	9
62.8061	63.3559	1097.7757	5.48107924	15.10360716	76.64212533	1106116608	179920896	9
63.9791	63.6291	1062.9628	7.17189709	17.61681266	76.14111478	1106116608	183910400	9
63.1291	62.4792	1077.4836	7.43819404	16.76231786	77.75244535	1106116608	196145152	9
63.6468	63.8968	1079.7024	6.74514097	10.55992202	76.14928294	1106116608	189636608	9
61.4469	61.8302	1140.1342	6.78000189	15.21350916	77.28130731	1106116608	182976512	9
58.4885	58.6717	1246.8430	7.39723296	10.79327586	76.17967664	1106116608	191148032	9
62.8291	62.8958	1121.9351	7.66008999	15.00217685	76.03618372	1106116608	195313664	9
58.8294	58.7294	1262.5125	6.92028260	18.06694954	77.16422728	1106120704	208080896	9
62.2302	62.2636	1156.9090	6.61102176	9.61398503	76.91215219	1106120704	196997120	9
63.9457	63.8791	1134.1375	6.54422581	8.68313121	75.79761061	1106120704	183771136	9
62.9969	62.7969	1141.2742	8.51703795	5.43530821	76.36814520	1106120704	193093632	9
63.1468	63.2302	1158.4855	7.67512238	12.29969616	76.66417571	1106120704	189763584	9
63.4458	62.6458	1148.6015	5.78210897	8.51855152	76.81886373	1106120704	196390912	9
64.6134	64.3634	1119.7470	6.50963699	14.37262349	76.39972173	1106120704	202870784	9
62.3802	62.6302	1190.0663	6.78354884	11.77683076	76.13812818	1106120704	204320768	9
65.3446	65.4112	1132.7661	5.90692498	14.34322952	77.42335229	1106120704	196890624	9
62.0136	62.0802	1209.3082	8.51490095	17.15505904	76.34090585	1106120704	196800512	9
76.0295	75.9129	895.7194	7.96265830	14.57431158	74.65359003	1106120704	179544064	9
78.2628	77.2795	843.8708	10.01419155	19.12934239	76.71393867	1106120704	191090688	9
76.6295	76.5628	889.2270	8.71353020	13.81446333	58.39537231	1107345408	199110656	10
75.9783	76.1116	908.8093	7.31566029	13.06228424	77.89005036	1107345408	208678912	10
76.6116	76.4282	908.4455	7.78785309	14.68135168	75.77361265	1107345408	203345920	10
69.1632	69.5132	1078.3711	7.89590997	12.22171232	76.88600564	1107345408	203042816	10
71.4786	71.0286	1017.7515	7.65411757	12.65159829	75.28830309	1107345408	204488704	10
73.1951	73.4618	1016.2446	6.20086189	13.64066525	75.65038289	1107345408	197738496	10
66.4800	66.8133	1149.9319	6.51475113	11.04149487	76.51977616	1107345408	206045184	10
65.0091	65.3090	1192.5639	8.12962233	12.35062422	75.69655069	1107349504	209514496	10
60.4793	60.6293	1326.1526	3.45886499	15.36956194	77.35980749	1107349504	219889664	10
49.6467	50.0300	1804.9810	6.83607861	11.09637424	76.24622056	1107353600	214306816	9
64.3587	64.7085	1243.7194	8.15342983	13.50435413	77.23809579	1107353600	217956352	9
60.7136	60.7803	1357.1969	7.00746147	13.85799075	76.33684609	1107353600	223920128	9
58.0128	58.2128	1444.6785	5.61695088	9.62092798	75.45088041	1107353600	217718784	9
57.0629	57.4962	1504.9055	6.25076375	8.73981415	75.07544635	1107353600	210104320	9
59.3126	59.4125	1432.1741	6.96886430	10.86466116	76.83772255	1107353600	219136000	9
62.6292	62.9291	1339.1899	6.45523396	18.01726000	76.86238164	1107353600	225148928	9
62.5969	62.4802	1358.4463	6.59970315	10.44416621	77.27122274	1107353600	213258240	9
60.5293	60.6793	1410.9613	6.83376299	7.93218906	76.46922472	1107353600	226230272	9
62.6625	62.6792	1341.8070	7.71968372	12.82722101	77.04240851	1107353600	228593664	9
62.7135	62.8469	1375.6948	8.57578403	16.93083606	76.52620673	1107353600	225431552	9
64.7290	64.7457	1301.5840	7.83918622	13.88726690	76.19740977	1107353600	225542144	9
61.5636	61.6303	1407.1452	7.74717396	11.01922785	76.17466010	1107353600	229216256	9
62.5302	62.9802	1358.1286	6.63655280	12.31962392	76.53358459	1107353600	223440896	9
63.4624	62.8125	1359.5333	6.22393786	9.48311749	77.68126864	1107353600	244039680	9
58.3961	58.1961	1537.4347	7.04790763	12.51140294	77.45789456	1107353600	227684352	9
60.8459	60.5126	1465.5147	6.65977926	8.80129586	75.12853109	1107353600	229023744	9
60.3460	60.1627	1492.7934	6.46916478	14.26694477	76.89675590	1107353600	229638144	9
59.2137	60.0137	1507.9309	7.47122921	10.05007012	76.70355418	1107353600	222076928	9
61.6636	61.5803	1451.8522	6.77124822	11.46568213	76.24171598	1107353600	227700736	9
61.5469	60.7803	1446.3746	6.46361686	11.31728924	76.26982864	1107353600	226316288	9
63.3302	63.1468	1437.7981	6.34443569	15.19837893	76.79059459	1107353600	233435136	9
59.9303	58.8971	1526.2453	6.80333768	10.48992504	75.90716634	1107353600	233209856	9
58.3804	58.1471	1588.6383	5.56838777	12.85657604	77.27701067	1107353600	245788672	9
58.3628	59.1294	1638.9301	7.10378499	18.81339208	76.43786473	1107353600	243392512	9
61.5303	61.9302	1504.6671	7.56276932	10.09673746	76.19818864	1107353600	238477312	9
63.6124	63.4291	1421.1469	8.07399992	14.22894270	76.90936215	1107353600	241037312	9
62.6625	62.5458	1463.8985	6.10742597	7.21133035	77.24305821	1107353600	235401216	9
64.2624	64.4624	1465.1456	5.62397630	9.07812633	76.21975571	1107353600	239112192	9
60.1960	60.5293	1601.9642	6.14942226	13.60084501	76.88515137	1107353600	259416064	9
59.3627	59.1627	1596.9194	6.50981391	10.74337562	76.11173722	1107353600	248516608	9
59.0794	58.9961	1661.2525	4.73268860	14.43544302	76.13918268	1107353600	246640640	9
57.0971	56.3805	1687.2229	7.40325408	15.05756828	76.87326800	1107353600	245231616	8
62.6604	63.0770	1485.0198	7.85055220	11.14510824	76.98031067	1107353600	248905728	8
59.8198	59.8864	1656.8718	8.88688076	12.98857639	76.43457675	1107353600	236732416	8
68.3299	68.3133	1355.1322	9.55453345	12.43404324	75.25969618	1107353600	251199488	8
71.1298	71.4298	1279.0891	10.57914520	18.22705604	76.74211477	1107353600	234192896	8
73.0963	73.3797	1230.2294	10.23212346	17.20539818	76.74786905	1107464192	239587328	9
71.6797	71.3464	1273.6487	6.25634867	12.45754660	75.94871504	1108647936	253497344	10
74.3117	74.2117	1203.1417	7.64175866	14.25003809	76.02044714	1108680704	244899840	10
73.7963	73.3130	1261.7877	6.74225326	12.27504682	76.73550595	1108680704	245899264	10
68.9799	69.2799	1383.6233	6.31890060	19.43824851	76.19363289	1108680704	251793408	10
75.0117	74.5117	1219.0094	7.30383889	15.96988435	77.24544954	1108680704	253177856	10
70.7298	69.9798	1346.8566	6.84530593	13.62666212	75.37920040	1108680704	248090624	10
65.3301	65.0801	1504.2097	8.31364791	10.79019299	76.83511631	1108680704	241823744	10
70.1787	70.1120	1364.5740	5.26383904	8.73504384	76.59721964	1108680704	256815104	10
52.3974	52.0641	2072.2180	5.41545760	6.12353855	76.10210819	1108680704	268967936	10
59.1804	58.5637	1744.1767	6.19809258	9.63837259	77.44763505	1108680704	261025792	10
54.3665	54.3831	2014.0052	5.46723820	12.00920761	77.14137059	1108680704	265261056	10
55.6805	54.6639	1944.0530	5.43647786	14.34533228	75.87768818	1108680704	281567232	10
55.2121	55.2121	2042.1123	6.28314235	11.98639166	76.62159480	1108680704	267730944	10
53.9964	54.2797	2049.1627	5.78515935	8.27155799	77.65929069	1108680704	263974912	10
56.3139	56.4638	1993.0121	5.06823060	7.58993985	76.57915959	1108680704	265568256	10
54.5473	53.8140	2031.3961	5.35633807	7.03443248	77.56508226	1108680704	267292672	10
54.1243	53.8244	2073.0712	5.50199656	11.75384594	75.93247929	1108680704	269684736	10
53.9797	54.2964	2045.6578	5.55655189	7.21077256	77.01077340	1108680704	275615744	10
53.6806	53.6307	2024.0727	5.35825450	7.65221574	76.38211257	1108680704	277245952	10
53.9640	53.9473	2088.1091	5.87530006	7.14653554	76.44595028	1108680704	271020032	10
53.1631	53.0298	2149.7024	5.40978944	7.77119628	76.36469602	1108680704	271740928	10
52.0807	52.0807	2206.8586	5.78896693	8.45453749	76.77465774	1108680704	278351872	10
52.8965	52.5632	2153.4731	5.53903405	10.17722030	76.29991277	1108680704	287621120	10
53.5262	53.6428	2131.5673	5.58963755	7.76365944	76.81807847	1108680704	279269376	10
55.3639	55.6805	2088.2987	4.87606638	12.74830701	76.49006168	1108688896	281133056	10
51.6627	51.6627	2252.3076	4.69126314	12.88017612	76.18257130	1108688896	272138240	9
52.5132	52.3798	2164.0710	6.90939601	7.67876393	76.36108845	1108692992	277598208	8
52.9289	53.4455	2201.4013	5.24897977	10.38796734	76.39825913	1108692992	276910080	8
51.6799	51.6799	2351.7414	6.27403763	8.08409210	77.07721354	1108692992	269094912	8
50.2608	50.3275	2381.1934	6.92277835	17.77320192	76.93849476	1108692992	280391680	8
52.2641	51.8141	2319.9337	7.88522011	9.75851137	76.38394944	1108692992	286416896	8
54.1797	54.1797	2213.0541	8.26604399	8.33282869	77.88134574	1108692992	271302656	8
53.7271	53.5438	2182.8120	7.93487493	6.22848700	78.33599313	1108692992	272953344	8
66.4133	66.3300	1674.2535	7.64573455	19.32843228	76.58677755	1108692992	283893760	8
58.0461	57.7128	2010.1915	8.07384675	7.42338947	77.14820923	1108692992	276074496	8
57.1805	57.5305	2095.3413	6.10222542	8.43114440	76.44244072	1108692992	291450880	8
53.6798	53.5131	2266.6876	7.46730874	15.82556580	77.59217964	1108692992	281018368	8
52.9798	53.1965	2391.2907	7.47354542	9.78203051	76.25189918	1108692992	289210368	8
54.0806	53.6973	2316.9891	7.60670264	8.26776662	75.20118563	1108697088	281735168	8
54.0946	54.3279	2255.0460	6.65866036	8.94652547	76.79315237	1108697088	279900160	8
63.1426	64.0259	1860.7246	7.91666371	10.81962697	76.45362473	1108697088	290926592	8
70.4453	70.6453	1584.5133	8.75515718	10.41034468	77.16076031	1108697088	278118400	8
72.5118	73.2951	1526.1110	11.29722906	17.22730264	75.97319424	1108697088	281800704	8
76.9320	77.2319	1399.9070	9.40882921	16.42298284	76.98119847	1108774912	285302784	9
77.9628	78.5627	1401.1933	9.20858226	19.05936418	78.13948490	1108774912	277909504	9
