1.355813638083272141e-02 0.000000000000000000e+00 7.638812018843549323e-02 4.565303504143814473e-01 0.000000000000000000e+00 1.739860321056912323e-02 0.000000000000000000e+00 0.000000000000000000e+00 1.332923789046593782e-02
8.801296281755683140e-03 0.000000000000000000e+00 1.499447299825489299e-01 1.000000000000000000e+00 6.151904068048286850e-02 6.466739700404974811e-02 1.073446327683615781e-01 2.021738003490522028e-03 8.331845163686752570e-03
2.283911401711719025e-02 8.333333333333332871e-02 1.589523346042271135e-01 6.159960411036767836e-01 2.263095937646598509e-03 0.000000000000000000e+00 1.073446327683615781e-01 2.574691987351177425e-03 2.285542848570999014e-02
5.946050123846303471e-03 8.333333333333332871e-02 1.702578532439668335e-01 4.938494629632247390e-01 3.309863548146759447e-03 1.187499163927316533e-02 1.299435028248587531e-01 3.386843151146515501e-03 5.235976084518503132e-03
0.000000000000000000e+00 8.333333333333332871e-02 1.000000000000000000e+00 4.708144206409139443e-01 8.405885479058951282e-02 5.024051639386090118e-02 1.299435028248587531e-01 4.233553938933144051e-03 0.000000000000000000e+00
2.759738173927320584e-02 8.333333333333332871e-02 4.200318280195299847e-01 5.634563121761532178e-01 5.855224284610281021e-02 7.986097017460325187e-02 1.299435028248587531e-01 5.771457206545592931e-03 2.809283321308921749e-02
4.496727174091496443e-02 8.333333333333332871e-02 1.794206898719957755e-01 6.761137059169928243e-01 6.500167298414138983e-02 1.455099228281862001e-01 1.299435028248587531e-01 5.806016830536883840e-03 4.523797618452351371e-02
5.638540112639460478e-02 8.333333333333332871e-02 1.972907102486528008e-01 4.553951473540079897e-01 1.158883108741435713e-01 1.138903811432071256e-01 1.299435028248587531e-01 6.670007430319158277e-03 5.690284514225710938e-02
6.922544309851312583e-02 8.333333333333332871e-02 1.788047834164184779e-01 7.142305055327886620e-01 6.920141244057700924e-02 1.406054368449435599e-01 1.299435028248587531e-01 6.721846866306094639e-03 6.903630895830505099e-02
7.946721106693412084e-02 1.666666666666666574e-01 1.846846050240587289e-01 6.394339731431747387e-01 5.691969058954562954e-02 5.000980349689465587e-02 1.299435028248587531e-01 7.343920098149331853e-03 7.976255955654924790e-02
5.424396650796255853e-02 1.666666666666666574e-01 4.724009064151863946e-01 5.528193469169075946e-01 2.353615892275621735e-01 8.222853697868413858e-02 1.468926553672316448e-01 9.711254341552764263e-03 5.404555942082819170e-02
7.518434183007002836e-02 1.666666666666666574e-01 3.929587984562384340e-01 6.136214192557896130e-01 1.044757815387682559e-01 1.193549912658391360e-01 1.468926553672316448e-01 9.382937913635499769e-03 7.523804761666655350e-02
9.564218055149080466e-02 1.666666666666666574e-01 2.221952949637366059e-01 6.560858707575401016e-01 7.808245838111668724e-02 7.928083674837603512e-02 1.468926553672316448e-01 1.121459798517392137e-02 9.571049981070482715e-02
9.041136959020079633e-02 1.666666666666666574e-01 2.480201369316592797e-01 6.886000406810643959e-01 2.142743605474341784e-01 8.765640667766994021e-02 1.468926553672316448e-01 1.187123084100845036e-02 9.071453572678633837e-02
9.516963731235680846e-02 2.500000000000000000e-01 2.330344625970554862e-01 4.487508727520214125e-01 6.911010764516921367e-02 7.122206668648928263e-02 1.468926553672316448e-01 1.195762990098667676e-02 9.500046430892973570e-02
9.896711470237629094e-02 2.500000000000000000e-01 1.862984939002117757e-01 3.104254882001483140e-01 1.247801897400696858e-01 1.588105821450687405e-01 1.468926553672316448e-01 1.214770783293877762e-02 9.975213046366603054e-02
1.084936435082409639e-01 2.500000000000000000e-01 1.121207377515724551e-01 4.110505619754134532e-01 2.326799209725119444e-01 1.229552140377155323e-01 1.468926553672316448e-01 1.278706087677766029e-02 1.083339881279778150e-01
1.141969977086649546e-01 2.500000000000000000e-01 1.200705377730123674e-01 4.222106235778831929e-01 1.582104794913681001e-01 1.424737368369680124e-01 1.468926553672316448e-01 1.432496414439010830e-02 1.152314758595072569e-01
1.282419535594212234e-01 2.500000000000000000e-01 1.028537581319411143e-01 3.369530076801905971e-01 1.323747398559806387e-01 1.535700734747354468e-01 1.468926553672316448e-01 1.555183079608093814e-02 1.288092976077375162e-01
1.275238591507069918e-01 2.500000000000000000e-01 1.231284554677362780e-01 4.438549609895181547e-01 1.866148962677472156e-01 1.283028814837660903e-01 1.468926553672316448e-01 1.563822985605916455e-02 1.278535355339195101e-01
1.315725982026225704e-01 2.500000000000000000e-01 9.932883444342772983e-02 3.622127935883186489e-01 1.355408105417873765e-01 1.582145824989579230e-01 1.468926553672316448e-01 1.655405989182837795e-02 1.321423214017843351e-01
1.308587866631452101e-01 2.500000000000000000e-01 1.027424102792844074e-01 4.761816008683287249e-01 1.653838301775449049e-01 9.506770747922446696e-02 1.468926553672316448e-01 1.736621105562371342e-02 1.309522618988092357e-01
1.265759174262811038e-01 2.500000000000000000e-01 1.230007329308654418e-01 4.023881955785123532e-01 1.580878841265945245e-01 1.214912037886383828e-01 1.468926553672316448e-01 1.760812842356275151e-02 1.271435000321444742e-01
1.301406922544310063e-01 2.500000000000000000e-01 1.089955746870088227e-01 4.789928670933130128e-01 9.050334916006774755e-02 2.148558819651660845e-01 1.468926553672316448e-01 1.807468334744518138e-02 1.309479759702270874e-01
1.456104159379840723e-01 2.500000000000000000e-01 1.139263195975932091e-01 5.954979383982693664e-01 1.459150519880847985e-01 1.297269798377256034e-01 1.468926553672316448e-01 2.061481571080506572e-02 1.459530119363111056e-01
1.501302706059546022e-01 2.500000000000000000e-01 1.038309992858454378e-01 4.500223798904223194e-01 1.704327993467057434e-01 1.432693707977785724e-01 1.468926553672316448e-01 1.950890774308375666e-02 1.502375118755937544e-01
1.496505892514258251e-01 2.500000000000000000e-01 1.160772981159724632e-01 4.210841839427149624e-01 1.255594427881743802e-01 2.180589769001224087e-01 1.468926553672316448e-01 2.146152649859169384e-02 1.490431664440364512e-01
1.682125445239947559e-01 2.500000000000000000e-01 1.110653347716856060e-01 3.137895711467625359e-01 1.702106843435222394e-01 1.597368832251396253e-01 1.468926553672316448e-01 2.170344386653073193e-02 1.680955476345245558e-01
1.684466747089433392e-01 2.500000000000000000e-01 1.026666500736533455e-01 5.126194977929148244e-01 2.017336694730382241e-01 1.705720379285431409e-01 1.468926553672316448e-01 2.301670957819978991e-02 1.683284164208210254e-01
1.717816022213815019e-01 2.500000000000000000e-01 6.473851485107441628e-02 5.631870185014461461e-01 1.891376332567512586e-01 1.651519272072681510e-01 1.468926553672316448e-01 2.391525980197335352e-02 1.719043095011893174e-01
1.822460793901194143e-01 2.500000000000000000e-01 8.861062114417124491e-02 5.393111373762219385e-01 1.944273046702310326e-01 1.801488228645102552e-01 1.468926553672316448e-01 2.564324100153790240e-02 1.821376783124870335e-01
1.886703832454155461e-01 2.500000000000000000e-01 8.841303328798637284e-02 4.966194716035245427e-01 2.078959720056643701e-01 1.739400982880301982e-01 1.468926553672316448e-01 2.664547009728534047e-02 1.892808926160593763e-01
1.965165996873505516e-01 2.500000000000000000e-01 6.578933291938131311e-02 4.966003781959243968e-01 1.728198427330613629e-01 2.124838750353768568e-01 1.468926553672316448e-01 2.560868137754661322e-02 1.964183923481888361e-01
1.984253317439129416e-01 2.500000000000000000e-01 1.458914498167236395e-01 5.070982871333967745e-01 1.967413728478510648e-01 1.702243853091709169e-01 1.468926553672316448e-01 2.761313956904148936e-02 1.988042259255819733e-01
2.081845631116472639e-01 2.500000000000000000e-01 9.279795539143026462e-02 5.425575460330959165e-01 2.494340752154877716e-01 2.282469777834839064e-01 1.468926553672316448e-01 2.885728603272796552e-02 2.083332738065474810e-01
2.093694902671796310e-01 2.500000000000000000e-01 9.854721618360252899e-02 4.705708130631092168e-01 2.501128364009813643e-01 2.474240422128091976e-01 1.468926553672316448e-01 2.982495550448411095e-02 2.095190473809404597e-01
2.160250690612664504e-01 2.500000000000000000e-01 1.488519927226536754e-01 7.480847563119291666e-01 3.359721516846306266e-01 2.367305503979500181e-01 1.468926553672316448e-01 3.098270290819235898e-02 2.166565471130699194e-01
2.264995395915570253e-01 3.333333333333333148e-01 1.055929153072949489e-01 5.991168612057513609e-01 2.134503153544946297e-01 2.211150996367590160e-01 1.468926553672316448e-01 3.096542309619671265e-02 2.271370711392712294e-01
2.050923315226313992e-01 3.333333333333333148e-01 2.057697400638961727e-01 6.716046238266234480e-01 2.439718066154728526e-01 2.083419142556574566e-01 1.468926553672316448e-01 3.366107376751741043e-02 2.047616666547613096e-01
2.257914385443955119e-01 3.333333333333333148e-01 1.809612201628691408e-01 5.910482324527294162e-01 2.391417389926623616e-01 2.314320768662955774e-01 1.468926553672316448e-01 3.354011508354789312e-02 2.257141428499996327e-01
2.360160750358690496e-01 3.333333333333333148e-01 1.581242122412335471e-01 6.232012338630639192e-01 2.767819112378976931e-01 2.201397503816142909e-01 1.468926553672316448e-01 3.575193101899051124e-02 2.359460830184366420e-01
2.355406765505771161e-01 3.333333333333333148e-01 1.468686909706279631e-01 5.261636554002843136e-01 2.597207267862196023e-01 1.945135210355539712e-01 1.468926553672316448e-01 3.846486150230685186e-02 2.364232497339152639e-01
2.531461243602464162e-01 3.333333333333333148e-01 1.484507037948439301e-01 6.488140925163290440e-01 2.440384921657234307e-01 1.761990311981167512e-01 1.468926553672316448e-01 3.796374695443313629e-02 2.528512139892709065e-01
2.483935671304062509e-01 3.333333333333333148e-01 1.764701901057171285e-01 5.970955297433632181e-01 2.857702305305998558e-01 2.278997489241686158e-01 1.468926553672316448e-01 4.064211781375818427e-02 2.490481666940489724e-01
2.512431027959997620e-01 3.333333333333333148e-01 1.781126800969642932e-01 5.749453451207444665e-01 2.195307656393327422e-01 2.538373138977701449e-01 1.468926553672316448e-01 4.128147085759707041e-02 2.502325116255812998e-01
2.467289586203450513e-01 3.333333333333333148e-01 1.940884770037210050e-01 6.484282841669359865e-01 2.014683973472676248e-01 2.640047816205131070e-01 1.468926553672316448e-01 4.183442484145772494e-02 2.461908809726200409e-01
2.655179059624677707e-01 3.333333333333333148e-01 1.923184828047257433e-01 7.357074469002915507e-01 3.805053748539053426e-01 2.367747172904474950e-01 1.468926553672316448e-01 4.314769055312678292e-02 2.661847378083189719e-01
2.664701305561305578e-01 4.166666666666666852e-01 1.885411706501906592e-01 6.182821252653000199e-01 3.247167951837897637e-01 2.761165934221425089e-01 1.525423728813559421e-01 4.121235160961448513e-02 2.659461544505796748e-01
2.736139564432198412e-01 4.166666666666666852e-01 1.974110095953466038e-01 5.448505040028223112e-01 2.241342412116632821e-01 2.689817781685321929e-01 1.525423728813559421e-01 4.321680980110936127e-02 2.742851428285699722e-01
2.931167153248199764e-01 4.166666666666666852e-01 1.643343658117552841e-01 5.331211530238160190e-01 3.213065180325651582e-01 3.040397726339737483e-01 1.525423728813559421e-01 4.703564825214701789e-02 2.942789996642689032e-01
2.983589472707415813e-01 4.166666666666666852e-01 1.863908471191799976e-01 4.894515316194504306e-01 2.566221615697729108e-01 2.988376226189524143e-01 1.525423728813559421e-01 4.909194587962883299e-02 2.983334881029765517e-01
3.176232930981562341e-01 4.166666666666666852e-01 1.866794782195958513e-01 5.636000851726488126e-01 3.321617184901575759e-01 3.240405133704921115e-01 1.525423728813559421e-01 4.993865666741546111e-02 3.183259162958147481e-01
3.321365093188096695e-01 4.166666666666666852e-01 1.408912762450709732e-01 5.736604304292032275e-01 3.248730686356886554e-01 3.163683280215694449e-01 1.525423728813559421e-01 5.209863316687114720e-02 3.321351781874808395e-01
3.454605155146938111e-01 4.166666666666666852e-01 1.622781421326956186e-01 5.171192530869334059e-01 2.918774124659956337e-01 3.266074837353455385e-01 1.525423728813559421e-01 5.389573361441827443e-02 3.449929639339109899e-01
3.473706751943352322e-01 4.166666666666666852e-01 1.757376958985346072e-01 6.043695841400281710e-01 3.108953609624529602e-01 2.898855565098994447e-01 1.525423728813559421e-01 5.432772891430941165e-02 3.478573928696435114e-01
3.575938840627297943e-01 4.166666666666666852e-01 1.856168703786547636e-01 6.055500949361994900e-01 3.568824752919181331e-01 3.831841839186448939e-01 1.525423728813559421e-01 5.602115048988266788e-02 3.597537019708128558e-01
3.963752650025340052e-01 4.166666666666666852e-01 1.242251226518429480e-01 6.812048388172141644e-01 3.529222033851658891e-01 3.991729567862171146e-01 1.525423728813559421e-01 5.921791570907708468e-02 3.971341424214068216e-01
4.061387792395051988e-01 4.166666666666666852e-01 1.121150611943781822e-01 6.930066765057795175e-01 5.118446291140936744e-01 4.320164891858997436e-01 1.525423728813559421e-01 6.151613070449793441e-02 4.066660475880936598e-01
4.094608581442327755e-01 5.000000000000000000e-01 1.487827823907082736e-01 7.396313904081717183e-01 4.968902984519764643e-01 4.036284412527643695e-01 2.259887005649717506e-01 6.239740111627585517e-02 4.097533448100976750e-01
4.061387792395051988e-01 5.833333333333333703e-01 1.456680991240417167e-01 6.896879500373359617e-01 3.749163185861220660e-01 3.530901705606525609e-01 2.429378531073446423e-01 6.457465742772718065e-02 4.040473452244041086e-01
3.828214114909381793e-01 6.666666666666666297e-01 3.452934026833958669e-01 5.410740889212275473e-01 4.853326608921067487e-01 4.120338769111798194e-01 2.937853107344632897e-01 6.740854659501305246e-02 3.830948690291657854e-01
4.389726824323842425e-01 6.666666666666666297e-01 1.739273108118109812e-01 5.403709087808868938e-01 3.944469994643604038e-01 4.082925692844230348e-01 2.937853107344632897e-01 7.095090805412036794e-02 4.397619880994049213e-01
4.558643187025761545e-01 6.666666666666666297e-01 1.622722472463784815e-01 7.087037586465597672e-01 4.874170770714980616e-01 3.359242877733919497e-01 2.937853107344632897e-01 7.252337094572411380e-02 4.569042737851177760e-01
4.796470915748824448e-01 7.500000000000000000e-01 1.335453745774512480e-01 3.615594383548331736e-01 4.509042929998973159e-01 4.828518311052489853e-01 3.050847457627118842e-01 7.302448549359782937e-02 4.814183566321173502e-01
5.048060930953010006e-01 7.500000000000000000e-01 1.154760197116265208e-01 5.349650350443038160e-01 4.855995192784159364e-01 4.927638250170899292e-01 3.050847457627118842e-01 7.625581033678353882e-02 5.051666869057738207e-01
5.208083201873041634e-01 7.500000000000000000e-01 9.678180689618734456e-02 4.395324635685393666e-01 4.810543368243930806e-01 5.206472032795039784e-01 3.050847457627118842e-01 8.031656615576023006e-02 5.209417613737830077e-01
5.336555002748174514e-01 7.500000000000000000e-01 1.093582193600729779e-01 5.192120057279406842e-01 5.180721651816309059e-01 5.756436119442047694e-01 3.050847457627118842e-01 8.226918491126816724e-02 5.330852256898558350e-01
5.431834567037611139e-01 7.500000000000000000e-01 1.059134224596478685e-01 5.281033286522293091e-01 4.918654067312044909e-01 5.273606195189003421e-01 3.050847457627118842e-01 8.268390039916365120e-02 5.447615237904752661e-01
5.531653972718122425e-01 7.500000000000000000e-01 1.056055783964205824e-01 4.799835637545122324e-01 4.596921709661422328e-01 4.570795604543788082e-01 3.050847457627118842e-01 8.947486651345233633e-02 5.533219518118762670e-01
5.786113510311008401e-01 7.500000000000000000e-01 9.085831946397580905e-02 5.333352238572703907e-01 5.315254719766829838e-01 5.577711717921347567e-01 3.050847457627118842e-01 9.146204489295156614e-02 5.797389869493474457e-01
5.936242353293883500e-01 7.500000000000000000e-01 1.107694988102154443e-01 5.906509526425840484e-01 5.133852059512429289e-01 5.635392971833960152e-01 3.050847457627118842e-01 9.725078191149280626e-02 5.926196309815490171e-01
5.943251982611551520e-01 7.500000000000000000e-01 1.068039869517782708e-01 5.980560945498472059e-01 7.077003743423166959e-01 5.177658446391395497e-01 3.050847457627118842e-01 9.616215375576714353e-02 5.942739994142564042e-01
6.538056862227235033e-01 7.500000000000000000e-01 1.164731288157107997e-01 6.006175005707903303e-01 6.584459546008645248e-01 6.272948823532548124e-01 3.050847457627118842e-01 9.744085984344490192e-02 6.537969755630639312e-01
6.828449672717409324e-01 7.500000000000000000e-01 1.091691463396795014e-01 6.675064920816440317e-01 7.486916535117005278e-01 6.252067510054305499e-01 3.050847457627118842e-01 1.023828860741995139e-01 6.845242262113105935e-01
7.178074564753413878e-01 7.500000000000000000e-01 1.113428310868358057e-01 5.488389427382154295e-01 6.865329705763971724e-01 6.210431476080885416e-01 3.050847457627118842e-01 1.041108672737640628e-01 7.173672969362754337e-01
7.518434183007003391e-01 7.500000000000000000e-01 9.424351251386117734e-02 6.128672364568428232e-01 7.940341524940075502e-01 7.559596352310982148e-01 3.050847457627118842e-01 1.077396277928496099e-01 7.530947975970226915e-01
8.098977108063929453e-01 7.500000000000000000e-01 1.168792209842232921e-01 7.042633862986319437e-01 7.369271127959153844e-01 8.091532678436007542e-01 3.050847457627118842e-01 1.119213422957958254e-01 8.097619166672619384e-01
8.153540862141578360e-01 8.333333333333333703e-01 1.684946272477802209e-01 6.196656503111135361e-01 7.722412955286360736e-01 7.535490372508613088e-01 3.220338983050847204e-01 1.162758549186984902e-01 8.166508325416270697e-01
8.489175048003827495e-01 8.333333333333333703e-01 1.517719264117324829e-01 6.921284704396540866e-01 9.028703728187119637e-01 8.646327593624921759e-01 3.220338983050847204e-01 1.171571253304764110e-01 8.483338452636917104e-01
9.100468974181437076e-01 9.166666666666666297e-01 1.535696484093304059e-01 5.910928850003538404e-01 8.399034019464840517e-01 8.738929433455328022e-01 3.333333333333333148e-01 1.193862210779146754e-01 9.114112848499567043e-01
9.398042728758753128e-01 9.166666666666666297e-01 1.641719289443502872e-01 5.188058899458026785e-01 8.825186820134299781e-01 8.553039377386962849e-01 3.333333333333333148e-01 1.241381693767171779e-01 9.407141785660712019e-01
9.683381753549428206e-01 9.166666666666666297e-01 1.762841736930436387e-01 6.507793430449948513e-01 9.310028551750580972e-01 8.336544201469808790e-01 3.333333333333333148e-01 1.295467505313542267e-01 9.676012372047174681e-01
9.928433255052001583e-01 9.166666666666666297e-01 2.219885372843918014e-01 5.963940805240275367e-01 7.924322490786437356e-01 9.072669875580889887e-01 3.333333333333333148e-01 1.354218866098736984e-01 9.940297014850741908e-01
9.850113852940547421e-01 9.166666666666666297e-01 2.365735776785544420e-01 5.614289695323058105e-01 8.801369103096312596e-01 8.358541897852368452e-01 3.333333333333333148e-01 1.380138584092205079e-01 9.854764166779768075e-01
9.890558414767333106e-01 9.166666666666666297e-01 2.428632030497958061e-01 6.973183848592243717e-01 8.730134482698909126e-01 9.261950218896621845e-01 3.333333333333333148e-01 1.763577612275578355e-01 9.911909881208345041e-01
9.616768860685401821e-01 1.000000000000000000e+00 2.787252897827864895e-01 5.759022893891211359e-01 9.190148010184303606e-01 8.319691070344857886e-01 5.310734463276836070e-01 1.463772874151129111e-01 9.616495110469809315e-01
9.764270877203002907e-01 1.000000000000000000e+00 2.556841441312804331e-01 6.201134147504616667e-01 8.577583752515672844e-01 8.534386303264073215e-01 5.310734463276836070e-01 1.519241070657151305e-01 9.761730943690041240e-01
9.878480723519377227e-01 1.000000000000000000e+00 2.424344046525062635e-01 6.799734523193144975e-01 8.461017478101277023e-01 8.904474096297098074e-01 5.310734463276836070e-01 1.551208722849095334e-01 9.887908681148342982e-01
9.923864861199346299e-01 1.000000000000000000e+00 2.631667198298081045e-01 6.224236694612573784e-01 9.525619798105380287e-01 9.809396507757462969e-01 5.310734463276836070e-01 1.969380173143716328e-01 9.923810476238098532e-01
9.954615862320030928e-01 1.000000000000000000e+00 2.607408649457528260e-01 6.697002389190149785e-01 9.421504410747022495e-01 8.504354920395170714e-01 5.310734463276836070e-01 2.002557412175355600e-01 9.973627252791210651e-01
9.759516892350081907e-01 1.000000000000000000e+00 2.903962913741875429e-01 5.511156910351393545e-01 9.927209020225580272e-01 1.000000000000000000e+00 5.310734463276836070e-01 2.043856162844948365e-01 9.771245705142400650e-01
1.000000000000000000e+00 1.000000000000000000e+00 2.506055904045223492e-01 5.784627500347414575e-01 7.177714377549352376e-01 7.955388616355225651e-01 5.310734463276836070e-01 2.089993260873321823e-01 1.000000000000000000e+00
9.938141091988892395e-01 1.000000000000000000e+00 2.450768420264348157e-01 6.283219182437017603e-01 9.572770167554550680e-01 8.868181056264160533e-01 5.310734463276836070e-01 2.110210640908226909e-01 9.921424642660704452e-01
9.835652031150736718e-01 1.000000000000000000e+00 2.359290701078829433e-01 5.622308688470998295e-01 8.470740267929192102e-01 8.808908338797863946e-01 5.310734463276836070e-01 2.127144856663959471e-01 9.852206896059089170e-01
9.685937198860756769e-01 1.000000000000000000e+00 2.288235488045279320e-01 5.527672628577521285e-01 9.267938383519578327e-01 8.047105158732630326e-01 5.310734463276836070e-01 2.187105804288849431e-01 9.697613452101175868e-01
9.302877374315633441e-01 1.000000000000000000e+00 1.956979992974168248e-01 5.322415164257273679e-01 7.765661460928400261e-01 7.686912724321218748e-01 5.310734463276836070e-01 2.223739005719617690e-01 9.299993571107126877e-01
9.152819912486707121e-01 1.000000000000000000e+00 1.718457609544999931e-01 5.372494993721903533e-01 6.988089939294175323e-01 7.750284888700025299e-01 5.310734463276836070e-01 2.269184911268165294e-01 9.164115348624574109e-01
8.807991833995989506e-01 1.000000000000000000e+00 1.786471497897162697e-01 4.669820379799525800e-01 7.545909991967464370e-01 7.271790358070637783e-01 5.310734463276836070e-01 2.293722244301981961e-01 8.802382976291672767e-01
8.310736439365278283e-01 1.000000000000000000e+00 1.610303911955724698e-01 5.038122089863554809e-01 8.298171188606439097e-01 6.646601259248273719e-01 5.310734463276836070e-01 2.337267370531008748e-01 8.321430357232147967e-01
7.913400384030608858e-01 1.000000000000000000e+00 1.924501352658080366e-01 5.042274690643325785e-01 6.434312527288346129e-01 5.815858019486388475e-01 5.310734463276836070e-01 2.360076722365260782e-01 7.930953690541669987e-01
7.777633429222017281e-01 1.000000000000000000e+00 1.643446272805295649e-01 4.271146515122231646e-01 6.744153637824930048e-01 6.507898684278724533e-01 5.310734463276836070e-01 2.383058872319469279e-01 7.778431778731793589e-01
7.406479981155374981e-01 1.000000000000000000e+00 1.243866862027565717e-01 4.463892458474213454e-01 5.934583623127380747e-01 5.628012959032887563e-01 5.310734463276836070e-01 2.417618496310760257e-01 7.416527969255606312e-01
7.185341166225293064e-01 1.000000000000000000e+00 1.073784108740129528e-01 4.556799150317518143e-01 6.345382276617450579e-01 5.436091546754098225e-01 5.310734463276836070e-01 2.437663078225708879e-01 7.202374404434507271e-01
6.935392917561905568e-01 1.000000000000000000e+00 1.088816068848778851e-01 3.445313799802511290e-01 6.056822353188118235e-01 6.708196385336169243e-01 5.310734463276836070e-01 2.463755594339133714e-01 6.937961183773474483e-01
7.151891957485385642e-01 1.000000000000000000e+00 8.230418443046991217e-02 3.683296972543442238e-01 6.963257467008747703e-01 6.510776986660459231e-01 5.310734463276836070e-01 2.515422232206113717e-01 7.173672969362754337e-01
7.487226342501053233e-01 1.000000000000000000e+00 7.391073963138621028e-02 4.105176049368252089e-01 6.547280777523342143e-01 7.460084518841592072e-01 5.310734463276836070e-01 2.549636259957491768e-01 7.490188795154043566e-01
7.810368826422448008e-01 1.000000000000000000e+00 9.657461255859681182e-02 4.488147547324723985e-01 8.360629182952484806e-01 6.591414793377455839e-01 5.310734463276836070e-01 2.577629555390437144e-01 7.811190559527976252e-01
8.110726446003726497e-01 1.000000000000000000e+00 8.406217052770803555e-02 4.841474444261739674e-01 6.584226079761166250e-01 6.902800287400308044e-01 5.310734463276836070e-01 2.575383179831003400e-01 8.133178087475803064e-01
8.291691947492023651e-01 1.000000000000000000e+00 9.549977828677574943e-02 4.868349095585160491e-01 7.520272397644228723e-01 7.211228664922710863e-01 5.310734463276836070e-01 2.604758860223601036e-01 8.285714285714286254e-01
8.667613656642373376e-01 1.000000000000000000e+00 1.125213716920135942e-01 5.204932341358489145e-01 7.617134920222675687e-01 7.139096923912091608e-01 5.310734463276836070e-01 2.664719807848490718e-01 8.676190952404763124e-01
8.822111026246850507e-01 1.000000000000000000e+00 1.288375437013030422e-01 5.402534997403379835e-01 7.807632783028267687e-01 7.486525679150773938e-01 5.310734463276836070e-01 2.712757685196385271e-01 8.814126420606746004e-01
8.915063564917591332e-01 1.000000000000000000e+00 1.522125145816562719e-01 5.782560415666612164e-01 8.175669885771829071e-01 7.479347626913450675e-01 5.310734463276836070e-01 2.717768830675122427e-01 8.923803333023794249e-01
9.264816943030701468e-01 1.000000000000000000e+00 1.644212608026520972e-01 6.475295564283342076e-01 8.509333547377569973e-01 8.211589243044422615e-01 5.310734463276836070e-01 2.776347393340360403e-01 9.259520118863086013e-01
9.347918882456653922e-01 1.000000000000000000e+00 1.929584054638172619e-01 5.632965754858062501e-01 9.044786868938388125e-01 8.231911741411244154e-01 5.310734463276836070e-01 2.839418707124466423e-01 9.376011657725743520e-01
9.488454098348955146e-01 1.000000000000000000e+00 2.048407496461430444e-01 5.587992131022272435e-01 1.000000000000000000e+00 7.919319598011849148e-01 5.310734463276836070e-01 2.856698519120112190e-01 9.504760952333330959e-01
9.210081874183578821e-01 1.000000000000000000e+00 1.869034838996462833e-01 5.324517819534756446e-01 7.450331323051405663e-01 7.923672674016810635e-01 5.310734463276836070e-01 2.861709664598849345e-01 9.216660833041653289e-01
9.152819912486707121e-01 1.000000000000000000e+00 1.588453533340276336e-01 5.612248398758078460e-01 8.478308801566279973e-01 7.099551884867238982e-01 5.423728813559322015e-01 2.918041851704653578e-01 9.154586300743609018e-01
8.598616633236493279e-01 1.000000000000000000e+00 1.321543997357344513e-01 4.423812512186585111e-01 7.129194135170860980e-01 7.783163948998450543e-01 5.423728813559322015e-01 2.950873494496379923e-01 8.607144642946433777e-01
8.534373594683531961e-01 1.000000000000000000e+00 1.143913606292769058e-01 4.395683912314394259e-01 7.492952867492986835e-01 7.192678773583618401e-01 5.423728813559322015e-01 3.008760864681792047e-01 8.554756309244034851e-01
8.194142462507049141e-01 1.000000000000000000e+00 1.143704010334826993e-01 3.762312303522754586e-01 6.852969786385353368e-01 6.060107647540764475e-01 5.423728813559322015e-01 3.018437559399353987e-01 8.219053809833349877e-01
8.084700877274382247e-01 1.000000000000000000e+00 3.906977820599394358e-02 3.307550001065190926e-01 7.140752881608117830e-01 7.545655946276647041e-01 5.423728813559322015e-01 3.026213474797393999e-01 8.088090118791654293e-01
7.620609166767789988e-01 1.000000000000000000e+00 6.185023888480977589e-02 3.222588338653019635e-01 6.211222241761954477e-01 6.264793726999853263e-01 5.423728813559322015e-01 3.078225708904286928e-01 7.637953326237740814e-01
7.313827243331216810e-01 1.000000000000000000e+00 6.433351432817618898e-02 2.905232281289975016e-01 6.060407506684284407e-01 5.880008829019449657e-01 5.423728813559322015e-01 3.097924694579323179e-01 7.326194881172630735e-01
6.783122639960598166e-01 1.000000000000000000e+00 5.584618800626430651e-02 2.043249841888244434e-01 5.526010291504263039e-01 6.143365604376181954e-01 5.423728813559322015e-01 3.123326018212921884e-01 6.776067374797311027e-01
6.340702247792537882e-01 1.000000000000000000e+00 8.654893923704012892e-02 3.288705281584993756e-01 4.689998078162582185e-01 4.723606317065153770e-01 5.423728813559322015e-01 3.148208947486651477e-01 6.340474166565470693e-01
5.819648376435654358e-01 1.000000000000000000e+00 8.329037707841137339e-02 2.579645246799217029e-01 5.004404283990417923e-01 5.468233057761260341e-01 5.423728813559322015e-01 3.163242383922862944e-01 5.835720357446443352e-01
5.900551776320016595e-01 1.000000000000000000e+00 7.793345372001168891e-02 2.826939142243468650e-01 5.538407793518717037e-01 4.879122289499790432e-01 5.423728813559322015e-01 3.200221181593544406e-01 5.892851785446415747e-01
5.776819684067012739e-01 1.000000000000000000e+00 8.930774603345108253e-02 2.761212807084288401e-01 4.455491857807127309e-01 5.203311416277187629e-01 5.423728813559322015e-01 3.223203331547752626e-01 5.790475238047617657e-01
5.693546429871585435e-01 1.000000000000000000e+00 1.120454142041870382e-01 2.673277191142918174e-01 5.057276147713437586e-01 5.147459069411636223e-01 5.423728813559322015e-01 3.244284702182440028e-01 5.704756666404748877e-01
5.783843589615469405e-01 1.000000000000000000e+00 9.900985559493484522e-02 2.951631177447077703e-01 5.384777503174572599e-01 5.523912316204505624e-01 5.423728813559322015e-01 3.274524373174819702e-01 5.771317137285435495e-01
5.831554752914135387e-01 1.000000000000000000e+00 9.578011288052309946e-02 2.876148330911642015e-01 5.057217224304889625e-01 5.182049966066273328e-01 5.423728813559322015e-01 3.288521020891292945e-01 5.842863571750015472e-01
5.562362145146438897e-01 1.000000000000000000e+00 9.650693053051137560e-02 2.922470916916782846e-01 4.910563921846137769e-01 5.089726737805413403e-01 5.423728813559322015e-01 3.304418447927286451e-01 5.573478673933697225e-01
5.638825637255251433e-01 1.000000000000000000e+00 7.615123309013650810e-02 2.860957090314129037e-01 4.147127739440946148e-01 4.741447544384095325e-01 5.423728813559322015e-01 3.342261236197749952e-01 5.647625238404777592e-01
5.655371788740337635e-01 1.000000000000000000e+00 8.158042338820160888e-02 2.197755840853505283e-01 4.588442566155713775e-01 4.080789003386215974e-01 5.423728813559322015e-01 3.370945724110521735e-01 5.666554756309244434e-01
5.710092581356670527e-01 1.000000000000000000e+00 6.603451652434882968e-02 2.975669929510571521e-01 6.202728277104647692e-01 4.846788688157313008e-01 5.423728813559322015e-01 3.382004803787734826e-01 5.718928803583035458e-01
5.679170265466512157e-01 1.000000000000000000e+00 7.541022404716256344e-02 2.195345938596086899e-01 5.701923647499903547e-01 4.566218513414099789e-01 5.423728813559322015e-01 3.406196540581638565e-01 5.676083804190209525e-01
5.626819327161243223e-01 1.000000000000000000e+00 7.586565859744061335e-02 2.709253108992006331e-01 5.172337106026368980e-01 4.573237670400968069e-01 5.423728813559322015e-01 3.416218831539112877e-01 5.635610351946168661e-01
5.338939133290029337e-01 1.000000000000000000e+00 1.004045420317402487e-01 2.309557762877710585e-01 5.036165572408561886e-01 4.859165183247703412e-01 5.423728813559322015e-01 3.471859826165091256e-01 5.340367018350917760e-01
5.279564289436302627e-01 1.000000000000000000e+00 1.311939699242899715e-01 1.578358364276069015e-01 4.699286864699131483e-01 4.850606283754528292e-01 5.423728813559322015e-01 3.461319140847747833e-01 5.280949761773802154e-01
5.136801981540833895e-01 1.000000000000000000e+00 1.118021955613252294e-01 2.687917665599088846e-01 4.863760151829658041e-01 4.105440435579699732e-01 5.423728813559322015e-01 3.478253356603480118e-01 5.154757737886894731e-01
5.219975302120734018e-01 1.000000000000000000e+00 9.975785116984019207e-02 2.945207386134423011e-01 4.276743664600021200e-01 3.708068610026436507e-01 5.423728813559322015e-01 3.524044858391940926e-01 5.223704042344974319e-01
5.153462342872234814e-01 1.000000000000000000e+00 8.672251088971082156e-02 1.677670631387137012e-01 3.774802513934115145e-01 5.920769127221089390e-01 5.423728813559322015e-01 3.520934492232724589e-01 5.173815833648826024e-01
5.032114381161085781e-01 1.000000000000000000e+00 9.086268604643292501e-02 1.436401746633732546e-01 5.234316290488300050e-01 4.124815073622224437e-01 5.423728813559322015e-01 3.577785073698397933e-01 5.021422499696412967e-01
4.970155539534452660e-01 1.000000000000000000e+00 1.061033687965327460e-01 2.647155654820417814e-01 4.719601191393273942e-01 4.301508594402446151e-01 5.423728813559322015e-01 3.585906585336351426e-01 4.980849042452122344e-01
4.777440700106358462e-01 1.000000000000000000e+00 1.227330614262437392e-01 1.616978136436398594e-01 5.421427183035651964e-01 4.268415618976931225e-01 5.423728813559322015e-01 3.607506350330908496e-01 4.771338566928346459e-01
4.763264402932338437e-01 1.000000000000000000e+00 1.098673628745735903e-01 2.117016707522863805e-01 4.270241772280895520e-01 5.148963030288354892e-01 5.423728813559322015e-01 3.608024744690777608e-01 4.761909524047630571e-01
4.882128300486106021e-01 1.000000000000000000e+00 8.869555117296229474e-02 1.930693308585629542e-01 3.858190797700360442e-01 3.713845624859882788e-01 5.423728813559322015e-01 3.640683589362547767e-01 4.890373090083075525e-01
4.477668405987451639e-01 1.000000000000000000e+00 8.002744833732547414e-02 7.689273553719551402e-02 3.744996696472463471e-01 4.121851182212732945e-01 5.423728813559322015e-01 3.647595514160805741e-01 4.485624281214060649e-01
4.201580378748402955e-01 9.166666666666666297e-01 9.594167643143665380e-02 1.960044559869103531e-01 3.425267915311404621e-01 3.394396531683000484e-01 5.480225988700564432e-01 3.183978158317637419e-01 4.197438443350739457e-01
3.992918989528385088e-01 9.166666666666666297e-01 9.801078152874484473e-02 1.836383255817884697e-01 2.861639331723400126e-01 3.011221101314469628e-01 5.480225988700564432e-01 3.222684937187883514e-01 3.991013836406105963e-01
3.568800725232523785e-01 9.166666666666666297e-01 1.036115785173749443e-01 1.360631580814016528e-01 2.591164205166357482e-01 2.936226189865278058e-01 5.480225988700564432e-01 3.223721725907622293e-01 3.564206781767659815e-01
3.347604805379283954e-01 9.166666666666666297e-01 1.044763801730083791e-01 1.996991335100130674e-02 2.290117172557037950e-01 2.767174746790712070e-01 5.480225988700564432e-01 3.251196626980698556e-01 3.357139285535705175e-01
3.131034384301856766e-01 8.333333333333333703e-01 1.076618020754802757e-01 8.088403760360250716e-02 1.746907386120055972e-01 2.011851596539122600e-01 5.480225988700564432e-01 3.231843237545575231e-01 3.130885115684355346e-01
2.612364643486826954e-01 7.500000000000000000e-01 1.146326143100330069e-01 8.721140630104169678e-02 2.708434165223582157e-01 2.057186655354258098e-01 5.480225988700564432e-01 3.262082908537954906e-01 2.614230711535576734e-01
2.455383209724968374e-01 6.666666666666666297e-01 1.126999649145099397e-01 6.144687385271935254e-02 2.357078900700328161e-01 2.176688412682618590e-01 5.480225988700564432e-01 3.286274645331858646e-01 2.452379761845234762e-01
2.310094008979749480e-01 5.833333333333333703e-01 8.285284551620754334e-02 0.000000000000000000e+00 2.261669513174581481e-01 1.215803703228699184e-01 5.593220338983050377e-01 3.252924608180263188e-01 2.321258920088861422e-01
1.944636776998136807e-01 5.000000000000000000e-01 4.883542154222889065e-02 5.873724227620596289e-02 1.700848616759980669e-01 1.844601084470063046e-01 5.593220338983050377e-01 3.246358279621917586e-01 1.950783253448386545e-01
1.855767240333207058e-01 4.166666666666666852e-01 5.802052774078917535e-02 1.707500555442008627e-01 2.263539205662703224e-01 1.904858464721988220e-01 5.593220338983050377e-01 3.253788598780045227e-01 1.849949640339159651e-01
1.991434261526271732e-01 4.166666666666666852e-01 5.084208451040021781e-02 1.631715630885237633e-01 1.830414913335067506e-01 2.014524823343212534e-01 5.593220338983050377e-01 3.272796391975255070e-01 2.002385833577393082e-01
1.979485056355421158e-01 4.166666666666666852e-01 5.953092861270836006e-02 1.519481409356372159e-01 3.877032845855984400e-01 1.598842480005531752e-01 5.593220338983050377e-01 3.298543311848767257e-01 1.985670712107033553e-01
1.943751650689184984e-01 4.166666666666666852e-01 6.758094170153927660e-02 1.954548063859663787e-01 5.637264483382850022e-01 1.920584610735157627e-01 5.593220338983050377e-01 3.304936842287156118e-01 1.945140114148564414e-01
2.003326361773964392e-01 4.166666666666666852e-01 5.348364856783734828e-02 1.525521076765354034e-01 2.423000668006519143e-01 2.018482354949297508e-01 5.593220338983050377e-01 3.303036062967634745e-01 2.002385833577393082e-01
2.017602592563511599e-01 4.166666666666666852e-01 3.700744131149430460e-02 1.335528714740507605e-01 2.210397792027428143e-01 2.004141750048537007e-01 5.593220338983050377e-01 3.327918992241364338e-01 2.016672262184537878e-01
2.007937584318987834e-01 4.166666666666666852e-01 4.010793318517519301e-02 9.240523144586840210e-02 2.315233486149479436e-01 2.011561808339105972e-01 5.593220338983050377e-01 3.338286879438751575e-01 2.004614516440107463e-01
2.238884169801488855e-01 3.333333333333333148e-01 2.026137925930096909e-02 1.759493840429754985e-01 1.911629586725925034e-01 1.792490151581585256e-01 5.593220338983050377e-01 3.317378306924020914e-01 2.238097619166672658e-01
2.274517641852198124e-01 3.333333333333333148e-01 0.000000000000000000e+00 1.739601862732169657e-01 4.210942344735414400e-01 2.372646961748744732e-01 5.593220338983050377e-01 3.334658118919666125e-01 2.278513925696284692e-01
2.269806485691648057e-01 3.333333333333333148e-01 1.290194118606423704e-02 3.008834058571097647e-01 2.673750033738888088e-01 1.803814773112336622e-01 5.593220338983050377e-01 3.350209949715747260e-01 2.269042023529748153e-01
2.307881193207369785e-01 3.333333333333333148e-01 5.078772055880901963e-03 2.480237172587082539e-01 5.980709798025412027e-01 1.930392079354577850e-01 5.593220338983050377e-01 3.376648062069084744e-01 2.309529762202396086e-01
2.241196919189395453e-01 3.333333333333333148e-01 1.351588267953586497e-02 2.218403155297373197e-01 1.900449195031952421e-01 2.056470415515274930e-01 5.593220338983050377e-01 3.375092878989476852e-01 2.240426307029637076e-01
2.283754363173035318e-01 3.333333333333333148e-01 9.955808002242681753e-03 2.579908058871890342e-01 3.345197360176394574e-01 1.320982882691406901e-01 5.593220338983050377e-01 3.392027094745209137e-01 2.290143078582500824e-01
2.210274603299236806e-01 3.333333333333333148e-01 2.595081787181066982e-02 2.358160517080672980e-01 2.303638999185399494e-01 1.961189726100163178e-01 5.593220338983050377e-01 3.394964662784468734e-01 2.204710235511775362e-01
2.246022285196262458e-01 3.333333333333333148e-01 2.159908179504090725e-02 3.301066517349056095e-01 1.952321816955001621e-01 2.167836915240326512e-01 5.593220338983050377e-01 3.416737225898981989e-01 2.240483452744065351e-01
2.236500039259634864e-01 3.333333333333333148e-01 2.285469258058692166e-02 2.424180700734996086e-01 2.175719770806289199e-01 1.753627618974438751e-01 5.593220338983050377e-01 3.413454061619809465e-01 2.235711785589279688e-01
2.217412718694010410e-01 3.333333333333333148e-01 2.700818581380325448e-02 2.762236827658847704e-01 1.756107588884968373e-01 2.222325040293000042e-01 5.593220338983050377e-01 3.426068324376631002e-01 2.218996664118920159e-01
2.222223808470087658e-01 3.333333333333333148e-01 2.652153019895676575e-02 3.599181693095699908e-01 2.768396703853902574e-01 1.383648204791593506e-01 5.593220338983050377e-01 3.443175338252320028e-01 2.219053809833348712e-01
2.224550834088784013e-01 3.333333333333333148e-01 2.334964470210191406e-02 3.340972226657211719e-01 2.676329431833934236e-01 1.612175363140032069e-01 5.593220338983050377e-01 3.454925610409358971e-01 2.223754044845099587e-01
2.193671346890994078e-01 3.333333333333333148e-01 2.500981935230045874e-02 3.598597045337569300e-01 1.604496821915271654e-01 1.887011201037867847e-01 5.593220338983050377e-01 3.448704878090926296e-01 2.190480952619059396e-01
2.212644457610301874e-01 3.333333333333333148e-01 2.589579893285091222e-02 1.885186805925756770e-01 2.346953682292719778e-01 1.716325357110592698e-01 5.593220338983050377e-01 3.486720464481346538e-01 2.218996664118920159e-01
2.210331708222394997e-01 3.333333333333333148e-01 2.523076842463091440e-02 2.294366295571486081e-01 2.127728857850585409e-01 1.685308737033056614e-01 5.593220338983050377e-01 3.501926699037514745e-01 2.209524761952383065e-01
2.219782573005075477e-01 3.333333333333333148e-01 2.354046435547823418e-02 3.661666331738553937e-01 2.217825091286915740e-01 1.707691973006953134e-01 5.593220338983050377e-01 3.479808539683088009e-01 2.221368211267706338e-01
2.207947577680540729e-01 3.333333333333333148e-01 3.054184266723082922e-02 3.105165072132488602e-01 2.264819910883870413e-01 1.713418080832480872e-01 5.593220338983050377e-01 3.497261149798689961e-01 2.209524761952383065e-01
2.203079382981305290e-01 3.333333333333333148e-01 2.823672378811506803e-02 2.173576778769068241e-01 2.173415473030393119e-01 1.395911975111468195e-01 5.593220338983050377e-01 3.503654680237078822e-01 2.202267256219953839e-01
2.222223808470087658e-01 3.333333333333333148e-01 3.079706941184972777e-02 3.940318950091648564e-01 2.450149309437035794e-01 2.388041517979213879e-01 5.593220338983050377e-01 3.513849769314509874e-01 2.219053809833348712e-01
2.388713211937784353e-01 3.333333333333333148e-01 2.453080525675394377e-02 3.356257506027850446e-01 3.409258169962363083e-01 2.440592120800609000e-01 5.593220338983050377e-01 3.537695909868500688e-01 2.392805354553441954e-01
2.403046547650489473e-01 3.333333333333333148e-01 3.852395539885344888e-02 3.444752106301320338e-01 2.433868894462417054e-01 1.875846617038746944e-01 5.593220338983050377e-01 3.545644623386497440e-01 2.404763095297622055e-01
2.445818135095971790e-01 3.333333333333333148e-01 2.724048800052223523e-02 3.653563025621169857e-01 1.949010162467537111e-01 1.765135963959132970e-01 5.593220338983050377e-01 3.547199806466105887e-01 2.447565235404627060e-01
2.419649804058732478e-01 3.333333333333333148e-01 4.280342453595782637e-02 3.610942105435134275e-01 2.185105394485248598e-01 2.260696477337397758e-01 5.593220338983050377e-01 3.559814069222926869e-01 2.426135592493910420e-01
2.429214878687728785e-01 3.333333333333333148e-01 3.191338621701345774e-02 3.768816508415032684e-01 2.639757746627652280e-01 1.925256691735381387e-01 5.593220338983050377e-01 3.573810716939399557e-01 2.430950118934518123e-01
2.407743427580250062e-01 3.333333333333333148e-01 3.945949569029225806e-02 3.801527480769530398e-01 2.681667273796098372e-01 2.017370751244382809e-01 5.593220338983050377e-01 3.580031449257832232e-01 2.411849163886765623e-01
2.519626248277929692e-01 3.333333333333333148e-01 3.813249128157229079e-02 3.145230089651529504e-01 2.494667684364873239e-01 1.810312606756720732e-01 5.593220338983050377e-01 3.585560989096438500e-01 2.526197738458351161e-01
2.595704282155425480e-01 3.333333333333333148e-01 4.311541685251932959e-02 3.063226805880143733e-01 2.997309619050916307e-01 1.907326179386948928e-01 5.593220338983050377e-01 3.599212040572998816e-01 2.585657854321287141e-01
2.624199638811360868e-01 3.333333333333333148e-01 3.864403641642437381e-02 3.003555304942678861e-01 2.381197308924828115e-01 2.291685131220629890e-01 5.593220338983050377e-01 3.619602218727860365e-01 2.628445707999685910e-01
2.619559863804758471e-01 3.333333333333333148e-01 4.930963239707254059e-02 3.883017586703777502e-01 2.401022272737800833e-01 2.489577565599807862e-01 5.593220338983050377e-01 3.629106115325465010e-01 2.616673690827398535e-01
2.621872613192664514e-01 3.333333333333333148e-01 4.153471400304044325e-02 3.871760093632329869e-01 3.379955326520696635e-01 2.049754363494889486e-01 5.593220338983050377e-01 3.643793955521764105e-01 2.630888687291507155e-01
2.600529648162291929e-01 3.333333333333333148e-01 3.938963037097828468e-02 3.250588474034392661e-01 2.409776366063555442e-01 2.378000984610923463e-01 5.593220338983050377e-01 3.658481795718062646e-01 2.597615595065467242e-01
2.600529648162291929e-01 3.333333333333333148e-01 4.432103026893126352e-02 3.479609057967882890e-01 2.250039147224504044e-01 1.786977069348092972e-01 5.593220338983050377e-01 3.661419363757322243e-01 2.611902023672612039e-01
2.602899502473356996e-01 3.333333333333333148e-01 4.531857603126124290e-02 3.785312242268328298e-01 2.402447270478327568e-01 2.345772935957442240e-01 5.593220338983050377e-01 3.668676884795493698e-01 2.616673690827398535e-01
2.571905805429250957e-01 3.333333333333333148e-01 4.527731182704141516e-02 3.113188293397880502e-01 2.953156999081514300e-01 1.972635137300421393e-01 5.593220338983050377e-01 3.671960049074666221e-01 2.576128806440322050e-01
2.650367969848600458e-01 3.333333333333333148e-01 3.695744394236024494e-02 3.407376840271968410e-01 2.398035997309595768e-01 2.323701697018146772e-01 5.593220338983050377e-01 3.685611100551225983e-01 2.647503803761616648e-01
2.587838078990384871e-01 3.333333333333333148e-01 3.675723613670110745e-02 3.975326084943497373e-01 2.879472915494062368e-01 2.984279191853635993e-01 5.593220338983050377e-01 3.702026921947089155e-01 2.596829841492074853e-01
2.571905805429250957e-01 3.333333333333333148e-01 4.579366020259631465e-02 3.728645447896644649e-01 2.620470407747987895e-01 2.270537255926278197e-01 5.593220338983050377e-01 3.715159579063779804e-01 2.578514640017715021e-01
2.581485156289036742e-01 3.333333333333333148e-01 3.864097980870438015e-02 4.429738405829191095e-01 4.259066425316833659e-01 1.878325777492385884e-01 5.593220338983050377e-01 3.715505175303692731e-01 2.583329166458323001e-01
2.607596382403117863e-01 3.333333333333333148e-01 3.879228189084371614e-02 3.159120237623918581e-01 2.156894843428547315e-01 1.795237209795122191e-01 5.593220338983050377e-01 3.723799485061602410e-01 2.611844877958183764e-01
2.605283633015211264e-01 3.333333333333333148e-01 4.688879908284303288e-02 3.738068572778641685e-01 2.542677433788226304e-01 1.936585800330407336e-01 5.593220338983050377e-01 3.732784987299337942e-01 2.602387262220253739e-01
2.590950297302506145e-01 3.333333333333333148e-01 3.886433050138626832e-02 3.020227576868858566e-01 2.500509680259984657e-01 2.714409749609321132e-01 5.593220338983050377e-01 3.754903146653764678e-01 2.592801068624859817e-01
2.588080774913807391e-01 3.333333333333333148e-01 4.449372860511050659e-02 2.944738597862804341e-01 2.842600972538683601e-01 2.137129617027396788e-01 5.593220338983050377e-01 3.763197456411674358e-01 2.580414735022465433e-01
2.607596382403117863e-01 3.333333333333333148e-01 2.709464414645429420e-02 2.908103841830066427e-01 2.418443615387296519e-01 2.707718447014411112e-01 5.593220338983050377e-01 3.780304470287363383e-01 2.614230711535576734e-01
2.602899502473356996e-01 3.333333333333333148e-01 4.518626858281037106e-02 3.627205938948437347e-01 2.295040618250889508e-01 2.138761195001338267e-01 5.593220338983050377e-01 3.779613277807537530e-01 2.600001428642860768e-01
2.759866660004425265e-01 3.333333333333333148e-01 4.485615494905179079e-02 4.187903746817805972e-01 2.373024545471700830e-01 2.118507302435825301e-01 5.593220338983050377e-01 3.806742582640700867e-01 2.761838091904594839e-01
2.786106372195613079e-01 3.333333333333333148e-01 4.934543837322096643e-02 4.483119590207320648e-01 2.245739622649241818e-01 2.056082719375856294e-01 5.593220338983050377e-01 3.830588723194691680e-01 2.785710714107134112e-01
2.785920781195349027e-01 3.333333333333333148e-01 4.388175207374458986e-02 4.548654571879383046e-01 2.413488209704071352e-01 2.607926058784508783e-01 5.593220338983050377e-01 3.848905323910075671e-01 2.787910824112633801e-01
2.774214271947920141e-01 3.333333333333333148e-01 4.948669731570892738e-02 4.391441138145014689e-01 3.046812391809053944e-01 2.146011286448331890e-01 5.593220338983050377e-01 3.836291061153254689e-01 2.776195952654775256e-01
2.835944693881921608e-01 3.333333333333333148e-01 3.234043798132017755e-02 3.019295815404047234e-01 2.428643987026649353e-01 2.565532633308022503e-01 5.593220338983050377e-01 3.846486150230685741e-01 2.835584636374675616e-01
2.812217598309694200e-01 3.333333333333333148e-01 3.285547638213795474e-02 3.136302447991815012e-01 1.982496453536812808e-01 2.443499590741334271e-01 5.593220338983050377e-01 3.864284356586200619e-01 2.811840592029601349e-01
2.902686072823053576e-01 3.333333333333333148e-01 3.080361928553541559e-02 3.125509277030388833e-01 2.710856424195892678e-01 2.449965923028119830e-01 5.593220338983050377e-01 3.869986694544763628e-01 2.909531190845256465e-01
3.028716638233173719e-01 3.333333333333333148e-01 3.350653382649515510e-02 4.075300726894098280e-01 4.195669828269133483e-01 2.529978921636454325e-01 5.593220338983050377e-01 3.884156140381192501e-01 3.026122734708163731e-01
3.109677143040694425e-01 3.333333333333333148e-01 1.077126727611056947e-02 4.706059529132400887e-01 2.581991284878716875e-01 2.638876472507688531e-01 5.593220338983050377e-01 3.899189576817403968e-01 3.114284285642853756e-01
3.028716638233173719e-01 3.333333333333333148e-01 2.233812587590913376e-02 3.729376481469159899e-01 3.308618469073092427e-01 2.621912897892156313e-01 5.593220338983050377e-01 3.914395811373572176e-01 3.026122734708163731e-01
3.040680119634814327e-01 3.333333333333333148e-01 4.109718244083661320e-02 3.940876970911729171e-01 3.249974507258052148e-01 2.745115061959861880e-01 5.593220338983050377e-01 3.908693473415009167e-01 3.038094761880951178e-01
3.033542004240040724e-01 3.333333333333333148e-01 3.289477562425206780e-02 4.090781871255192992e-01 2.565502037349691178e-01 2.261572039141068191e-01 5.593220338983050377e-01 3.944289886126038924e-01 3.035708928303558207e-01
3.059724611508069514e-01 3.333333333333333148e-01 2.311908914836577691e-02 3.936882125388176390e-01 3.364368429469554722e-01 2.742220626497726133e-01 5.593220338983050377e-01 3.943253097406300145e-01 3.054767024065488945e-01
3.247614084929297262e-01 3.333333333333333148e-01 3.044752448615695509e-02 4.827810245525692712e-01 3.123931051530797753e-01 2.745997106537446109e-01 5.593220338983050377e-01 3.946536261685472669e-01 3.242790710964119638e-01
3.226271119898924677e-01 3.333333333333333148e-01 4.158711299252593196e-02 4.008024157572366297e-01 2.718711399764482950e-01 2.655781577426138962e-01 5.593220338983050377e-01 3.979022308237286643e-01 3.221432500196438342e-01
3.221431477661267917e-01 3.333333333333333148e-01 2.815812530388683496e-02 4.487118267108081149e-01 2.800942700611612768e-01 2.822081941326132770e-01 5.593220338983050377e-01 3.988180608594978360e-01 3.230875829505761021e-01
3.428422547878908766e-01 3.333333333333333148e-01 4.087601503938329689e-02 5.353525425754820377e-01 3.454264661638803413e-01 3.251565296288111973e-01 5.593220338983050377e-01 3.996820514592800966e-01 3.426114162851000011e-01
3.459430521153805116e-01 3.333333333333333148e-01 3.010758604186986043e-02 5.249355743153840681e-01 2.837263901131923394e-01 2.948682628225888780e-01 5.593220338983050377e-01 4.023777021306008117e-01 3.466673333666683288e-01
3.423668563025989986e-01 3.333333333333333148e-01 3.588828622773341387e-02 5.212348561386891399e-01 3.314955396316160430e-01 3.332990423587946505e-01 5.593220338983050377e-01 4.034836100983221208e-01 3.428499996428392982e-01
3.545087905891086688e-01 3.333333333333333148e-01 3.331789746434740684e-02 5.126624398233182722e-01 2.825324271566465040e-01 3.206809049069808126e-01 5.593220338983050377e-01 4.061792607696428359e-01 3.540477023851192895e-01
3.649689848886097376e-01 3.333333333333333148e-01 4.081444622673785494e-02 5.524288139579873746e-01 3.056777707930407595e-01 2.107001593232120107e-01 5.593220338983050377e-01 4.063002194536123324e-01 3.649925353410528039e-01
3.668805721913300788e-01 3.333333333333333148e-01 2.080982201591576736e-02 5.181534098079397799e-01 4.659878921569858279e-01 3.623231557785238088e-01 5.593220338983050377e-01 4.079763612171899423e-01 3.676198095619065964e-01
3.875554096207519672e-01 3.333333333333333148e-01 3.620530011412061849e-02 5.125182270119242878e-01 3.273202737372065685e-01 3.782225267625533016e-01 5.593220338983050377e-01 4.094451452368197963e-01 3.878322487552949283e-01
3.844874476240783268e-01 3.333333333333333148e-01 3.479664061345241755e-02 5.079988228739649170e-01 3.221221870474649807e-01 3.461459521425427344e-01 5.593220338983050377e-01 4.112940851203538695e-01 3.845235118898802651e-01
3.813866502965886918e-01 3.333333333333333148e-01 3.582890070631654378e-02 5.567061997462028344e-01 3.358841476355353683e-01 3.913633904619507331e-01 5.593220338983050377e-01 4.143698916555788037e-01 3.818962376690263061e-01
3.887703168609423776e-01 3.333333333333333148e-01 3.154397334114079215e-02 5.069490323202806570e-01 4.101473258829470558e-01 3.030205341788243523e-01 5.593220338983050377e-01 4.154412399993088201e-01 3.888094404720235930e-01
4.073194235258007501e-01 3.333333333333333148e-01 2.575104672439725711e-02 5.839430000979857205e-01 3.238809803590507741e-01 3.655693413013870186e-01 5.593220338983050377e-01 4.173592991308254785e-01 4.083247019493831953e-01
4.049495692147359049e-01 3.333333333333333148e-01 2.932749608590464255e-02 5.484095893132487909e-01 4.084765492623810834e-01 3.550855102727207835e-01 5.593220338983050377e-01 4.179122531146861053e-01 4.050002500125006177e-01
4.232602628254088506e-01 3.333333333333333148e-01 2.327039123050511985e-02 5.790410941571761949e-01 3.888692998588396676e-01 4.025299399724742710e-01 5.593220338983050377e-01 4.186207254065075767e-01 4.235626067017636553e-01
4.258770959291327540e-01 3.333333333333333148e-01 4.377280584143932590e-02 6.258886978618622976e-01 3.975738278102300960e-01 3.723268410598848388e-01 5.593220338983050377e-01 4.203314267940764792e-01 4.264198924231925591e-01
4.465861963124495571e-01 3.333333333333333148e-01 3.100339043294882829e-02 6.278649834370129135e-01 4.598351059835988908e-01 3.840536532278023829e-01 5.593220338983050377e-01 4.229752380294102276e-01 4.461908809726200520e-01
4.422947613371118192e-01 3.333333333333333148e-01 3.606185788040411344e-02 6.607691875602944576e-01 3.946794411139500358e-01 3.652685596297784998e-01 5.593220338983050377e-01 4.248932971609268860e-01 4.435621781089054694e-01
4.667899181258163832e-01 3.333333333333333148e-01 2.566131345490335960e-02 6.579261730474887937e-01 4.431918509171590692e-01 3.623662000843485553e-01 5.593220338983050377e-01 4.271569525323564709e-01 4.678376775981656355e-01
4.646584768689370759e-01 3.333333333333333148e-01 3.180509497207678615e-02 6.997804267194325245e-01 4.047097487676584726e-01 4.507188688253685460e-01 5.593220338983050377e-01 4.301118003836118531e-01 4.652289757345010046e-01
4.760794615005746189e-01 4.166666666666666852e-01 5.964031150325931757e-02 6.458487199118236877e-01 3.881734768911119793e-01 3.589362271004077898e-01 5.593220338983050377e-01 4.292996492198165037e-01 4.752280471166415166e-01
4.577687678899017842e-01 4.166666666666666852e-01 1.094272113628955295e-01 6.735145200229848417e-01 6.769729112138682670e-01 4.140690123207977358e-01 5.706214689265536322e-01 4.336887214667104473e-01 4.588100833613109053e-01
4.829791638411626287e-01 4.166666666666666852e-01 9.703113875448914072e-02 7.131805551494636575e-01 3.847156402175586631e-01 3.677932258738794702e-01 5.706214689265536322e-01 4.363498125140398698e-01 4.842756423535461985e-01
4.753742156995710011e-01 5.000000000000000000e-01 1.081995467050751308e-01 7.222223752506017336e-01 3.793100676393773574e-01 3.918356449501331773e-01 5.706214689265536322e-01 4.365917298819788628e-01 4.757137856892844630e-01
4.927326847165812151e-01 5.833333333333333703e-01 6.693337752314779121e-02 6.757954737664888523e-01 4.109336054331417243e-01 4.198351492237363258e-01 5.706214689265536322e-01 4.401513711530818385e-01 4.926089161600937238e-01
5.062951039666507835e-01 5.833333333333333703e-01 1.348811121510855027e-01 5.627632511791069714e-01 4.630895407123536422e-01 5.120944025174333225e-01 5.706214689265536322e-01 4.416028753607160739e-01 5.071324994821170273e-01
5.381867759274195917e-01 5.833333333333333703e-01 8.161339108575289825e-02 5.854777364530872052e-01 5.250894440847060363e-01 5.217574536438189803e-01 5.706214689265536322e-01 4.436073335522109362e-01 5.390483809904780266e-01
5.522131726781495109e-01 5.833333333333333703e-01 7.917683807467772172e-02 6.406800220269277535e-01 4.600487033395862513e-01 4.567125517491859021e-01 5.706214689265536322e-01 4.445922828359627488e-01 5.530847970969977601e-01
5.805257935799791325e-01 5.833333333333333703e-01 7.523250414115761897e-02 6.204138355311235031e-01 6.602936200403679567e-01 5.791810020300942607e-01 5.706214689265536322e-01 4.484629607229873582e-01 5.821319637410442560e-01
5.960026553789269377e-01 5.833333333333333703e-01 8.238714949715526814e-02 6.370048573225394195e-01 4.510845090529892465e-01 5.672382855902813326e-01 5.706214689265536322e-01 4.507784555304038543e-01 5.964283928482139174e-01
6.021885461800375872e-01 5.833333333333333703e-01 7.973379566708388433e-02 6.115854537461373752e-01 5.858461098904134134e-01 5.483326800152432678e-01 5.706214689265536322e-01 4.529902714658464724e-01 6.030958690791682342e-01
6.186062115880165413e-01 5.833333333333333703e-01 7.645034398844949286e-02 7.065798494274652120e-01 5.137159776943377443e-01 5.355162340170253055e-01 5.706214689265536322e-01 4.559278395051061805e-01 6.192852499767845798e-01
6.421348675522688954e-01 6.666666666666666297e-01 9.536310425586776163e-02 7.566401898777946888e-01 5.958949289337097666e-01 5.750113248480175354e-01 6.158192090395480101e-01 4.599885953240828718e-01 6.421178201767231419e-01
6.078876175112246649e-01 7.500000000000000000e-01 1.889457345148432277e-01 6.406460066520008878e-01 6.029179815843470625e-01 5.787267128675768202e-01 9.887005649717514055e-01 4.640320713310639444e-01 6.083218446636617927e-01
6.487975844617503984e-01 7.500000000000000000e-01 1.247661422182806401e-01 6.412681996396814021e-01 5.519580434075481712e-01 5.855209750419158032e-01 9.887005649717514055e-01 4.683347445179796287e-01 6.504510939832706118e-01
7.021178788376293278e-01 7.500000000000000000e-01 8.338818852545093474e-02 6.455960927279705830e-01 6.253792171031397062e-01 6.227114367921636751e-01 9.887005649717514055e-01 4.685421022619273845e-01 7.021422499696413633e-01
6.963945379140999981e-01 7.500000000000000000e-01 9.876336201523019942e-02 5.925044437117673590e-01 7.036397345842136941e-01 6.551112714048171748e-01 9.887005649717514055e-01 4.702873632734875797e-01 6.976063088868729167e-01
7.056869365350161294e-01 7.500000000000000000e-01 8.117935278951479705e-02 6.745363857312504097e-01 6.159039399049233143e-01 6.147135302942023927e-01 9.887005649717514055e-01 4.747973942043510753e-01 7.061910238369061288e-01
6.994867695031158350e-01 7.500000000000000000e-01 1.028255936750926552e-01 6.270520694795184147e-01 6.691576577763538314e-01 6.511678059410390684e-01 9.887005649717514055e-01 4.763871369079504259e-01 6.997492731779445529e-01
7.297024119691919442e-01 7.500000000000000000e-01 7.179382045617251074e-02 5.009358025475770804e-01 7.101951552200663764e-01 6.253587055847753540e-01 9.887005649717514055e-01 4.786853519033713034e-01 7.295093326094875819e-01
7.344749559221375179e-01 7.500000000000000000e-01 6.036014262131621233e-02 5.581738643292962765e-01 6.354413884267956503e-01 6.604414123843787010e-01 9.887005649717514055e-01 4.827288279103523205e-01 7.359525119113098368e-01
7.399341865760602488e-01 7.500000000000000000e-01 6.429574338992205540e-02 5.213312436140548067e-01 6.934575384204522130e-01 7.520748797373389971e-01 9.887005649717514055e-01 4.867895837293290118e-01 7.414142135678212231e-01
7.589815336954738312e-01 7.500000000000000000e-01 5.408449031393763873e-02 5.529955267900289462e-01 6.764633856669599599e-01 6.806603170087736077e-01 9.943502824858757583e-01 4.909712982322752550e-01 7.585707856821412021e-01
7.477846858872321256e-01 7.500000000000000000e-01 7.231955698401022758e-02 5.576900350682781893e-01 7.220442433215642497e-01 6.397639642565698948e-01 9.943502824858757583e-01 4.933213526636830437e-01 7.487960112291328629e-01
7.699256922187404095e-01 7.500000000000000000e-01 6.652466540516098481e-02 5.474568017490796246e-01 7.038368860002938154e-01 6.387020051419288746e-01 9.943502824858757583e-01 4.968809939347859639e-01 7.699999285678570393e-01
7.792052422319459826e-01 7.500000000000000000e-01 5.743606067890314609e-02 6.093008522594808296e-01 6.307346674602776204e-01 7.064241091760888880e-01 9.943502824858757583e-01 4.983670577664114920e-01 7.795232618773795252e-01
7.756219083037696471e-01 7.500000000000000000e-01 7.021551922704502569e-02 5.754686681726790543e-01 6.571986066027364348e-01 7.465770187287561477e-01 9.943502824858757583e-01 5.013564652416582224e-01 7.761759516547256377e-01
7.856295460872421144e-01 7.500000000000000000e-01 7.490086220353905921e-02 5.891877632894362282e-01 6.854883189832760015e-01 6.786043261051708519e-01 9.943502824858757583e-01 5.056591384285739066e-01 7.864293214660733611e-01
7.903878138093981542e-01 7.500000000000000000e-01 6.862739318738902972e-02 6.354562826677475629e-01 6.032353324194913435e-01 7.220275909313045304e-01 9.943502824858757583e-01 5.084930275958597923e-01 7.909524047630953625e-01
7.839492337233124886e-01 7.500000000000000000e-01 7.769809492557268327e-02 6.539221401534424105e-01 6.256384463889531622e-01 6.921774079940223867e-01 9.943502824858757583e-01 5.094779768796116048e-01 7.840334873886550815e-01
7.794436552861313539e-01 7.500000000000000000e-01 8.451651343237177871e-02 6.516461229921098885e-01 7.205030566620521659e-01 6.798343407118682125e-01 9.943502824858757583e-01 5.120353890549670384e-01 7.811904880958333575e-01
7.825358868751471908e-01 7.500000000000000000e-01 7.774045077540678306e-02 6.255994719573262364e-01 7.254930669048766934e-01 6.838025263876094106e-01 9.943502824858757583e-01 5.154395120181092249e-01 7.830948690291656966e-01
7.894213129849457777e-01 7.500000000000000000e-01 9.057863985759700975e-02 6.516651506541839556e-01 6.561805132852069899e-01 7.100963639363181423e-01 9.943502824858757583e-01 5.210036114807070629e-01 7.897466301886523210e-01
8.096592977522074630e-01 7.500000000000000000e-01 7.166456961544162563e-02 6.729060089059841765e-01 7.382367066207748962e-01 7.360128718755205579e-01 9.943502824858757583e-01 5.243386151958666641e-01 8.085718571642868113e-01
7.989378484292577465e-01 7.500000000000000000e-01 8.942236882295057088e-02 6.319540309639618547e-01 6.995064934571453286e-01 7.128475757205439134e-01 9.943502824858757583e-01 5.259629175234573628e-01 8.011757730743679362e-01
8.022684930724590657e-01 7.500000000000000000e-01 8.282839265444764953e-02 6.165147529004393334e-01 7.275134619701253413e-01 6.887149820797452415e-01 9.943502824858757583e-01 5.268787475592265901e-01 8.028415706499610893e-01
8.015703853868502149e-01 7.500000000000000000e-01 8.801480096789665586e-02 6.108268966026210167e-01 7.223007124538408652e-01 6.326077991769487596e-01 9.943502824858757583e-01 5.311987005581378929e-01 8.028572857214290037e-01
7.994289507684181340e-01 7.500000000000000000e-01 8.729540650808549629e-02 6.778473236219438869e-01 7.091955197144443890e-01 7.152635617885685360e-01 9.943502824858757583e-01 5.356050526170275106e-01 7.997614166422607473e-01
8.201280577901821633e-01 7.500000000000000000e-01 8.528284865359704592e-02 6.460297978266356100e-01 7.580056311899963095e-01 6.550197129731926138e-01 9.943502824858757583e-01 5.405989182837690477e-01 8.211910595529775536e-01
8.260769631601865282e-01 7.500000000000000000e-01 8.668473995145668798e-02 6.907642983829141992e-01 8.176458759926549247e-01 7.074749336751996465e-01 9.943502824858757583e-01 5.412209915156123152e-01 8.259527262077389631e-01
8.120234415709565168e-01 8.333333333333333703e-01 1.078473818299080650e-01 6.282619571903992339e-01 7.013668580109042594e-01 6.196048439373343930e-01 9.943502824858757583e-01 5.427416149712290805e-01 8.135563921053196035e-01
7.958299129863734001e-01 8.333333333333333703e-01 1.321819092052143041e-01 6.617031310964450741e-01 6.424574133713499835e-01 6.877027771881115692e-01 9.943502824858757583e-01 5.810682379775707895e-01 7.956840699177816223e-01
8.048867537992620003e-01 8.333333333333333703e-01 1.168711428066776525e-01 5.975561145602913404e-01 6.236336171448614296e-01 6.597404751742508289e-01 9.943502824858757583e-01 5.837466088368958861e-01 8.059374397291293457e-01
8.132140792188047307e-01 8.333333333333333703e-01 9.391863877905115565e-02 6.573190629903193916e-01 7.816081152477527549e-01 6.318330161147389656e-01 9.943502824858757583e-01 5.908313317551104893e-01 8.130806540327016885e-01
8.313106293676344460e-01 8.333333333333333703e-01 9.850617030850557232e-02 5.888418443376596256e-01 6.616650485284113481e-01 7.015892426045777786e-01 9.943502824858757583e-01 5.949957664460611140e-01 8.316672976505967707e-01
8.341501716716752668e-01 8.333333333333333703e-01 9.906945944547458638e-02 6.270550064908632093e-01 6.706530981267221359e-01 7.689805754908805024e-01 9.943502824858757583e-01 5.961880734737605714e-01 8.340317015850793325e-01
8.284553832097250048e-01 8.333333333333333703e-01 9.269468571631926668e-02 6.706791002519815192e-01 7.812711543795733959e-01 7.302710849278879479e-01 9.943502824858757583e-01 6.016657738763802055e-01 8.297614880744037524e-01
8.348639832111526271e-01 8.333333333333333703e-01 9.246718677030311972e-02 5.845635324443617664e-01 6.358931692741253139e-01 7.090415742772637753e-01 9.943502824858757583e-01 6.020632095522800986e-01 8.345088683005579266e-01
8.355777947506298764e-01 8.333333333333333703e-01 8.950991880121590694e-02 6.504460959765930861e-01 8.780780278079428625e-01 7.053293478819244733e-01 9.943502824858757583e-01 6.072471531509736620e-01 8.352231897309151387e-01
8.451100340488105767e-01 8.333333333333333703e-01 9.295296906865815889e-02 5.888820035186417279e-01 7.778266699863797262e-01 7.368864563510864052e-01 9.943502824858757583e-01 6.103747991221855074e-01 8.452379761845236761e-01
8.519940325355299660e-01 8.333333333333333703e-01 9.281105513880162639e-02 6.350544471460641827e-01 8.012261337650612436e-01 7.316527649329773730e-01 9.943502824858757583e-01 6.145219540011405135e-01 8.530797968469852055e-01
8.541354671539620469e-01 8.333333333333333703e-01 1.022909056532178146e-01 6.668050439958518316e-01 7.456240327166842041e-01 7.622992872225203831e-01 9.943502824858757583e-01 6.168028891845657169e-01 8.559370825684141648e-01
8.558015032871021388e-01 8.333333333333333703e-01 9.448454786549441431e-02 5.827767730841207916e-01 8.604149197884691791e-01 7.421542484729521938e-01 9.943502824858757583e-01 6.200169342157557661e-01 8.559370825684141648e-01
8.472357648133740371e-01 8.333333333333333703e-01 1.033987076225901525e-01 6.524388882129569245e-01 7.937177654551144101e-01 7.264011029373359518e-01 9.943502824858757583e-01 6.208290853795510600e-01 8.490324516225811191e-01
8.562926056262626373e-01 8.333333333333333703e-01 9.979780539932284200e-02 6.780555215662522617e-01 7.962788044656641251e-01 6.879998451329318865e-01 9.943502824858757583e-01 6.275509322458571182e-01 8.569042737851179092e-01
8.703147195077557408e-01 8.333333333333333703e-01 1.034775244359412566e-01 6.341611309443825339e-01 7.768452864098931432e-01 7.507676383888728378e-01 9.943502824858757583e-01 6.325275181006030367e-01 8.711749873207946804e-01
8.722177410720022284e-01 8.333333333333333703e-01 1.052673865851163348e-01 6.686766388891138835e-01 7.503001963454631884e-01 8.031767453967576520e-01 9.943502824858757583e-01 6.308340965250297527e-01 8.723650468237698075e-01
8.684274017973774296e-01 8.333333333333333703e-01 9.601721830794492096e-02 7.007636159216830141e-01 7.381114666857749862e-01 7.263730697817214477e-01 9.943502824858757583e-01 6.370721086554578250e-01 8.692863214589300336e-01
8.643658141377513759e-01 9.166666666666666297e-01 1.110795261646712329e-01 6.692334490846798545e-01 7.516987929314611350e-01 8.310289754896612591e-01 9.943502824858757583e-01 6.008017832765979449e-01 8.666504753809118888e-01
8.676978864040316708e-01 9.166666666666666297e-01 1.012940148782563998e-01 6.279077577029709145e-01 6.688174960932659063e-01 7.763231231105952590e-01 9.943502824858757583e-01 6.031345578960101150e-01 8.685548563142443390e-01
8.727102710342417025e-01 9.166666666666666297e-01 9.860267178080804606e-02 5.891348336067906422e-01 6.977929540216403215e-01 7.755626917609858006e-01 9.943502824858757583e-01 6.098045653263292065e-01 8.740479881136914431e-01
8.650796256772287363e-01 9.166666666666666297e-01 1.027349870891073047e-01 5.438967676626993430e-01 7.519235627388098919e-01 7.740133964359827701e-01 9.943502824858757583e-01 6.109450329180418082e-01 8.647460944475795497e-01
8.652209603620452105e-01 9.166666666666666297e-01 1.011780821140197545e-01 5.243081613596435320e-01 7.053113202879537358e-01 7.304315774025386121e-01 9.943502824858757583e-01 6.152822657289488406e-01 8.677433871693586154e-01
8.767547272169202710e-01 9.166666666666666297e-01 8.861018448592551666e-02 5.165628725043738267e-01 7.463998868930616926e-01 7.296276028196942987e-01 9.943502824858757583e-01 6.191356638039777760e-01 8.764281071196418083e-01
8.814972910852078014e-01 9.166666666666666297e-01 7.977702483340941286e-02 4.658344543568973539e-01 7.865856430950292077e-01 7.632402088451580857e-01 9.943502824858757583e-01 6.230581811269892967e-01 8.811740587029353033e-01
8.774528349025292329e-01 9.166666666666666297e-01 9.851403015692840326e-02 5.339539856086171765e-01 7.435405544476988426e-01 7.677839437233042741e-01 9.943502824858757583e-01 6.259957491662491158e-01 8.783167729815062330e-01
8.796099733748297123e-01 9.166666666666666297e-01 7.975999516182662175e-02 5.115352497823183464e-01 8.294121829659051315e-01 7.703333636600232515e-01 9.943502824858757583e-01 6.295899500613433286e-01 8.792853928410705455e-01
8.791345748895376122e-01 9.166666666666666297e-01 8.202865307742539247e-02 4.796296782586479956e-01 7.728592857786011905e-01 7.157619784545774522e-01 9.943502824858757583e-01 6.349466917799934107e-01 8.802382976291672767e-01
8.893477903963795672e-01 9.166666666666666297e-01 7.542070384505968061e-02 5.720752604543587472e-01 8.188520582723178842e-01 7.909328737462619774e-01 9.943502824858757583e-01 6.384026541791225640e-01 8.909359753701969753e-01
8.898403203586190413e-01 9.166666666666666297e-01 6.744950756957986127e-02 5.482681094753600881e-01 7.239334061795541508e-01 7.017120900214096624e-01 9.943502824858757583e-01 6.432755611618945490e-01 8.907145357267864938e-01
8.865096757154177221e-01 9.166666666666666297e-01 6.977383941150694380e-02 5.546914847775313850e-01 6.581444085794514454e-01 6.877910384316870962e-01 9.943502824858757583e-01 6.428781254859947669e-01 8.871429285750003224e-01
8.541354671539620469e-01 9.166666666666666297e-01 9.035747245614365875e-02 4.981699460773105215e-01 6.935286360023869001e-01 7.245235176436156666e-01 9.943502824858757583e-01 6.490124587444489057e-01 8.552227611380569527e-01
8.605754748631266882e-01 9.166666666666666297e-01 8.102717739088399762e-02 5.691561454951483690e-01 7.438229190575204042e-01 7.511751928239391862e-01 9.943502824858757583e-01 6.489606193084619390e-01 8.614287857250004787e-01
8.524865624977694400e-01 9.166666666666666297e-01 1.019116679668166103e-01 5.769673068333476262e-01 7.099285298063675587e-01 7.554846389398520712e-01 9.943502824858757583e-01 6.530213751274386302e-01 8.540469880636888389e-01
8.519940325355299660e-01 9.166666666666666297e-01 9.845311633165154674e-02 5.874131577831662732e-01 6.659981915931542096e-01 7.398675016727181974e-01 9.943502824858757583e-01 6.581189196661539897e-01 8.535555349196032315e-01
8.424617932373494877e-01 9.166666666666666297e-01 1.135545051013691076e-01 5.530866636916590418e-01 8.190882214637102976e-01 7.987404794827515087e-01 9.943502824858757583e-01 6.614884830053049392e-01 8.444922246112305242e-01
8.384487447624079381e-01 9.166666666666666297e-01 9.655823787438261308e-02 5.780561694997468081e-01 7.830278708035469659e-01 7.038190371691881442e-01 9.943502824858757583e-01 6.653073214563425264e-01 8.402377261720228585e-01
