1.871328331893812535e+00 1.000000000000000000e+00 1.584452826827234340e+01 1.000000000000000000e+02 7.090385027367804405e+00 7.402072303400925257e+00 1.162711864406779583e+01 1.200152062345561710e+00 1.824852671204988397e+00
3.261072287694601890e+00 9.250000000000000000e+00 1.673628112581848626e+01 6.198360806926400102e+01 1.224046497827013358e+00 1.000000000000000000e+00 1.162711864406779583e+01 1.254894506747766592e+00 3.262687420085288892e+00
1.588658962260784069e+00 9.250000000000000000e+00 1.785552747115271544e+01 4.989109683335924927e+01 1.327676491266529091e+00 2.175624172288043390e+00 1.386440677966101731e+01 1.335297471963504901e+00 1.518361632367331904e+00
6.582154711513066303e+00 9.250000000000000000e+00 2.053178031461662556e+01 4.608411958804678932e+01 1.247294277654021322e+01 1.227514773317750496e+01 1.386440677966101731e+01 1.660330735601596608e+00 6.633381669083453502e+00
6.370152684288293621e+00 1.750000000000000000e+01 4.776768973510345262e+01 5.572911534477385231e+01 2.430079733352865645e+01 9.140625160889729983e+00 1.554237288135593253e+01 1.961414179813723679e+00 6.350510382661990860e+00
1.046857587459759031e+01 1.750000000000000000e+01 2.299733420140992379e+01 6.595250120499646584e+01 8.730163379730552009e+00 8.848802838089227407e+00 1.554237288135593253e+01 2.110245200532218313e+00 1.047533948125977865e+01
9.950725589429879392e+00 1.750000000000000000e+01 2.555399355623426771e+01 6.917140402742538186e+01 2.221316169419598197e+01 9.677984261089324747e+00 1.554237288135593253e+01 2.175251853259836388e+00 9.980739036951847609e+00
1.042179409392332445e+01 2.575000000000000000e+01 2.407041179710849477e+01 4.542633640245011861e+01 7.841900656871752417e+00 8.050984601962438703e+00 1.554237288135593253e+01 2.183805360197681011e+00 1.040504596658404424e+01
1.079774435553525258e+01 2.575000000000000000e+01 1.944355089612096421e+01 3.173212333181468381e+01 1.335323878426689959e+01 1.672224763236180678e+01 1.554237288135593253e+01 2.202623075460938828e+00 1.087546091590293784e+01
1.230550277315782992e+01 2.575000000000000000e+01 1.288698323952822378e+01 4.279885173421043731e+01 1.666283746964544221e+01 1.510489994685983284e+01 1.554237288135593253e+01 2.418171450294620772e+00 1.240791611009121809e+01
1.369595340238270076e+01 2.575000000000000000e+01 1.118252205506217045e+01 3.435834776033886584e+01 1.410509924574208362e+01 1.620343727399880862e+01 1.554237288135593253e+01 2.539631248812012743e+00 1.375212046316601366e+01
1.362486205591999244e+01 2.575000000000000000e+01 1.318971709130589076e+01 4.494164113796229998e+01 1.947487473050697560e+01 1.370198526689284257e+01 1.554237288135593253e+01 2.548184755749857366e+00 1.365750001785803214e+01
1.402568722205963425e+01 2.575000000000000000e+01 1.083355460989934471e+01 3.685906656524354474e+01 1.441854024363695075e+01 1.666324366739683427e+01 1.554237288135593253e+01 2.638851929291009313e+00 1.408208981877664989e+01
1.395501987965137580e+01 2.575000000000000000e+01 1.117149861764915642e+01 4.814197848596454321e+01 1.737299918757694428e+01 1.041170304044322137e+01 1.554237288135593253e+01 2.719254894506747622e+00 1.396427392798211464e+01
1.388392853318866926e+01 2.575000000000000000e+01 1.179056189401387300e+01 4.842029384223798871e+01 9.959831566846707673e+00 2.227073231455144153e+01 1.554237288135593253e+01 2.789393651397072738e+00 1.396384962105248206e+01
1.541543117786042316e+01 2.575000000000000000e+01 1.227870564016172850e+01 5.995429590142866516e+01 1.544559014682039511e+01 1.384297100393483504e+01 1.554237288135593253e+01 3.040866755369701302e+00 1.544934818169480018e+01
1.581540833589115636e+01 2.575000000000000000e+01 1.249165251348127370e+01 4.268733421032877828e+01 1.343038483602926370e+01 2.258783871311212010e+01 1.554237288135593253e+01 3.124691123360577638e+00 1.575527347795960864e+01
1.765304190787547967e+01 2.575000000000000000e+01 1.199546814239687542e+01 3.206516754352949050e+01 1.785085775000870001e+01 1.681395143928882163e+01 1.554237288135593253e+01 3.148640942786542496e+00 1.764145921581793175e+01
1.767622079618539033e+01 2.575000000000000000e+01 1.116399835729168188e+01 5.174933028149856540e+01 2.097163327783078302e+01 1.788663175492576940e+01 1.554237288135593253e+01 3.278654248241779090e+00 1.766451322566128113e+01
1.800637861991677013e+01 2.575000000000000000e+01 7.409112970256367170e+00 5.675551483164316835e+01 1.972462569241837471e+01 1.735004079351954687e+01 1.554237288135593253e+01 3.367610720395362023e+00 1.801852664061774334e+01
1.904236185962182049e+01 2.575000000000000000e+01 9.772451493272953371e+00 5.439180260024597402e+01 2.024830316235287242e+01 1.883473346358651668e+01 1.554237288135593253e+01 3.538680859152252278e+00 1.903163015293621640e+01
1.967836794129613764e+01 2.575000000000000000e+01 9.752890295510651342e+00 5.016532768874893122e+01 2.158170122856077100e+01 1.822006973051498946e+01 1.554237288135593253e+01 3.637901539631248848e+00 1.973880836898987923e+01
2.045514336904770403e+01 2.575000000000000000e+01 7.513143959018750095e+00 5.016343744139651761e+01 1.810916443057307390e+01 2.203590362850230733e+01 1.554237288135593253e+01 3.535259456377114695e+00 2.044542084247069624e+01
2.064410784264738297e+01 2.575000000000000000e+01 1.544325353185564076e+01 5.120273042620627990e+01 2.047739591193725417e+01 1.785221414560792041e+01 1.554237288135593253e+01 3.733700817335107391e+00 2.068161836663261610e+01
2.161027174805307993e+01 2.575000000000000000e+01 1.018699758375159625e+01 5.471319705727649563e+01 2.569397344633328828e+01 2.359645080056490585e+01 1.554237288135593253e+01 3.856871317240068375e+00 2.162499410684820234e+01
2.172757953645078288e+01 2.575000000000000000e+01 1.075617440217665077e+01 4.758651049324781468e+01 2.576117080369715495e+01 2.549498017906811143e+01 1.554237288135593253e+01 3.952670594943926918e+00 2.174238569071310678e+01
2.238648183706537864e+01 2.575000000000000000e+01 1.573634727954271462e+01 7.506039087488099426e+01 3.426124301677842965e+01 2.443632448939705171e+01 1.554237288135593253e+01 4.067287587911043722e+00 2.244899816419392380e+01
2.342345441956414476e+01 3.400000000000000000e+01 1.145369861542219958e+01 6.031256925936938273e+01 2.213158122009496864e+01 2.289039486403914125e+01 1.554237288135593253e+01 4.065576886523475153e+00 2.348657004278785010e+01
2.130414082074050697e+01 3.400000000000000000e+01 2.137120426632571935e+01 6.748885775883572080e+01 2.515320885493181180e+01 2.162584951131008992e+01 1.554237288135593253e+01 4.332446302984223507e+00 2.127140499882137092e+01
2.335335241589515576e+01 3.400000000000000000e+01 1.891516079612404511e+01 5.951377501282021143e+01 2.467503216027357382e+01 2.391177560976326077e+01 1.554237288135593253e+01 4.320471393271240856e+00 2.334570014214996192e+01
2.436559142855103488e+01 3.400000000000000000e+01 1.665429701188212164e+01 6.269692215244332800e+01 2.840140921255187223e+01 2.279383528777981383e+01 1.554237288135593253e+01 4.539441170880060383e+00 2.435866221882522709e+01
2.431852697850713341e+01 3.400000000000000000e+01 1.554000040609216882e+01 5.309020188462814360e+01 2.671235195183573907e+01 2.025683858251984404e+01 1.554237288135593253e+01 4.808021288728378195e+00 2.440590172365761035e+01
2.606146631166439676e+01 3.400000000000000000e+01 1.569661967568954886e+01 6.523259515911657047e+01 2.515981072440661848e+01 1.844370408861355770e+01 1.554237288135593253e+01 4.758410948488879910e+00 2.603227018493781841e+01
2.559096314591021937e+01 3.400000000000000000e+01 1.847054882046599644e+01 6.011245744459295537e+01 2.929125282252938689e+01 2.356207514349269161e+01 1.554237288135593253e+01 5.023569663562060583e+00 2.565576850271084908e+01
2.542616690341415975e+01 3.400000000000000000e+01 2.021475922336837883e+01 6.519440013252666688e+01 2.094537133737949475e+01 2.713647338043079671e+01 1.554237288135593253e+01 5.141608059304314970e+00 2.537289721628938466e+01
2.728627269028431002e+01 3.400000000000000000e+01 2.003952979766784992e+01 7.383503724312886618e+01 3.867003211053663136e+01 2.444069701175430254e+01 1.554237288135593253e+01 5.271621364759551120e+00 2.735228904302357833e+01
2.738054292505692544e+01 4.225000000000000000e+01 1.966557589436887454e+01 6.220993040126469964e+01 3.314696272319518755e+01 2.833554274879210766e+01 1.610169491525423879e+01 5.080022809351834034e+00 2.732866929060738670e+01
2.808778168787876339e+01 4.225000000000000000e+01 2.054368994993931352e+01 5.494019989627940959e+01 2.318928987995466429e+01 2.762919603868468599e+01 1.610169491525423879e+01 5.278464170309827175e+00 2.815422914002842703e+01
3.001855481715717744e+01 4.225000000000000000e+01 1.726910221536377321e+01 5.377899414935778566e+01 3.280934528522395510e+01 3.109993749076340208e+01 1.610169491525423879e+01 5.656529176962554750e+00 3.013362096676262070e+01
3.053753577980341660e+01 4.225000000000000000e+01 1.945269386479882101e+01 4.945570163032559208e+01 2.640559399540751784e+01 3.058492463927628791e+01 1.610169491525423879e+01 5.860102642083254487e+00 3.053501532219467762e+01
3.388151442256215518e+01 4.225000000000000000e+01 1.494823634826202685e+01 5.779238261249111730e+01 3.316243379493317889e+01 3.232046447413537749e+01 1.610169491525423879e+01 6.157764683520243310e+00 3.388138264056060223e+01
3.520059103595468741e+01 4.225000000000000000e+01 1.706553607113686510e+01 5.219480605560640640e+01 2.989586383413356785e+01 3.333414088979920820e+01 1.610169491525423879e+01 6.335677627827409175e+00 3.515430342945718678e+01
3.538969684423918949e+01 4.225000000000000000e+01 1.839803189395492566e+01 6.083258882986278593e+01 3.177864073528284194e+01 2.969867009448004325e+01 1.610169491525423879e+01 6.378445162516631406e+00 3.543788189409470846e+01
4.120773914471101307e+01 4.225000000000000000e+01 1.209939105824343919e+01 6.960766097407217501e+01 5.167261828229527509e+01 4.376963242940407639e+01 1.610169491525423879e+01 7.090096939745295757e+00 4.125993871122127388e+01
4.153662495627904150e+01 5.050000000000000000e+01 1.572949545668011950e+01 7.422350765040900455e+01 5.019213954674567191e+01 4.095921568402367541e+01 2.337288135593220417e+01 7.177342710511309676e+00 4.156558113619966832e+01
4.120773914471101307e+01 5.875000000000000711e+01 1.542114181328012990e+01 6.927910705369626498e+01 3.811671554002608531e+01 3.595592688550460281e+01 2.505084745762712117e+01 7.392891085344991176e+00 4.100068717721600819e+01
3.889931973760288031e+01 6.700000000000000000e+01 3.518404686565619244e+01 5.456633480320152785e+01 4.904793342831856506e+01 4.179135381420680062e+01 3.008474576271186507e+01 7.673446112906292527e+00 3.892639203388741009e+01
4.445829556080604306e+01 6.700000000000000000e+01 1.821880377036928778e+01 5.449671996930780438e+01 4.005025294697168192e+01 4.142096435915787822e+01 3.008474576271186507e+01 8.024139897357915885e+00 4.453643682184108599e+01
4.613056755155503907e+01 6.700000000000000000e+01 1.706495247739146848e+01 7.116167210600941928e+01 4.925429063007830877e+01 3.425650448956580618e+01 3.008474576271186507e+01 8.179813723626686794e+00 4.623352310472665749e+01
4.848506206591336110e+01 7.525000000000000000e+01 1.422099208316767438e+01 3.679438439712848208e+01 4.563952500698983528e+01 4.880233127941964710e+01 3.120338983050847759e+01 8.229424063866185080e+00 4.866041730657961750e+01
5.097580321643479806e+01 7.525000000000000000e+01 1.243212595145102561e+01 5.396153846938607757e+01 4.907435240856317904e+01 4.978361867669190133e+01 3.120338983050847759e+01 8.549325223341570634e+00 5.101150200367160892e+01
5.256002369854311240e+01 7.525000000000000000e+01 1.058139888272254758e+01 4.451371389328539863e+01 4.862437934561491204e+01 5.254407312467089497e+01 3.120338983050847759e+01 8.951340049420263512e+00 5.257323437600452110e+01
5.383189452720692714e+01 7.525000000000000000e+01 1.182646371664722551e+01 5.240198856706612673e+01 5.228914435298145946e+01 5.798871758247626929e+01 3.120338983050847759e+01 9.144649306215548279e+00 5.377543734329572800e+01
5.576337432990941068e+01 7.525000000000000000e+01 1.145495226124563715e+01 4.851837281169670746e+01 4.650952492564807983e+01 4.625087648498350035e+01 3.120338983050847759e+01 9.858011784831781199e+00 5.577887322937574766e+01
5.976879929760944776e+01 7.525000000000000000e+01 1.196618038221132885e+01 5.947444431161581946e+01 5.182513538917304885e+01 5.679039042115620362e+01 3.120338983050847759e+01 1.062782740923778846e+01 5.966934346717335558e+01
5.983819462785435661e+01 7.525000000000000000e+01 1.157359470822604841e+01 6.020755336043487205e+01 7.106233705988935867e+01 5.225881861927481253e+01 3.120338983050847759e+01 1.052005322182094638e+01 5.983312594201138523e+01
6.860165175990235298e+01 7.525000000000000000e+01 1.180774548762827081e+01 6.708314271608276158e+01 7.512047369765835469e+01 6.289546834953762300e+01 3.120338983050847759e+01 1.113590572134575218e+01 6.876789839491975442e+01
7.206293819105879095e+01 7.525000000000000000e+01 1.202294027759674400e+01 5.533505533108332486e+01 6.896676408706332495e+01 6.248327161320076328e+01 3.120338983050847759e+01 1.130697586010264288e+01 7.201936239669126394e+01
7.543249841176933046e+01 7.525000000000000000e+01 1.033010773887225575e+01 6.167385640922744017e+01 7.960938109690674480e+01 7.584000388787872282e+01 3.120338983050847759e+01 1.166622315149211175e+01 7.555638496210524124e+01
8.172005453520162632e+01 8.350000000000000000e+01 1.768096809753024345e+01 6.234689938080023808e+01 7.745188825733497140e+01 7.560135468783526846e+01 3.288135593220339103e+01 1.251130963695115028e+01 8.184843242162108368e+01
8.504283297523788576e+01 8.350000000000000000e+01 1.602542071476151619e+01 6.952071857352575535e+01 9.038416690905248174e+01 8.659864317688672486e+01 3.288135593220339103e+01 1.259855540771716420e+01 8.498505068110547711e+01
9.109464284439623327e+01 9.175000000000000000e+01 1.620339519252370764e+01 5.951819561503503309e+01 8.415043679270192456e+01 8.751540139120774597e+01 3.400000000000000000e+01 1.281923588671355319e+01 9.122971720014571417e+01
9.404062301471165597e+01 9.175000000000000000e+01 1.725302096549067699e+01 5.236178310463446195e+01 8.836934951932957460e+01 8.567508983613093676e+01 3.400000000000000000e+01 1.328967876829500128e+01 9.413070367804104421e+01
9.686547936013933224e+01 9.175000000000000000e+01 1.845213319561132082e+01 6.542715496145449094e+01 9.316928266233075817e+01 8.353178759455110480e+01 3.400000000000000000e+01 1.382512830260406922e+01 9.679252248326703523e+01
9.929148922501481422e+01 9.175000000000000000e+01 2.297686519115478987e+01 6.004301397187872880e+01 7.945079265878572983e+01 9.081943176825080855e+01 3.400000000000000000e+01 1.440676677437749653e+01 9.940894044702234567e+01
9.851612714411142235e+01 9.175000000000000000e+01 2.442078419017688873e+01 5.658146798369827479e+01 8.813355412065349981e+01 8.374956478873845356e+01 3.400000000000000000e+01 1.466337198251282992e+01 9.856216525111970839e+01
9.891652830619659653e+01 9.175000000000000000e+01 2.504345710192978558e+01 7.003452010106320813e+01 8.742833137871920712e+01 9.269330716707655426e+01 3.400000000000000000e+01 1.845941836152822546e+01 9.912790782396261591e+01
9.766628168430972323e+01 1.000000000000000000e+02 2.631273026899676282e+01 6.239122806029570256e+01 8.591807914990516792e+01 8.549042440231431783e+01 5.357627118644067821e+01 1.604048659950579747e+01 9.764113634253141072e+01
9.879695916284182999e+01 1.000000000000000000e+02 2.500100606059811881e+01 6.831737177961213092e+01 8.476407303320264930e+01 8.915429355334127592e+01 5.357627118644067821e+01 1.635696635620604411e+01 9.889029594336859930e+01
9.924626212587352825e+01 1.000000000000000000e+02 2.705350526315100268e+01 6.261994327666447901e+01 9.530363600124326240e+01 9.811302542679888461e+01 5.357627118644067821e+01 2.049686371412279229e+01 9.924572371475717603e+01
9.955069703696830175e+01 1.000000000000000000e+02 2.681334562962953072e+01 6.730032365298248465e+01 9.427289366639551815e+01 8.519311371191218996e+01 5.357627118644067821e+01 2.082531838053602158e+01 9.973890980263298900e+01
9.761921723426580400e+01 1.000000000000000000e+02 2.974923284604456697e+01 5.556045341247879321e+01 9.927936930023324180e+01 1.000000000000000000e+02 5.357627118644067821e+01 2.123417601216499051e+01 9.773533248090976144e+01
1.000000000000000000e+02 1.000000000000000000e+02 2.580995345004771124e+01 5.826781225343940207e+01 7.205937233773859418e+01 7.975834730191672861e+01 5.357627118644067821e+01 2.169093328264588649e+01 1.000000000000000000e+02
9.938759681069004159e+01 1.000000000000000000e+02 2.526260736061704648e+01 6.320386990612647082e+01 9.577042465879004851e+01 8.879499245701518362e+01 5.357627118644067821e+01 2.189108534499144554e+01 9.922210396234098084e+01
9.689077826872149046e+01 1.000000000000000000e+02 2.365353133164826360e+01 5.572395902291746239e+01 9.275258999684382388e+01 8.066634107145304711e+01 5.357627118644067821e+01 2.265234746245960906e+01 9.700637317580164165e+01
9.309848600572476585e+01 1.000000000000000000e+02 2.037410193044426521e+01 5.369191012614700753e+01 7.788004846319115870e+01 7.710043597078006883e+01 5.357627118644067821e+01 2.301501615662421685e+01 9.306993635396055708e+01
9.161291713361839584e+01 1.000000000000000000e+02 1.801273033449550098e+01 5.418770043784684276e+01 7.018209039901233837e+01 7.772782039813024824e+01 5.357627118644067821e+01 2.346493062155483500e+01 9.172474195138327957e+01
8.819911915656030033e+01 1.000000000000000000e+02 1.868606782918191200e+01 4.723122176001530192e+01 7.570450892047789182e+01 7.299072454489930806e+01 5.357627118644067821e+01 2.370785021858961983e+01 8.814359146528755673e+01
8.327629074971625300e+01 1.000000000000000000e+02 1.694200872836167449e+01 5.087740868964919372e+01 8.315189476720374273e+01 6.680135246655791548e+01 5.357627118644067821e+01 2.413894696825698816e+01 8.338216053659826343e+01
7.934266380190302925e+01 1.000000000000000000e+02 2.005256339131499388e+01 5.091851943736892849e+01 6.469969402015462379e+01 5.857699439291524612e+01 5.357627118644067821e+01 2.436475955141608196e+01 7.951644153636253520e+01
7.799857094929797086e+01 1.000000000000000000e+02 1.727011810077242870e+01 4.328435049971009363e+01 6.776712101446680947e+01 6.542819697435936632e+01 5.357627118644067821e+01 2.459228283596274522e+01 7.800647460944475142e+01
7.180373037910531764e+01 1.000000000000000000e+02 9.148114258616521610e+00 3.746464002818007799e+01 6.993624892338660004e+01 6.545669216793854162e+01 5.357627118644067821e+01 2.590268009884052702e+01 7.201936239669126394e+01
7.512354079076042979e+01 1.000000000000000000e+02 8.317163223507234804e+00 4.164124288874569402e+01 6.581807969748108178e+01 7.485483673653176595e+01 5.357627118644067821e+01 2.624139897357916951e+01 7.515286907202502675e+01
7.832265138158223294e+01 1.000000000000000000e+02 1.056088664330108351e+01 4.543266071851476795e+01 8.377022891122959436e+01 6.625500645443680980e+01 5.357627118644067821e+01 2.651853259836532928e+01 7.833078653932696511e+01
8.129619181543689876e+01 1.000000000000000000e+02 9.322154882243095742e+00 4.893059699819121988e+01 6.618383818963555143e+01 6.933772284526304475e+01 5.357627118644067821e+01 2.649629348032693343e+01 8.151846306601045455e+01
8.308775028017103637e+01 1.000000000000000000e+02 1.045447805039079903e+01 4.919665604629308575e+01 7.545069673667786958e+01 7.239116378273483576e+01 5.357627118644067821e+01 2.678711271621364887e+01 8.302857142857143913e+01
8.925912929268415041e+01 1.000000000000000000e+02 1.606903894358396911e+01 5.824734811509946297e+01 8.193913186914110725e+01 7.504554150644315769e+01 5.357627118644067821e+01 2.790591142368371180e+01 8.934565299693556994e+01
9.272168773600394331e+01 1.000000000000000000e+02 1.727770481946255643e+01 6.510542608640508888e+01 8.524240211903794773e+01 8.229473350613977800e+01 5.357627118644067821e+01 2.848583919406956966e+01 9.266924917674455742e+01
9.493569557365465528e+01 1.000000000000000000e+02 2.127923421496816303e+01 5.632112209712049378e+01 1.000000000000000000e+02 7.940126402031731345e+01 5.357627118644067821e+01 2.928131533928911168e+01 9.509713342809997982e+01
9.217981055441742910e+01 1.000000000000000000e+02 1.950344490606498127e+01 5.371272641339408693e+01 7.475828009820891396e+01 7.944435947276642196e+01 5.357627118644067821e+01 2.933092567952860819e+01 9.224494224711236257e+01
8.612630466904128923e+01 1.000000000000000000e+02 1.408328557383770985e+01 4.479574387064719332e+01 7.157902193819153069e+01 7.805332309508466437e+01 5.469491525423728717e+01 3.021364759551416057e+01 8.621073196516969972e+01
8.549029858736696497e+01 1.000000000000000000e+02 1.232474470229841401e+01 4.451727073191250383e+01 7.518023338818056800e+01 7.220751985847782350e+01 5.469491525423728717e+01 3.078673256034974060e+01 8.569208746151593914e+01
8.212201037881978039e+01 1.000000000000000000e+02 1.232266970231478709e+01 3.824689180487526841e+01 6.884440088521499490e+01 6.099506571065357008e+01 5.469491525423728717e+01 3.088253183805360536e+01 8.236863271735016667e+01
7.340688970897905108e+01 1.000000000000000000e+02 7.369017918489443097e+00 2.976179958477075260e+01 6.099803431617441873e+01 5.921208740729255027e+01 5.469491525423728717e+01 3.166945447633530009e+01 7.352932932360904772e+01
6.815291413560991884e+01 1.000000000000000000e+02 6.528772612620166171e+00 2.122817343469361973e+01 5.570750188589220642e+01 6.181931948332420035e+01 5.469491525423728717e+01 3.192092758030792510e+01 6.808306701049338017e+01
6.377295225314612281e+01 1.000000000000000000e+02 9.568344984466973457e+00 3.355818228769143730e+01 4.743098097380956091e+01 4.776370253894502582e+01 5.469491525423728717e+01 3.216726858011784884e+01 6.377069424899816141e+01
5.861451892671297514e+01 1.000000000000000000e+02 9.245747330762725369e+00 2.653848794331224781e+01 5.054360241150513389e+01 5.513550727183647382e+01 5.469491525423728717e+01 3.231609960083633837e+01 5.877363153871979051e+01
5.941546258556816440e+01 1.000000000000000000e+02 8.715411918281157355e+00 2.898669750821034086e+01 5.583023715583529878e+01 4.930331066604792767e+01 5.469491525423728717e+01 3.268218969777608862e+01 5.933923267591951856e+01
5.819051487226342800e+01 1.000000000000000000e+02 9.841466857311656824e+00 2.833600679013445500e+01 4.510936939229056009e+01 5.251278302114415908e+01 5.469491525423728717e+01 3.290971298232275188e+01 5.832570485667141469e+01
5.736610965572869247e+01 1.000000000000000000e+02 1.209249600621451748e+01 2.746544419231489087e+01 5.106703386236303288e+01 5.195984478717520005e+01 5.469491525423728717e+01 3.311841855160615467e+01 5.747709099740701078e+01
5.826005153719314933e+01 1.000000000000000000e+02 1.080197570389854889e+01 3.022114865672606854e+01 5.430929728142827173e+01 5.568673193042460667e+01 5.469491525423728717e+01 3.341779129443071383e+01 5.813603965912581373e+01
5.873239205384994222e+01 1.000000000000000000e+02 1.048223117517178693e+01 2.947386847602525606e+01 5.106645052061841028e+01 5.230229466405610594e+01 5.469491525423728717e+01 3.355635810682380082e+01 5.884434936032515395e+01
5.606738523694974674e+01 1.000000000000000000e+02 1.055418612252062616e+01 2.993246207747614918e+01 4.961458282627676653e+01 5.138829470427359070e+01 5.469491525423728717e+01 3.371374263448013409e+01 5.617743887194360042e+01
5.682437380882699074e+01 1.000000000000000000e+02 8.538972075923513927e+00 2.932347519410987857e+01 4.205656462046536603e+01 4.794033068940254338e+01 5.469491525423728717e+01 3.408838623835772808e+01 5.691148986020729694e+01
5.698818070852934170e+01 1.000000000000000000e+02 9.076461915431959682e+00 2.275778282444970202e+01 4.642558140494156760e+01 4.139981113352353503e+01 5.469491525423728717e+01 3.437236266869416568e+01 5.709889208746152178e+01
5.752991655543103633e+01 1.000000000000000000e+02 7.537417135910533972e+00 3.045913230215465717e+01 6.240700994333601415e+01 4.898320801275740166e+01 5.469491525423728717e+01 3.448184755749857544e+01 5.761739515547205315e+01
5.722378562811847047e+01 1.000000000000000000e+02 8.465612180669094045e+00 2.273392479210125927e+01 5.744904411024904789e+01 4.620556328279958791e+01 5.469491525423728717e+01 3.472134575175822135e+01 5.719322966148307330e+01
5.670551133889630790e+01 1.000000000000000000e+02 8.510700201146621069e+00 2.782160577902086374e+01 5.220613734966105568e+01 4.627505293696958688e+01 5.469491525423728717e+01 3.482056643223721437e+01 5.679254248426706653e+01
5.385549741957129299e+01 1.000000000000000000e+02 1.094004966114228417e+01 2.386462185248933565e+01 5.085803916684476178e+01 4.910573531415226256e+01 5.469491525423728717e+01 3.537141227903440210e+01 5.386963348167408583e+01
5.326768646541939489e+01 1.000000000000000000e+02 1.398820302250470782e+01 1.662574780633308080e+01 4.752293996052139846e+01 4.902100220916982920e+01 5.469491525423728717e+01 3.526705949439270427e+01 5.328140264156063921e+01
5.201927719443512643e+01 1.000000000000000000e+02 9.585528578081371265e+00 1.760893925073265720e+01 3.837054488794773732e+01 5.961561435948878795e+01 5.469491525423728717e+01 3.585725147310397176e+01 5.222077675312337419e+01
5.020453984139108172e+01 1.000000000000000000e+02 1.150423351085674106e+01 2.720684098272213802e+01 4.772405179479341086e+01 4.358493508458421672e+01 5.469491525423728717e+01 3.650047519482988179e+01 5.031040552027601365e+01
4.829666293105294983e+01 1.000000000000000000e+02 1.315057308119813051e+01 1.700808355072034672e+01 5.467212911205295711e+01 4.325731462787162229e+01 5.469491525423728717e+01 3.671431286827599649e+01 4.823625181259063055e+01
4.815631758903015225e+01 1.000000000000000000e+02 1.187686892458278543e+01 2.195846540447635320e+01 4.327539354558086870e+01 5.197473399985471332e+01 5.469491525423728717e+01 3.671944497243870131e+01 4.814290428807154143e+01
4.933307017481244827e+01 1.000000000000000000e+02 9.780859566123266902e+00 2.011386375499773393e+01 3.919608889723356526e+01 3.776707168611284260e+01 5.469491525423728717e+01 3.704276753468922578e+01 4.941469359182244858e+01
4.532891721927577322e+01 1.000000000000000000e+02 8.922717385395221967e+00 8.612380818182355569e+00 3.807546729507738803e+01 4.180632670390605909e+01 5.469491525423728717e+01 3.711119559019197567e+01 4.540768038401920137e+01
4.259564574960919003e+01 9.175000000000000000e+01 1.049822596671222819e+01 2.040444114270412612e+01 3.491015236158290236e+01 3.460452566366170402e+01 5.525423728813558455e+01 3.252138376734460934e+01 4.255464058917232251e+01
4.052989799633100887e+01 9.175000000000000000e+01 1.070306737134573893e+01 1.918019423259706002e+01 2.933022938406165991e+01 3.081108890301324976e+01 5.525423728813558455e+01 3.290458087816004706e+01 4.051103698042044954e+01
3.633112717980198880e+01 9.175000000000000000e+01 1.125754627322011991e+01 1.447025265005876449e+01 2.665252563114693984e+01 3.006863927966625383e+01 5.525423728813558455e+01 3.291484508648545670e+01 3.628564713949982945e+01
3.199724040458838203e+01 8.350000000000000000e+01 1.165851840547254703e+01 9.007519722756647695e+00 1.829438312258855248e+01 2.091733080573731485e+01 5.525423728813558455e+01 3.299524805170119635e+01 3.199576264527511782e+01
2.686240997051958601e+01 7.525000000000000000e+01 1.234862881669326740e+01 9.633929223803127329e+00 2.781349823571346391e+01 2.136614788800715559e+01 5.525423728813558455e+01 3.329462079452575551e+01 2.688088404420220812e+01
2.530829377627718557e+01 6.700000000000000000e+01 1.215729652653648429e+01 7.083240511419216290e+00 2.433508111693324949e+01 2.254921528555792420e+01 5.525423728813558455e+01 3.353411898878540143e+01 2.527855964226782248e+01
2.386993068889951886e+01 5.875000000000000711e+01 9.202431706104546194e+00 1.000000000000000000e+00 2.339052818042835824e+01 1.303645666196412201e+01 5.637288135593220062e+01 3.320395362098460623e+01 2.398046330887972744e+01
2.025190409228155275e+01 5.050000000000000000e+01 5.834706732680659869e+00 6.814986985344390291e+00 1.783840130592381001e+01 1.926155073625362490e+01 5.637288135593220062e+01 3.313894696825698105e+01 2.031275420913902607e+01
1.937209567929874865e+01 4.225000000000000000e+01 6.744032246338128367e+00 1.790425549887588375e+01 2.340903813606076156e+01 1.985809880074768330e+01 5.637288135593220062e+01 3.321250712792244997e+01 1.931450143935768082e+01
2.071519918911009128e+01 4.225000000000000000e+01 6.033366366529621772e+00 1.715398474576385368e+01 1.912110764201716862e+01 2.094379575109780234e+01 5.637288135593220062e+01 3.340068428055502636e+01 2.082361975241619234e+01
2.059690205791866902e+01 4.225000000000000000e+01 6.893561932658127667e+00 1.604286595262808390e+01 3.938262517397424745e+01 1.682854055205476485e+01 5.637288135593220062e+01 3.365557878730279384e+01 2.065814004985963237e+01
2.024314134182293046e+01 4.225000000000000000e+01 7.690513228452388717e+00 2.035002583221067241e+01 5.680891838549021600e+01 2.001378764627806106e+01 5.637288135593220062e+01 3.371887473864284601e+01 2.025688713007078690e+01
2.083293098156224588e+01 4.225000000000000000e+01 6.294881208215897139e+00 1.610265865997700274e+01 2.498770661326453890e+01 2.098297531399804683e+01 5.637288135593220062e+01 3.370005702337958553e+01 2.082361975241619234e+01
2.097426566637876633e+01 4.225000000000000000e+01 4.663736689837936211e+00 1.422173427593102524e+01 2.288293814107153779e+01 2.084100332548051782e+01 5.637288135593220062e+01 3.394639802318950927e+01 2.096505539562692633e+01
2.087858208475797994e+01 4.225000000000000000e+01 4.970685385332344275e+00 1.014811791314097178e+01 2.392081151287984753e+01 2.091446190255715010e+01 5.637288135593220062e+01 3.404904010644364121e+01 2.084568371275706511e+01
2.316495328103474094e+01 3.400000000000000000e+01 3.005876546670795957e+00 1.841898902025457474e+01 1.992513290858665798e+01 1.874565250065769462e+01 5.637288135593220062e+01 3.384204523854780433e+01 2.315716642975005968e+01
2.347108420834731746e+01 3.400000000000000000e+01 2.277292177420359387e+00 3.078745717985386676e+01 2.747012533401499113e+01 1.885776625381213378e+01 5.637288135593220062e+01 3.416707850218589471e+01 2.346351603294450783e+01
2.384802381275295957e+01 3.400000000000000000e+01 1.502798433532209321e+00 2.555434800861211642e+01 6.020902700045157729e+01 2.011088158561032202e+01 5.637288135593220062e+01 3.442881581448394002e+01 2.386434464580372250e+01
2.360916819541304790e+01 3.400000000000000000e+01 1.985624992222025487e+00 2.654108978283171538e+01 3.411745386574630601e+01 1.407773053864492852e+01 5.637288135593220062e+01 3.458106823797756846e+01 2.367241647796675963e+01
2.323562062344299761e+01 3.400000000000000000e+01 3.138309097709049755e+00 3.368055852175565690e+01 2.032798598785451460e+01 2.246158546087923114e+01 5.637288135593220062e+01 3.482569853639991919e+01 2.318078618216624776e+01
2.314135038867038574e+01 3.400000000000000000e+01 3.262614565478105355e+00 2.499938893727646061e+01 2.253962573098226230e+01 1.836091342784694191e+01 5.637288135593220062e+01 3.479319521003611726e+01 2.313354667733386805e+01
2.295238591507070325e+01 3.400000000000000000e+01 3.673810395566522224e+00 2.834614459382259355e+01 1.838546512996118665e+01 2.300101789890069881e+01 5.637288135593220062e+01 3.491807641132864859e+01 2.296806697477730808e+01
2.300001570385386884e+01 3.400000000000000000e+01 3.625631489696719889e+00 3.663189876164742742e+01 2.840712736815363471e+01 1.469811722743677507e+01 5.637288135593220062e+01 3.508743584869797161e+01 2.296863271735015388e+01
2.302305325747896347e+01 3.400000000000000000e+01 3.311614825508089499e+00 3.407562504390639901e+01 2.749566137515594733e+01 1.696053609508631865e+01 5.637288135593220062e+01 3.520376354305265210e+01 2.301516504396648699e+01
2.271734633422084215e+01 3.400000000000000000e+01 3.475972115877745239e+00 3.662611074884193840e+01 1.688451853696118832e+01 1.968141089027489343e+01 5.637288135593220062e+01 3.514217829310017294e+01 2.268576143092868946e+01
2.290518013034198930e+01 3.400000000000000000e+01 3.563684094352240095e+00 1.966334937866499288e+01 2.423484145469792495e+01 1.799162103539486779e+01 5.637288135593220062e+01 3.551853259836533283e+01 2.296806697477730808e+01
2.297584747275024597e+01 3.400000000000000000e+01 3.330505971192345260e+00 3.725049668421168292e+01 2.295646840374046604e+01 1.790615053276883728e+01 5.637288135593220062e+01 3.545010454286256874e+01 2.299154529155029181e+01
2.285868101903735194e+01 3.400000000000000000e+01 4.023642424055852373e+00 3.174113421411163571e+01 2.342171711775031540e+01 1.796283900024156210e+01 5.637288135593220062e+01 3.562288538300703067e+01 2.287429514332859171e+01
2.281048589151492223e+01 3.400000000000000000e+01 3.795435655023391863e+00 2.251841010981377522e+01 2.251681318300089174e+01 1.481952855360353460e+01 5.637288135593220062e+01 3.568618133434708284e+01 2.280244583657754376e+01
2.300001570385386884e+01 3.400000000000000000e+01 4.048909871773123115e+00 4.000915760590731907e+01 2.525647816342665308e+01 2.464161102799421599e+01 5.637288135593220062e+01 3.578711271621364887e+01 2.296863271735015388e+01
2.521359953745012206e+01 3.400000000000000000e+01 3.696808312051701240e+00 3.717027395364958409e+01 2.029520060842861895e+01 1.847484604319541646e+01 5.637288135593220062e+01 3.611727808401445117e+01 2.523089583050580842e+01
2.495453306018145057e+01 3.400000000000000000e+01 5.237539029059824713e+00 3.674832684380783121e+01 2.263254340540396115e+01 2.338089512564023664e+01 5.637288135593220062e+01 3.624215928530697539e+01 2.501874236568971455e+01
2.504922729900851408e+01 3.400000000000000000e+01 4.159425235484332184e+00 3.831128343330882302e+01 2.713360169161375879e+01 2.006004124818027634e+01 5.637288135593220062e+01 3.638072609770005528e+01 2.506640617745172861e+01
2.483665993304447639e+01 3.400000000000000000e+01 4.906490073338932945e+00 3.863512205961835377e+01 2.754850601058137372e+01 2.097197043731938848e+01 5.637288135593220062e+01 3.644231134765254154e+01 2.487730672247898056e+01
2.594429985795150273e+01 3.400000000000000000e+01 4.775116636875656795e+00 3.213777788755014342e+01 2.569721007521224365e+01 1.892209480689153622e+01 5.637288135593220062e+01 3.649705379205474287e+01 2.600935761073767694e+01
2.669747239333871391e+01 3.400000000000000000e+01 5.268426268399413637e+00 3.132594537821342229e+01 3.067336522860407300e+01 1.988252917593079516e+01 5.637288135593220062e+01 3.663219920167269095e+01 2.659801275778074370e+01
2.697957642423247293e+01 3.400000000000000000e+01 4.825759605226012994e+00 3.073519751893251950e+01 2.457385335835579809e+01 2.368768279908423580e+01 5.637288135593220062e+01 3.683406196540581590e+01 2.702161250919689195e+01
2.693364265166711036e+01 3.400000000000000000e+01 5.881653607310181719e+00 3.944187410836740071e+01 2.477012050010422683e+01 2.564681789943809775e+01 5.637288135593220062e+01 3.692815054172210409e+01 2.690506953919124555e+01
2.695653887060737830e+01 3.400000000000000000e+01 5.111936686301003618e+00 3.933042492696006320e+01 3.446155773255489407e+01 2.129256819859940464e+01 5.637288135593220062e+01 3.707356015966546181e+01 2.704579800418592228e+01
2.674524351680668843e+01 3.400000000000000000e+01 5.387781996624195102e+00 3.544812967388204328e+01 2.327538755752258837e+01 1.869107298654612137e+01 5.637288135593220062e+01 3.724805170119748965e+01 2.685783003435885874e+01
2.676870507448623471e+01 3.400000000000000000e+01 5.486539027094862853e+00 3.847459119845645148e+01 2.478422797773544417e+01 2.422315206597867743e+01 5.637288135593220062e+01 3.731990115947538555e+01 2.690506953919124555e+01
2.646186747374958514e+01 3.400000000000000000e+01 5.482453870877099789e+00 3.182056410463901841e+01 3.023625429090699157e+01 2.052908785927417057e+01 5.637288135593220062e+01 3.735240448583919459e+01 2.650367518375918863e+01
2.723864290150114442e+01 3.400000000000000000e+01 4.658786950293664297e+00 3.473303071869248981e+01 2.474055637336499913e+01 2.400464680047965160e+01 5.637288135593220062e+01 3.748754989545713556e+01 2.721028765724000564e+01
2.661959698200481128e+01 3.400000000000000000e+01 4.638966377533409791e+00 4.035572824094062128e+01 2.950678186339121822e+01 3.054436399935099544e+01 5.637288135593220062e+01 3.765006652727618075e+01 2.670861543077154110e+01
2.646186747374958514e+01 3.400000000000000000e+01 5.533572360057035233e+00 3.791358993417678391e+01 2.694265703670507861e+01 2.347831883367015493e+01 5.637288135593220062e+01 3.778007983273141690e+01 2.652729493617538026e+01
2.665040794329481244e+01 3.400000000000000000e+01 4.847568719637240342e+00 3.090025301100169841e+01 2.575504583457384911e+01 2.787265652113227787e+01 5.637288135593220062e+01 3.817354115187227137e+01 2.666873057938611069e+01
2.662199967164669445e+01 3.400000000000000000e+01 5.404879131905939715e+00 3.015291211884176192e+01 2.914174962813296688e+01 2.215758320857122854e+01 5.637288135593220062e+01 3.825565481847557692e+01 2.654610587672240740e+01
2.676870507448623471e+01 3.400000000000000000e+01 5.473440589698226333e+00 3.690933879558952668e+01 2.372090212068380666e+01 2.217373583051324815e+01 5.637288135593220062e+01 3.841817145029462210e+01 2.674001414356431994e+01
2.832267993404380846e+01 3.400000000000000000e+01 5.440759339956127150e+00 4.246024709349627813e+01 2.449294300016983783e+01 2.197322229411467021e+01 5.637288135593220062e+01 3.868675156814293814e+01 2.834219710985549057e+01
2.846472129228440906e+01 3.400000000000000000e+01 5.899183034255183422e+00 4.447526726763564398e+01 3.116344267890963238e+01 2.224551173583848396e+01 5.637288135593220062e+01 3.897928150541721948e+01 2.848433993128227470e+01
2.907585246943102320e+01 3.400000000000000000e+01 4.201703360150697009e+00 3.089102857250006906e+01 2.504357547156383035e+01 2.639877306974942428e+01 5.637288135593220062e+01 3.908021288728378551e+01 2.907228790010928776e+01
2.973659212094823090e+01 3.400000000000000000e+01 4.049558309268006084e+00 3.194254184260084983e+01 2.783747859953933812e+01 2.525466263797838806e+01 5.637288135593220062e+01 3.931286827599316069e+01 2.980435878936803817e+01
3.098429471850841921e+01 3.400000000000000000e+01 4.317146848823020022e+00 4.134547719625157214e+01 4.253713129986441999e+01 2.604679132420089616e+01 5.637288135593220062e+01 3.945314578977380648e+01 3.095861507361082232e+01
3.178580371610287614e+01 3.400000000000000000e+01 2.066355460334946326e+00 4.758998933841076706e+01 2.656171372029929856e+01 2.712487707782611679e+01 5.637288135593220062e+01 3.960197681049229601e+01 3.183141442786425301e+01
3.098429471850841921e+01 3.400000000000000000e+01 3.211474461715004391e+00 3.792082716654468300e+01 3.375532284382361325e+01 2.695693768913234578e+01 5.637288135593220062e+01 3.975251853259836565e+01 3.095861507361082232e+01
3.110273318438466106e+01 3.400000000000000000e+01 5.068621061642824444e+00 4.001468201202612107e+01 3.317474762185471349e+01 2.817663911340263283e+01 5.637288135593220062e+01 3.969606538680859131e+01 3.107713814262141838e+01
3.103206584197640439e+01 3.400000000000000000e+01 4.256582786800954921e+00 4.149874052542641323e+01 2.639847016976194283e+01 2.338956318749657370e+01 5.637288135593220062e+01 4.004846987264778591e+01 3.105351839020522675e+01
3.129127365392988835e+01 3.400000000000000000e+01 3.288789825688211987e+00 3.997513304134294287e+01 3.430724745174859436e+01 2.814798420232748910e+01 5.637288135593220062e+01 4.003820566432236916e+01 3.124219353824834045e+01
3.294008408699935586e+01 3.400000000000000000e+01 5.117124186260067376e+00 4.067943915996642801e+01 2.791524285766838176e+01 2.729223761651877567e+01 5.637288135593220062e+01 4.039232085154913676e+01 3.289218175194474014e+01
3.289217162884655465e+01 3.400000000000000000e+01 3.787654405084796672e+00 4.542247084437000382e+01 2.872933273605496751e+01 2.893861121912871326e+01 5.637288135593220062e+01 4.048298802509028604e+01 3.298567071210703716e+01
3.494138322400119989e+01 3.400000000000000000e+01 5.046725488898946566e+00 5.399990171497272229e+01 3.519722015022415462e+01 3.319049643325230647e+01 5.637288135593220062e+01 4.056852309446873051e+01 3.491853021222490128e+01
3.524836215942266904e+01 3.400000000000000000e+01 3.980651018145116016e+00 5.296862185722302030e+01 2.908891262120604182e+01 3.019195801943629931e+01 5.637288135593220062e+01 4.083539251092948064e+01 3.532006600330016255e+01
3.489431877395730197e+01 3.400000000000000000e+01 4.552940336545607813e+00 5.260225075773022496e+01 3.381805842352999036e+01 3.399660519352067212e+01 5.637288135593220062e+01 4.094487739973389040e+01 3.494214996464108935e+01
3.609637026832175621e+01 3.400000000000000000e+01 4.298471848970393694e+00 5.175358154250850617e+01 2.897071028850800545e+01 3.274740958579110384e+01 5.637288135593220062e+01 4.121174681619464053e+01 3.605072253612681266e+01
3.732117664694168013e+01 3.400000000000000000e+01 3.060172379575660795e+00 5.229718757098603987e+01 4.713280132354159946e+01 3.686999242207385663e+01 5.637288135593220062e+01 4.138965976050180728e+01 3.739436114662875354e+01
3.936798555245444220e+01 3.400000000000000000e+01 4.584324711297941057e+00 5.173930447418050704e+01 3.340470709998344745e+01 3.844403014949277519e+01 5.637288135593220062e+01 4.153506937844515789e+01 3.939539262677419629e+01
3.906425731478375241e+01 3.400000000000000000e+01 4.444867420731789309e+00 5.129188346452252745e+01 3.289009651769903542e+01 3.526844926211173004e+01 5.637288135593220062e+01 4.171811442691503657e+01 3.906782767709814408e+01
3.875727837936228326e+01 3.400000000000000000e+01 4.547061169925338042e+00 5.611391377487407794e+01 3.425253061591800474e+01 3.974497565573312130e+01 5.637288135593220062e+01 4.202261927390230056e+01 3.880772752923360258e+01
3.948826136923329244e+01 3.400000000000000000e+01 4.122853360772937847e+00 5.118795419970778227e+01 4.160458526241176003e+01 3.099903288370360954e+01 5.637288135593220062e+01 4.212868275993157141e+01 3.949213460673033893e+01
4.109000735225885137e+01 3.400000000000000000e+01 3.903422112504559394e+00 5.529254934201163252e+01 4.143917837697572537e+01 3.615346551699935418e+01 5.637288135593220062e+01 4.237331305835392214e+01 4.109502475123755971e+01
4.290276601971547876e+01 3.400000000000000000e+01 3.303768731820007076e+00 5.832506832156044396e+01 3.949806068602512710e+01 4.085046405727495511e+01 5.637288135593220062e+01 4.244345181524425215e+01 4.293269806347460360e+01
4.478718137237407149e+01 3.400000000000000000e+01 4.570123930160007397e+00 6.641614956846915163e+01 4.007326467028105554e+01 3.716158740334807220e+01 5.637288135593220062e+01 4.306443641893176277e+01 4.491265563278164308e+01
4.721220189445582349e+01 3.400000000000000000e+01 3.540470032035432535e+00 6.613469113170138769e+01 4.487599324079874918e+01 3.687425380835050959e+01 5.637288135593220062e+01 4.328853830070328712e+01 4.731593008221840080e+01
4.813186668855689021e+01 4.225000000000000000e+01 6.904390838822672016e+00 6.493902327127054264e+01 3.942917421222008301e+01 3.653468648294037280e+01 5.637288135593220062e+01 4.350066527276183592e+01 4.804757666454751330e+01
4.631910802110027703e+01 4.225000000000000000e+01 1.183329392492665733e+01 6.767793748227549600e+01 6.802031821017295954e+01 4.199283221975897362e+01 5.749152542372880959e+01 4.393518342520433606e+01 4.642219825276978185e+01
4.881493722027509818e+01 4.225000000000000000e+01 1.060608273669442525e+01 7.160487495979690209e+01 3.908684838153831009e+01 3.741152936151407005e+01 5.749152542372880959e+01 4.419863143888994728e+01 4.894328859300107126e+01
4.806204735425752972e+01 5.050000000000000000e+01 1.171175512380243866e+01 7.250001514980957040e+01 3.855169669629835738e+01 3.979172885006318694e+01 5.749152542372880959e+01 4.422258125831590547e+01 4.809566478323916527e+01
4.978053578694154169e+01 5.875000000000000711e+01 7.626404374791631469e+00 6.790375190288239082e+01 4.168242693788103281e+01 4.256367977314989304e+01 5.749152542372880959e+01 4.457498574415510006e+01 4.976828269984927999e+01
5.428049081681454169e+01 5.875000000000000711e+01 9.079725717489536052e+00 5.896229590885562999e+01 5.298385496438589826e+01 5.265398791073808127e+01 5.749152542372880959e+01 4.491712602166888502e+01 5.436578971805732152e+01
5.566910409513680236e+01 5.875000000000000711e+01 8.838506969393094437e+00 6.442732218066583982e+01 4.654482163061904032e+01 4.621454262316940742e+01 5.749152542372880959e+01 4.501463600076031213e+01 5.575539491260278169e+01
6.000426288251376405e+01 5.875000000000000711e+01 9.156327800218370783e+00 6.406348087493140042e+01 4.565736639624593352e+01 5.715659027343784970e+01 5.749152542372880959e+01 4.562706709750997902e+01 6.004641089197318138e+01
6.061666607182372246e+01 5.875000000000000711e+01 8.893645771041304826e+00 6.154695992086760015e+01 5.899876487915092582e+01 5.528493532150908152e+01 5.749152542372880959e+01 4.584603687511879855e+01 6.070649103883765463e+01
6.224201494721364014e+01 5.875000000000000711e+01 8.568584054856501098e+00 7.095140509331905321e+01 5.185788179173943746e+01 5.401610716768550446e+01 5.749152542372880959e+01 4.613685611100551398e+01 6.230923974770167462e+01
6.523096086171328523e+01 7.525000000000000000e+01 1.335184807960978404e+01 6.448555176432844860e+01 5.564384629734726673e+01 5.896657652914966263e+01 9.888135593220339103e+01 4.736513970727998668e+01 6.539465830434379257e+01
7.050967000492529735e+01 7.525000000000000000e+01 9.255430664019643316e+00 6.491401318006909094e+01 6.291254249321082881e+01 6.264843224242420661e+01 9.888135593220339103e+01 4.738566812393081307e+01 7.051208274699449419e+01
6.994305925349590325e+01 7.525000000000000000e+01 1.077757283950779055e+01 5.965793992746496599e+01 7.066033372383715516e+01 6.585601586907689864e+01 9.888135593220339103e+01 4.755844896407526790e+01 7.006302457980041254e+01
7.086300671696659492e+01 7.525000000000000000e+01 9.036755926161964325e+00 6.777910218739378934e+01 6.197449005058740568e+01 6.185663949912603954e+01 9.888135593220339103e+01 4.800494202623075779e+01 7.091291135985370886e+01
7.024919018080846911e+01 7.525000000000000000e+01 1.117973377383417244e+01 6.307815487847232561e+01 6.724660811985903308e+01 6.546561278816287199e+01 9.888135593220339103e+01 4.816232655388709105e+01 7.027517804461650996e+01
7.324053878495000447e+01 7.525000000000000000e+01 8.107588225161078910e+00 5.059264445221013062e+01 7.130932036678656516e+01 6.291051185289276049e+01 9.888135593220339103e+01 4.838984983843376142e+01 7.322142392833927715e+01
7.425348447102996374e+01 7.525000000000000000e+01 7.365278595602283929e+00 5.261179311779142864e+01 6.965229630362476598e+01 7.545541309399655461e+01 9.888135593220339103e+01 4.919216878920357061e+01 7.440000714321429598e+01
7.503068390283597466e+01 7.525000000000000000e+01 8.159636141417012212e+00 5.621131347175953863e+01 7.248238008883485861e+01 6.433663246140042702e+01 9.944067796610170262e+01 4.983881391370461955e+01 7.513080511168415399e+01
7.722264352965530065e+01 7.525000000000000000e+01 7.585941875110937538e+00 5.519822337315888205e+01 7.067985171402908406e+01 6.423149850905096514e+01 9.944067796610170262e+01 5.019121839954380704e+01 7.722999292821785389e+01
7.814131898096265161e+01 7.525000000000000000e+01 6.686170007211411637e+00 6.132078437368860335e+01 6.344273207856748797e+01 7.093598680843280135e+01 9.944067796610170262e+01 5.033833871887473776e+01 7.817280292586056589e+01
7.877732506263697587e+01 7.525000000000000000e+01 8.415185358150367279e+00 5.932958856565418415e+01 6.886334357934433115e+01 6.818182828441192100e+01 9.944067796610170262e+01 5.106025470442881442e+01 7.885650282514126275e+01
7.924839356713042093e+01 7.525000000000000000e+01 7.794111925551513664e+00 6.391017198410700928e+01 6.072029790952964134e+01 7.248073150219914851e+01 9.944067796610170262e+01 5.134080973199012021e+01 7.930428807154643778e+01
7.861097413860792926e+01 7.525000000000000000e+01 8.692111397631695269e+00 6.573829187519079653e+01 6.293820619250636383e+01 6.952556339140821251e+01 9.944067796610170262e+01 5.143831971108154733e+01 7.861931525147684852e+01
7.816492187332700325e+01 7.525000000000000000e+01 9.367134829804806273e+00 6.551296617621888174e+01 7.232980260954316520e+01 6.830359973047495714e+01 9.944067796610170262e+01 5.169150351644173469e+01 7.833785832148750217e+01
7.847105280063956911e+01 7.525000000000000000e+01 8.696304626765272161e+00 6.293434772377529640e+01 7.282381362358279375e+01 6.869645011237332710e+01 9.944067796610170262e+01 5.202851168979281482e+01 7.852639203388740441e+01
7.915270998550963100e+01 7.525000000000000000e+01 9.967285345902103799e+00 6.551484991476421271e+01 6.596187081523548557e+01 7.129954002969549265e+01 9.944067796610170262e+01 5.257935753659000255e+01 7.918491638867658367e+01
8.115627047746853862e+01 7.525000000000000000e+01 8.094792391928720576e+00 6.761769488169242948e+01 7.408543395545672183e+01 7.386527431567652968e+01 9.944067796610170262e+01 5.290952290439079775e+01 8.104861385926439254e+01
8.009484699449652112e+01 7.525000000000000000e+01 9.852814513472106128e+00 6.356344906543222351e+01 7.025114285225738797e+01 7.157190999633384365e+01 9.944067796610170262e+01 5.307032883482227703e+01 8.031640153436242713e+01
8.042458081417345284e+01 7.525000000000000000e+01 9.200010872790317151e+00 6.203496053714349046e+01 7.302383273504240435e+01 6.918278322589478080e+01 9.944067796610170262e+01 5.316099600836343342e+01 8.048131549434614840e+01
8.035546815329817605e+01 7.525000000000000000e+01 9.713465295821768208e+00 6.147186276365948032e+01 7.250777053293025176e+01 6.362817211851792365e+01 9.944067796610170262e+01 5.358867135525564862e+01 8.048287128642147081e+01
8.014346612607339182e+01 7.525000000000000000e+01 9.642245244300463369e+00 6.810688503857244314e+01 7.121035645172999295e+01 7.181109261706828306e+01 9.944067796610170262e+01 5.402490020908572177e+01 8.017638024758380766e+01
8.219267772122803706e+01 7.525000000000000000e+01 9.443002016706108392e+00 6.495694998483692473e+01 7.604255748780963131e+01 6.584695158434607265e+01 9.944067796610170262e+01 5.451929291009313516e+01 8.229791489574478192e+01
8.278161935285847051e+01 7.525000000000000000e+01 9.581789255194212984e+00 6.938566553990850139e+01 8.194694172327284321e+01 7.104001843384476444e+01 9.944067796610170262e+01 5.458087816004562143e+01 8.276931989456615213e+01
7.978716138565096117e+01 8.350000000000000000e+01 1.408600901131621619e+01 6.650860997854806556e+01 6.460328392376365514e+01 6.908257494162305079e+01 9.944067796610170262e+01 5.852575555977950472e+01 7.977272292186037816e+01
8.068378862612694036e+01 8.350000000000000000e+01 1.257024313786108749e+01 6.015805534146884526e+01 6.273972809734128475e+01 6.631430704225083161e+01 9.944067796610170262e+01 5.879091427485269605e+01 8.078780653318381155e+01
8.150819384266166878e+01 8.350000000000000000e+01 1.029794523912606508e+01 6.607458723604162287e+01 7.837920340952751985e+01 6.355146859535916093e+01 9.944067796610170262e+01 5.949230184375593922e+01 8.149498474923746016e+01
8.329975230739580638e+01 8.350000000000000000e+01 1.075211086054205190e+01 5.929534258942830149e+01 6.650483980431272357e+01 7.045733501785319675e+01 9.944067796610170262e+01 5.990458087816004706e+01 8.333506246740907386e+01
8.372220168031235232e+01 8.350000000000000000e+01 9.861481961320373912e+00 6.539416350168271208e+01 8.792972475298634549e+01 7.082760544031052063e+01 9.944067796610170262e+01 6.111746816194639109e+01 8.368709578336060417e+01
8.466589337083225075e+01 8.350000000000000000e+01 1.020234393779715809e+01 5.929931834834552973e+01 7.800484032865159634e+01 7.395175917875755545e+01 9.944067796610170262e+01 6.142710511309636701e+01 8.467855964226784238e+01
8.534740922101747174e+01 8.350000000000000000e+01 1.018829445874136042e+01 6.387039026746035120e+01 8.032138724274106778e+01 7.343362372836476482e+01 9.944067796610170262e+01 6.183767344611290895e+01 8.545489988785153912e+01
8.555941124824224175e+01 8.350000000000000000e+01 1.112679965966856344e+01 6.701369935558933832e+01 7.481677923895173876e+01 7.646762943502952226e+01 9.944067796610170262e+01 6.206348602927200631e+01 8.573777117427300709e+01
8.572434882542310675e+01 8.350000000000000000e+01 1.035397023868394761e+01 5.869490053532796026e+01 8.618107705905845251e+01 7.447327059882226763e+01 9.944067796610170262e+01 6.238167648735981885e+01 8.573777117427300709e+01
8.716115723126782200e+01 8.350000000000000000e+01 1.124427491915818500e+01 6.378195196349387430e+01 7.790768335457941873e+01 7.532599620049840894e+01 9.944067796610170262e+01 6.362022429195970119e+01 8.724632374475866925e+01
8.734955636612822616e+01 8.350000000000000000e+01 1.142147127192651723e+01 6.719898725002227025e+01 7.527971943820085698e+01 8.051449779427900921e+01 9.944067796610170262e+01 6.345257555597794408e+01 8.736413963555321516e+01
8.697431277794036930e+01 8.350000000000000000e+01 1.050570461248654652e+01 7.037559797624662394e+01 7.407303520189172730e+01 7.291093390839041888e+01 9.944067796610170262e+01 6.407013875689031579e+01 8.705934582443407521e+01
8.657221559963738855e+01 9.175000000000000000e+01 1.199687309030245252e+01 6.725411145938331003e+01 7.541818050021464614e+01 8.327186857347646765e+01 9.944067796610170262e+01 6.047937654438320010e+01 8.679839706271027922e+01
8.690209075399913274e+01 9.175000000000000000e+01 1.102810747294738292e+01 6.316286801259411732e+01 6.721293211323332173e+01 7.785598918794893564e+01 9.944067796610170262e+01 6.071032123170500228e+01 8.698693077511019567e+01
8.739831683238992355e+01 9.175000000000000000e+01 1.076166450629999716e+01 5.932434852707227435e+01 7.008150244814238761e+01 7.778070648433759970e+01 9.944067796610170262e+01 6.137065196730659267e+01 8.753075082325545964e+01
8.664288294204564522e+01 9.175000000000000000e+01 1.117076372182162380e+01 5.484577999860723452e+01 7.544043271114217930e+01 7.762732624716230134e+01 9.944067796610170262e+01 6.148355825888614135e+01 8.660986335031037697e+01
8.665687507584247840e+01 9.175000000000000000e+01 1.101663012928795560e+01 5.290650797460470756e+01 7.082582070850742184e+01 7.331272616285131960e+01 9.944067796610170262e+01 6.191294430716593666e+01 8.690659532976650326e+01
8.826823181743557711e+01 9.175000000000000000e+01 8.897925458507533136e+00 4.711761098133283809e+01 7.887197866640789812e+01 7.656078067567065659e+01 9.944067796610170262e+01 6.268275993157193682e+01 8.823623181159059925e+01
8.786783065535038872e+01 9.175000000000000000e+01 1.075288898553591110e+01 5.386144457525310258e+01 7.461051489032217887e+01 7.701061042860712291e+01 9.944067796610170262e+01 6.297357916745865936e+01 8.795336052516911707e+01
8.904543124924157382e+01 9.175000000000000000e+01 8.466649680660907507e+00 5.763545078498151497e+01 8.206635376895947331e+01 7.930235450087992888e+01 9.944067796610170262e+01 6.420186276373313206e+01 8.920266156164950644e+01
8.909419171550328542e+01 9.175000000000000000e+01 7.677501249388406279e+00 5.527854283806065183e+01 7.266940721177586227e+01 7.046949691211955269e+01 9.944067796610170262e+01 6.468428055502755569e+01 8.918073903695186289e+01
8.876445789582635371e+01 9.175000000000000000e+01 7.907610101739187769e+00 5.591445699297560878e+01 6.615629644936569775e+01 6.909131280473702930e+01 9.944067796610170262e+01 6.464493442311348304e+01 8.882714992892503858e+01
8.555941124824224175e+01 9.175000000000000000e+01 9.945389773158222368e+00 5.031882466165374268e+01 6.965933496423630800e+01 7.272782824671794799e+01 9.944067796610170262e+01 6.525223341570044511e+01 8.566705335266763655e+01
8.619697201144954590e+01 9.175000000000000000e+01 9.021690561697516486e+00 5.734645840401968542e+01 7.463846898669451946e+01 7.536634408956997788e+01 9.944067796610170262e+01 6.524710131153773318e+01 8.628144978677504184e+01
8.539616968727916912e+01 9.175000000000000000e+01 1.108925512871484464e+01 5.811976337650141744e+01 7.128292445083039297e+01 7.579297925504535272e+01 9.944067796610170262e+01 6.564911613761643139e+01 8.555065181830519805e+01
8.534740922101747174e+01 9.175000000000000000e+01 1.074685851683350357e+01 5.915390262053345793e+01 6.693382096772226930e+01 7.424688266559910232e+01 9.944067796610170262e+01 6.615377304694924021e+01 8.550199795704071448e+01
8.440371753049760173e+01 9.175000000000000000e+01 1.224189600503554232e+01 5.575557970547424702e+01 8.208973392490732124e+01 8.007530746879240269e+01 9.944067796610170262e+01 6.648735981752518853e+01 8.460473023651182700e+01
8.400642573147838732e+01 9.175000000000000000e+01 1.055926554956387875e+01 5.822756078047493133e+01 7.851975920955115384e+01 7.067808467974963094e+01 9.944067796610170262e+01 6.686542482417790723e+01 8.418353489103026277e+01
8.445078198054149254e+01 9.175000000000000000e+01 9.773834826595368952e+00 5.459886481099557187e+01 8.318616281683019054e+01 7.407556542246949505e+01 9.944067796610170262e+01 6.735981752518532062e+01 8.436895701927953439e+01
8.308775028017103637e+01 9.175000000000000000e+01 1.047805956062136978e+01 5.547849967589610287e+01 8.088570029383852500e+01 7.219716970979683879e+01 9.944067796610170262e+01 6.758220870556928617e+01 8.321710514097132716e+01
8.339246786063542061e+01 9.175000000000000000e+01 1.113140356588223234e+01 5.826666782560159419e+01 7.479715498615961167e+01 7.097640290646144479e+01 9.944067796610170262e+01 6.839992396882722403e+01 8.349842063531748693e+01
8.433615955115531904e+01 9.175000000000000000e+01 1.146738064656422829e+01 5.988651520448153320e+01 7.284704424904050768e+01 7.660202317769515901e+01 9.944067796610170262e+01 6.885154913514541875e+01 8.441930810826256959e+01
8.586723819177261419e+01 9.175000000000000000e+01 1.102622700421222213e+01 5.870886607868266083e+01 8.305397255937585044e+01 7.683159749933460603e+01 9.944067796610170262e+01 6.901406576696446393e+01 8.583352310472666602e+01
8.499251782744320849e+01 9.175000000000000000e+01 1.068426268399413814e+01 5.947152522386165430e+01 7.241881496951431529e+01 7.371566783085229702e+01 9.944067796610170262e+01 6.964189317620224529e+01 8.514685305693856776e+01
8.520777055241875075e+01 9.175000000000000000e+01 1.035682336366142842e+01 6.028714361450217751e+01 7.909753679889067257e+01 7.827226211625733754e+01 9.944067796610170262e+01 6.975822087055692577e+01 8.533863978913231563e+01
8.553750437209568247e+01 9.175000000000000000e+01 1.087511945332134289e+01 5.834967127565702327e+01 7.824670080081823187e+01 7.186383003439586048e+01 9.944067796610170262e+01 7.007127922448204060e+01 8.559789132313758842e+01
8.730249191608432113e+01 9.175000000000000000e+01 1.107972309754006268e+01 6.168605570922666459e+01 7.995518522491605040e+01 7.711406304153832991e+01 9.944067796610170262e+01 7.067173541151872485e+01 8.741123770474237631e+01
8.782232088683946358e+01 9.175000000000000000e+01 1.059218455972076711e+01 5.427898387605256403e+01 7.670544158629095932e+01 7.360446081163267706e+01 9.944067796610170262e+01 7.094715833491731871e+01 8.783710042644990779e+01
8.676075606918261940e+01 9.175000000000000000e+01 1.074342179811061904e+01 6.396776673463779161e+01 7.459905307132679297e+01 7.634829671102528437e+01 9.944067796610170262e+01 7.130298422353163801e+01 8.682201681512647440e+01
8.706858301271299183e+01 9.175000000000000000e+01 1.124163794001232475e+01 5.918165729612687898e+01 7.412332035687531118e+01 7.512192117516354983e+01 9.944067796610170262e+01 7.177000570233795429e+01 8.708282414120706960e+01
8.647964138108257259e+01 9.175000000000000000e+01 1.026063846858713013e+01 6.296436634202411398e+01 7.570507211821866633e+01 8.039511180944550972e+01 9.944067796610170262e+01 7.187435848697965923e+01 8.654070132078032884e+01
8.527674187860921506e+01 9.175000000000000000e+01 1.135948064741571173e+01 5.811350179187050458e+01 6.518944487536818144e+01 7.605557948280846858e+01 9.944067796610170262e+01 7.249021098650446504e+01 8.531346424464081224e+01
8.195565945479074799e+01 9.175000000000000000e+01 1.063997440309363363e+01 5.488087941410615400e+01 7.593750239549420655e+01 7.883408564737469248e+01 9.944067796610170262e+01 7.348412849268198954e+01 8.191915024322644001e+01
8.174521210909895785e+01 9.175000000000000000e+01 1.012520149048925511e+01 5.636467432081975204e+01 7.387380462686685689e+01 7.166248947657875590e+01 9.944067796610170262e+01 7.405892415890515679e+01 8.175565063967484036e+01
7.971946207162385178e+01 9.175000000000000000e+01 9.963027273019038788e+00 5.662576838354920028e+01 7.176301476625673104e+01 6.401004735751359931e+01 9.944067796610170262e+01 7.400760311727809437e+01 7.979931282278400317e+01
7.731691376442790897e+01 9.175000000000000000e+01 1.138304054306312629e+01 5.321872321812071505e+01 6.347278705150704070e+01 7.351068626655818150e+01 9.944067796610170262e+01 7.794050560729898791e+01 7.732433050223940540e+01
7.741118399920053150e+01 9.175000000000000000e+01 1.029565409331080872e+01 4.898672872599976813e+01 6.459365365957987137e+01 6.443520204091404935e+01 9.944067796610170262e+01 7.824158905151112720e+01 7.739504832384476174e+01
7.658536543581763567e+01 9.175000000000000000e+01 9.314308788555011986e+00 5.439614015906015254e+01 6.623549093176808356e+01 6.036833705117081195e+01 9.944067796610170262e+01 7.861281125261356806e+01 7.654502010814826463e+01
7.496142990727588540e+01 9.175000000000000000e+01 9.060942644721095007e+00 4.998530968363382954e+01 6.496843612908034515e+01 7.162169847300569359e+01 9.944067796610170262e+01 7.877703858582019336e+01 7.501426214167851469e+01
7.444188360589038211e+01 9.175000000000000000e+01 9.190284310367072607e+00 5.075613704503464163e+01 7.109006700952062374e+01 6.150458649000302813e+01 9.944067796610170262e+01 7.944250142558449568e+01 7.465925867721956877e+01
7.326272833046618871e+01 9.175000000000000000e+01 1.025158195824193363e+01 4.913511258206070664e+01 6.801303138496962220e+01 6.666582247120383897e+01 9.944067796610170262e+01 7.961357156434137039e+01 7.326724907673956011e+01
7.326555502416252352e+01 9.175000000000000000e+01 8.339253327499578816e+00 4.904297334794490126e+01 7.919415900329850899e+01 6.587998138998133868e+01 9.944067796610170262e+01 7.975384907812203039e+01 7.341137199717128681e+01
7.538402061487725803e+01 9.175000000000000000e+01 5.046509343067318021e+00 3.313427681246455592e+01 6.659512856703670991e+01 6.482433469344468335e+01 9.944067796610170262e+01 8.032009123740732548e+01 7.546077446729479732e+01
7.422988157866559789e+01 9.175000000000000000e+01 4.970339552001737715e+00 3.667499548107195295e+01 6.550690531720286458e+01 6.629072789795409903e+01 9.944067796610170262e+01 8.038167648735981174e+01 7.428219125241976428e+01
7.260594605012384761e+01 9.175000000000000000e+01 5.909493190423823705e+00 4.909477548461690333e+01 7.366598239580935115e+01 7.051766585663197873e+01 9.944067796610170262e+01 8.076145219540011055e+01 7.265709571192844862e+01
7.147399655942838592e+01 9.175000000000000000e+01 7.499072865379790009e+00 4.146066097405175555e+01 6.082041712492537755e+01 6.182136935908461339e+01 9.944067796610170262e+01 8.101805740353545104e+01 7.143014150707534782e+01
7.034473242774443236e+01 9.175000000000000000e+01 5.607731994888478511e+00 3.379617289081035381e+01 6.529026227716954622e+01 6.260140296267284299e+01 9.944067796610170262e+01 8.189906861813342687e+01 7.046498467780531882e+01
7.022700063529227066e+01 9.175000000000000000e+01 5.954386679652881043e+00 4.327070590787688076e+01 5.501275188044473197e+01 6.176233302817335868e+01 9.944067796610170262e+01 8.187682950009504168e+01 7.027645096540540237e+01
6.855331529769510723e+01 9.175000000000000000e+01 6.023574960356889996e+00 3.385202776987641471e+01 5.756441382650037042e+01 5.966522644825257515e+01 9.944067796610170262e+01 8.219330925679528832e+01 6.850723250448236001e+01
6.803645435532111208e+01 9.175000000000000000e+01 5.011709864175267981e+00 3.067768424071103794e+01 5.280571867765303296e+01 5.005763218998194475e+01 9.944067796610170262e+01 8.249268199961983328e+01 6.784856671404997996e+01
6.172374065799148468e+01 9.175000000000000000e+01 7.382137970469240251e+00 3.618540166593223972e+01 5.712865343102591709e+01 5.288654422139408950e+01 9.944067796610170262e+01 8.336856111005512560e+01 6.176711692727494096e+01
5.870765848400706233e+01 9.175000000000000000e+01 7.635849947633760237e+00 4.176853473102518421e+01 5.383852726283652856e+01 4.698158367152860393e+01 9.944067796610170262e+01 8.319406956852309065e+01 5.877250005357410600e+01
5.720131341323263285e+01 9.175000000000000000e+01 7.336098908332551183e+00 2.719347133187760690e+01 5.169062046599630378e+01 5.484010867445154958e+01 9.944067796610170262e+01 8.368333016536779212e+01 5.731217703742330372e+01
5.609310814958634239e+01 9.175000000000000000e+01 6.887358547290414634e+00 2.660443607440419811e+01 4.838390916729980518e+01 5.062508557598015813e+01 9.944067796610170262e+01 8.390743204713932357e+01 5.615608208981877425e+01
5.345509625748610461e+01 9.175000000000000000e+01 7.397160105767360605e+00 2.957670919896642303e+01 4.233814525397504269e+01 5.130683978870968076e+01 9.944067796610170262e+01 8.412126972058543117e+01 5.349256605687427424e+01
5.190154540198297184e+01 9.175000000000000000e+01 7.038055421101204523e+00 2.333827953702263969e+01 5.002542884364033426e+01 4.784238005986765074e+01 9.944067796610170262e+01 8.425128302604068153e+01 5.193790546670189912e+01
4.907499304033749610e+01 9.175000000000000000e+01 7.401288491151448490e+00 2.157317993605332163e+01 5.167883485299821444e+01 4.461991537701388211e+01 9.944067796610170262e+01 8.432655388709370925e+01 4.896789839491975016e+01
4.747225771451822141e+01 9.175000000000000000e+01 7.779327550668184266e+00 1.862861008995274048e+01 3.818031463000400549e+01 4.465370240281004754e+01 9.944067796610170262e+01 8.483634290058924421e+01 4.736401820091004566e+01
4.770588394851991865e+01 9.175000000000000000e+01 8.066109840071733927e+00 2.070942914150447223e+01 4.002540901327660805e+01 4.869131039688708285e+01 9.944067796610170262e+01 8.482436799087625445e+01 4.773924696234811904e+01
4.579998572376921118e+01 9.175000000000000000e+01 8.766638480376904852e+00 1.552643789699259891e+01 3.526611437172298480e+01 4.473631573328665212e+01 9.944067796610170262e+01 8.588500285116897714e+01 4.590270513525675966e+01
4.561243459701770320e+01 9.175000000000000000e+01 8.586653846380571053e+00 2.301143833067503408e+01 6.627231160810724475e+01 3.997594190803823722e+01 9.944067796610170262e+01 8.584907812203003630e+01 4.562068246269456750e+01
4.532891721927577322e+01 9.175000000000000000e+01 8.736183532700572130e+00 2.019200344285289006e+01 3.803674599025662673e+01 4.319684425156940932e+01 9.944067796610170262e+01 8.626991066337198788e+01 4.538406063160300619e+01
4.537682967742857443e+01 9.175000000000000000e+01 8.712796553718462178e+00 1.797448866944210977e+01 5.726155188729015322e+01 4.877136340553482086e+01 9.944067796610170262e+01 8.634004942026230367e+01 4.547924681948382641e+01
4.532891721927577322e+01 9.175000000000000000e+01 8.647325981318449095e+00 1.796996740515918844e+01 4.547925806080836963e+01 3.470062893207195032e+01 9.944067796610170262e+01 8.658981182284736633e+01 4.545477845320837673e+01
4.561243459701770320e+01 9.175000000000000000e+01 8.268854630138459783e+00 2.008938076494887781e+01 4.258438674899083765e+01 4.172643822215191989e+01 9.944067796610170262e+01 8.709617943356776948e+01 4.559720414592158022e+01
4.527987408364443667e+01 9.175000000000000000e+01 8.907046812602217756e+00 2.148081872917195057e+01 4.924890222824370767e+01 4.160964151302093228e+01 9.944067796610170262e+01 8.724329975289869310e+01 4.533512389905209261e+01
4.523549499261205398e+01 9.175000000000000000e+01 8.932162958237350736e+00 1.554420368591500967e+01 3.742299353434906095e+01 3.492352381278740836e+01 9.944067796610170262e+01 8.743489830830640130e+01 4.526709335466773609e+01
4.530616233502031065e+01 9.175000000000000000e+01 9.276245507605384688e+00 2.017437388999590198e+01 3.950570491830271180e+01 3.970637276560669449e+01 9.944067796610170262e+01 8.776506367610720361e+01 4.543214875029465105e+01
4.582344728144875035e+01 9.175000000000000000e+01 8.016136923799425773e+00 1.554841162969164969e+01 3.907902362799545415e+01 3.947078945907106373e+01 9.944067796610170262e+01 8.774966736361908204e+01 4.592618345202974695e+01
4.504709585775162850e+01 9.175000000000000000e+01 8.765579365801928091e+00 1.609318688680635390e+01 3.431717159191754263e+01 4.072127772240015275e+01 9.944067796610170262e+01 8.813286447443451266e+01 4.507855964226782675e+01
4.540043256979291897e+01 9.175000000000000000e+01 8.044214267327852497e+00 2.367010177631874512e+01 3.967798013428222959e+01 4.029274658188885638e+01 9.944067796610170262e+01 8.829880250902870387e+01 4.557358439350538504e+01
4.542304611936356906e+01 9.175000000000000000e+01 8.167741610103046668e+00 2.093747316519840496e+01 4.103992320750793965e+01 4.350659906338997018e+01 9.944067796610170262e+01 8.836380916175632194e+01 4.547839820562457191e+01
4.419823974074365225e+01 9.175000000000000000e+01 8.960867124677502460e+00 1.392953406306650699e+01 4.352811455610725488e+01 4.395580151489369314e+01 9.944067796610170262e+01 8.857080402965215171e+01 4.415837934753880489e+01
4.377423568629410511e+01 9.175000000000000000e+01 8.711261918313901731e+00 2.387362386934216829e+01 4.236727431790922793e+01 4.329291580395197059e+01 9.944067796610170262e+01 8.893518342520434317e+01 4.375769217032280523e+01
4.433957442556015849e+01 8.350000000000000000e+01 6.537202300053644777e+00 1.867177975290487169e+01 4.418437407841121001e+01 3.471243408601875302e+01 9.944067796610170262e+01 8.497490971298232409e+01 4.441763088154408479e+01
4.464669469566645432e+01 8.350000000000000000e+01 5.550237203675526310e+00 2.246875385950326276e+01 4.120433737497909021e+01 3.868108402684467961e+01 9.944067796610170262e+01 8.493043147690552530e+01 4.465425271263563189e+01
4.271436688485506750e+01 8.350000000000000000e+01 6.064059074620745449e+00 1.376674891023900038e+01 3.715697628932875318e+01 3.631755910986526459e+01 9.944067796610170262e+01 8.534271051130963315e+01 4.274416435107470136e+01
4.212627326133354444e+01 8.350000000000000000e+01 6.309968187263506501e+00 1.796302823126717385e+01 3.171908403433787882e+01 3.249390922580217023e+01 9.944067796610170262e+01 8.555825888614332086e+01 4.227360796611259275e+01
4.198409056840813491e+01 8.350000000000000000e+01 7.989896819839830577e+00 1.275804642093450880e+01 3.361536969518144247e+01 3.756797451731929272e+01 9.944067796610170262e+01 8.621174681619464764e+01 4.196626831341566799e+01
4.219185255508840982e+01 8.350000000000000000e+01 9.285021028369465412e+00 2.668428769074196794e+01 3.862277892612070218e+01 3.612214519225771880e+01 9.944067796610170262e+01 8.623227523284546692e+01 4.219765702570843047e+01
4.219694060374180111e+01 8.350000000000000000e+01 6.935883286490819977e+00 1.402491041871686406e+01 4.345509027744036246e+01 3.615911571433240113e+01 9.944067796610170262e+01 8.650085535069378295e+01 4.217927039209103413e+01
4.252497840720093336e+01 8.350000000000000000e+01 5.579179130530466324e+00 2.515975348719541316e+01 3.200922998172129041e+01 3.373928659425252619e+01 9.944067796610170262e+01 8.653849078122030392e+01 4.264897816319387402e+01
3.959949176618388833e+01 8.350000000000000000e+01 8.802367386344954525e+00 1.783199808930805474e+01 3.104907450107458189e+01 3.536963642128289109e+01 9.944067796610170262e+01 8.672837863524044621e+01 3.955634638874801112e+01
3.998208475798220718e+01 8.350000000000000000e+01 6.985294223600898356e+00 2.747891495411076690e+01 3.421401861802481648e+01 3.278242417783900464e+01 9.944067796610170262e+01 8.714921117658239780e+01 4.008064831813019424e+01
3.937038824209632537e+01 8.350000000000000000e+01 9.330800715508202003e+00 2.427081428257531570e+01 4.667732841116345810e+01 3.214484714207647187e+01 9.944067796610170262e+01 8.752727618323513070e+01 3.937431871593579302e+01
3.856958591792595570e+01 8.350000000000000000e+01 1.060755252834949225e+01 1.655433238951550123e+01 2.960222337886333932e+01 2.705360060244907316e+01 9.944067796610170262e+01 8.749648355825888757e+01 3.859642267827677387e+01
3.793357983625163143e+01 8.350000000000000000e+01 9.727579618627052227e+00 1.678558839728216157e+01 4.562785817209726957e+01 3.198237668841819925e+01 9.944067796610170262e+01 8.777190648165748144e+01 3.793648396705549430e+01
3.748455954258956524e+01 8.350000000000000000e+01 9.000637957696984159e+00 1.938614512064829043e+01 3.119385100628359098e+01 3.377715819597020896e+01 9.944067796610170262e+01 8.799600836342899868e+01 3.760481738372632776e+01
3.750886910837800770e+01 8.350000000000000000e+01 9.214622331008344602e+00 2.171510267888012535e+01 5.137894278361005007e+01 3.919727410838795123e+01 9.944067796610170262e+01 8.854001140467592279e+01 3.760566599758558937e+01
3.710917461971690301e+01 8.350000000000000000e+01 9.520252536929824316e+00 2.354464631540205843e+01 3.497990562352994459e+01 3.648765171137684860e+01 9.944067796610170262e+01 8.832104162706710326e+01 3.715858792939646804e+01
3.562530176382831826e+01 8.350000000000000000e+01 9.635415036021031554e+00 1.125884067903221641e+01 3.833285599312311120e+01 2.690955677092244613e+01 9.944067796610170262e+01 8.874358486979660654e+01 3.555569778488924726e+01
3.548396707901179781e+01 7.525000000000000000e+01 1.057493612235688119e+01 1.862916109413822952e+01 2.276308954263873829e+01 2.331399942658666546e+01 1.000000000000000000e+02 8.799429766204143277e+01 3.553207803247305208e+01
3.479792851891244254e+01 7.525000000000000000e+01 9.542407484671658224e+00 1.922864354807765253e+01 5.177320665034871183e+01 3.152512759472755377e+01 1.000000000000000000e+02 8.828169549515301640e+01 3.489278892516054498e+01
3.383444997251825725e+01 7.525000000000000000e+01 8.565406711131576145e+00 6.231684640257931562e+00 3.344764171988168044e+01 2.299096927995418937e+01 1.000000000000000000e+02 8.834157004371792254e+01 3.385790432378762205e+01
3.298502851677099557e+01 6.700000000000000000e+01 1.072615174616357692e+01 2.388658840305643238e+01 3.651675717506095253e+01 2.714568526167570539e+01 1.000000000000000000e+02 8.830051321041626977e+01 3.300787610809111072e+01
3.199724040458838203e+01 6.700000000000000000e+01 9.492564255898322756e+00 2.154684519039046364e+01 2.892968535593334067e+01 2.848580662628027227e+01 1.000000000000000000e+02 8.871279224482037762e+01 3.194866457608594601e+01
3.190367684323985387e+01 6.700000000000000000e+01 8.302940827786134292e+00 1.985559675895685672e+01 2.557753341598390406e+01 3.022382534816764377e+01 1.000000000000000000e+02 8.883425204333777003e+01 3.206718764509653852e+01
3.147967278879030673e+01 6.700000000000000000e+01 8.716168428691851489e+00 2.074820580856146179e+01 2.192132990824185157e+01 2.307650389705012017e+01 1.000000000000000000e+02 8.895571184185516245e+01 3.147782531983742160e+01
3.001855481715717744e+01 6.700000000000000000e+01 9.536809307632500676e+00 2.274826694850005637e+01 3.527156129844451016e+01 2.667772433960315581e+01 1.000000000000000000e+02 8.901900779319520041e+01 3.006290314515725726e+01
2.978379790567694485e+01 6.700000000000000000e+01 9.285388476283232606e+00 1.583439593179562443e+01 3.889387251970886439e+01 2.942963801228362541e+01 1.000000000000000000e+02 8.932864474434518343e+01 2.982783710614101835e+01
3.082006381475163437e+01 6.700000000000000000e+01 8.761234834586213438e+00 2.238423206186542203e+01 2.865918821557160712e+01 3.121696355616834850e+01 1.000000000000000000e+02 8.934061965405815897e+01 3.091208274699449277e+01
3.143190166532232510e+01 6.700000000000000000e+01 9.257613736919083181e+00 1.429721085170351991e+01 3.088404117367444357e+01 2.926212737489029081e+01 1.000000000000000000e+02 8.945010454286257584e+01 3.135930225082682554e+01
3.183300950083159364e+01 6.700000000000000000e+01 8.249120515710853141e+00 2.331708091347006473e+01 3.215909445703883307e+01 2.784814929307471587e+01 1.000000000000000000e+02 8.981619463980231899e+01 3.185503418028044109e+01
3.331617568329610179e+01 6.700000000000000000e+01 8.614666346159513211e+00 2.126021068090345167e+01 2.810949720816820019e+01 2.833539239012398880e+01 1.000000000000000000e+02 8.981448393841475308e+01 3.329216175094468610e+01
3.367021906876146176e+01 6.700000000000000000e+01 8.464877284841559657e+00 2.958734010090119781e+01 3.501293714122774503e+01 2.931429816068644101e+01 1.000000000000000000e+02 9.359855540771717131e+01 3.369355610637674658e+01
3.315137944080004218e+01 6.700000000000000000e+01 1.926179386630528612e+01 2.532884735739473925e+01 2.920192060200006523e+01 3.060055518160690724e+01 1.000000000000000000e+02 9.389279604637901855e+01 3.312710635531776404e+01
3.357609016867367302e+01 6.700000000000000000e+01 8.743316345144283019e+00 2.612335196341634713e+01 2.989338868435873664e+01 3.204198930215208918e+01 1.000000000000000000e+02 9.419216878920357772e+01 3.359935996799840296e+01
3.590797113346134495e+01 6.700000000000000000e+01 8.622836658595037562e+00 3.102290542048352862e+01 3.146823832329416604e+01 3.456357396771477397e+01 1.000000000000000000e+02 9.428625736551985881e+01 3.590928689291607157e+01
3.461164940432426818e+01 6.700000000000000000e+01 1.077117492289160872e+01 2.914376467401885051e+01 2.996697121416190512e+01 3.633437594861651831e+01 1.000000000000000000e+02 9.432902490020907749e+01 3.454146278742508258e+01
3.783945093616383559e+01 6.700000000000000000e+01 7.969233278336226967e+00 2.732058496750809695e+01 4.442457791485293939e+01 3.267769041286750564e+01 1.000000000000000000e+02 9.473617183045048762e+01 3.788924446222311815e+01
3.732046997351759643e+01 6.700000000000000000e+01 8.208117651451090069e+00 3.396356257576307769e+01 3.477656453936441494e+01 4.313546535405622961e+01 1.000000000000000000e+02 9.489868846226953281e+01 3.741713228518568712e+01
3.932332379205242034e+01 6.700000000000000000e+01 7.833904373154162215e+00 3.293836026051306476e+01 2.967553003116999477e+01 4.176905010266668938e+01 1.000000000000000000e+02 9.534518152442501560e+01 3.937431871593579302e+01
4.010066455854325795e+01 6.700000000000000000e+01 8.710181189155767001e+00 4.340775793081310496e+01 4.108198144404340724e+01 2.930929651712436268e+01 1.000000000000000000e+02 9.525109294810872029e+01 4.019931282278399465e+01
4.203214436124574149e+01 6.700000000000000000e+01 7.455714011555287790e+00 3.494693189014920875e+01 3.923420772946580826e+01 4.231522024681462568e+01 1.000000000000000000e+02 9.549230184375593922e+01 4.201435643210731286e+01
4.219609259563290493e+01 6.700000000000000000e+01 7.362317397708984856e+00 2.979009112472737542e+01 4.470328284281890774e+01 3.890993739378111371e+01 1.000000000000000000e+02 9.579680669074319610e+01 4.208408420421021390e+01
4.389295682153998257e+01 6.700000000000000000e+01 5.559293714020723698e+00 4.061069583289643958e+01 4.415414877540360550e+01 3.893936015118624994e+01 1.000000000000000000e+02 9.585325983653297044e+01 4.389997642739280082e+01
4.650750715596068119e+01 6.700000000000000000e+01 5.023727572413764442e+00 3.942761353649871836e+01 4.691540705519901167e+01 4.108979079745893870e+01 1.000000000000000000e+02 9.640923778749287010e+01 4.649291607437514529e+01
4.893365835552098275e+01 6.700000000000000000e+01 5.619014807299440584e+00 4.372153764466513337e+01 4.182876800045415422e+01 4.138192953312987044e+01 1.000000000000000000e+02 9.671203193309257529e+01 4.884994106848199635e+01
4.909746525522331240e+01 6.700000000000000000e+01 6.021564804122751191e+00 5.276873313742029836e+01 5.240654175989251939e+01 4.663381395093905013e+01 1.000000000000000000e+02 9.665386808591523504e+01 4.924977963183873442e+01
5.077086792345085087e+01 6.700000000000000000e+01 5.797443191308056853e+00 4.792882874506302926e+01 4.624733140590296188e+01 4.698280392619607682e+01 1.000000000000000000e+02 9.691560539821327325e+01 5.078280056859986047e+01
5.206535230168531569e+01 6.700000000000000000e+01 9.335231705056568074e+00 4.402152429855005522e+01 5.383177759120329853e+01 4.855512957304695476e+01 1.000000000000000000e+02 9.745960843946018315e+01 5.203111155557777323e+01
5.675370646641874117e+01 6.700000000000000000e+01 5.325186163784829674e+00 5.240499294263719321e+01 3.874625809386278519e+01 4.792480345163338740e+01 1.000000000000000000e+02 9.797110815434326980e+01 5.681715228618574542e+01
5.637365749894713218e+01 6.700000000000000000e+01 1.054631841424937733e+01 5.638604890660509028e+01 4.776290653874026759e+01 5.613019745295810736e+01 1.000000000000000000e+02 9.815244250142558258e+01 5.643669040594888031e+01
5.849678713426081345e+01 6.700000000000000000e+01 9.879270763263329869e+00 5.871795753552242303e+01 6.060539371047971713e+01 5.038898854128714078e+01 1.000000000000000000e+02 9.842273332066146452e+01 5.858495639067666616e+01
6.205347447766841640e+01 6.700000000000000000e+01 1.061010304916269753e+01 5.762223016337492965e+01 5.130608662989837399e+01 5.166106996015093245e+01 1.000000000000000000e+02 9.889488690363047851e+01 6.207360796611258991e+01
6.247634785463942109e+01 6.700000000000000000e+01 1.291222907266233477e+01 6.728005320776354381e+01 6.091551088814169646e+01 6.028515627676453192e+01 1.000000000000000000e+02 9.910872457707660033e+01 6.256735979656125579e+01
6.530275888160008435e+01 6.700000000000000000e+01 9.334540038395358508e+00 6.247869127762925245e+01 6.124004235210889391e+01 5.461097285289153547e+01 1.000000000000000000e+02 9.934993347272381925e+01 6.546664904673805552e+01
