8.2160	8.1993	121.0163	7.99480932	1.12781895	3.16554910	1098412032	152977408	2
7.8828	7.8495	154.7070	12.78924045	2.14973602	4.60560962	1098489856	153456640	2
8.8661	8.8661	158.8327	9.40159859	1.16541213	2.63549450	1098489856	153587712	3
7.6828	7.6328	164.0109	8.32403454	1.18280040	2.99727032	1098506240	153780224	3
7.2663	7.2663	544.0528	8.12082186	2.52415377	4.16608960	1098506240	153980928	3
9.1994	9.2327	278.4134	8.93809872	2.10045337	5.06848720	1098506240	154345472	3
10.4161	10.4328	168.2077	9.93195020	2.20758740	7.06850576	1098506240	154353664	3
11.2159	11.2493	176.3926	7.98479468	3.05288543	6.10520524	1098506240	154558464	3
12.1153	12.0986	167.9256	10.26821253	2.27735093	6.91908886	1098506240	154570752	3
12.8327	12.8494	170.6187	9.60836552	2.07333440	4.15906085	1098506240	154718208	4
11.0659	11.0493	302.3997	8.84426055	5.03750322	5.14061596	1098518528	155279360	4
12.5327	12.5327	266.0133	9.38064993	2.86330740	6.27168652	1098518528	155201536	4
13.9657	13.9657	187.7995	9.75526678	2.42487749	5.05081323	1098518528	155635712	4
13.5993	13.6160	199.6279	10.04210331	4.68721494	5.30597793	1098518528	155791360	4
13.9326	13.9160	192.7641	7.92617960	2.27583423	4.80529995	1098518528	155811840	5
14.1986	14.2486	171.3579	6.70588785	3.20059194	7.47371505	1098518528	155856896	5
14.8659	14.8493	137.3827	7.59359149	4.99295697	6.38136858	1098518528	156008448	5
15.2654	15.3321	141.0239	7.69204436	3.75591568	6.97600728	1098518528	156372992	5
16.2492	16.2825	133.1382	6.93991079	3.32674801	7.31406110	1098518528	156663808	5
16.1989	16.2156	142.4245	7.88298839	4.22775266	6.54428716	1098518528	156684288	5
16.4825	16.5158	131.5237	7.16274992	3.37934086	7.45555771	1098518528	156901376	5
16.4325	16.4325	133.0872	8.16817055	3.87507504	5.53176583	1098518528	157093888	5
16.1325	16.1659	142.3660	7.51717302	3.75387920	6.33676699	1098518528	157151232	5
16.3822	16.4322	135.9513	8.19297124	2.63120581	9.18115493	1098518528	157261824	5
17.4658	17.4825	138.2097	9.22076652	3.55167148	6.58767282	1098518528	157863936	5
17.7824	17.7824	133.5858	7.93739670	3.95894546	7.00024655	1098518528	157601792	5
17.7488	17.6988	139.1949	7.68210703	3.21353642	9.27873835	1098518528	158064640	5
19.0490	19.0324	136.8993	6.73556543	3.95525582	7.50193514	1098518528	158121984	5
19.0654	19.0487	133.0525	8.48962178	4.47889657	7.83203196	1098518528	158433280	5
19.2990	19.2990	115.6805	8.93572304	4.26965884	7.66690637	1098518528	158646272	5
20.0320	20.0153	126.6145	8.72509257	4.35752766	8.12379210	1098518528	159055872	5
20.4820	20.5153	126.5240	8.34847126	4.58126101	7.93464111	1098518528	159293440	5
21.0316	21.0149	116.1618	8.34830282	3.99859758	9.10889090	1098518528	159047680	5
21.1653	21.1819	152.8505	8.44091425	4.39596756	7.82144060	1098518528	159522816	5
21.8489	21.8489	128.5324	8.75373204	5.27126684	9.58911940	1098518528	159817728	5
21.9319	21.9319	131.1657	8.11867278	5.28254201	10.17335545	1098518528	160047104	5
22.3981	22.4315	154.2065	10.56687111	6.70878499	9.84757444	1098518528	160321536	5
23.1318	23.1651	134.3928	9.25269227	4.67352640	9.37184421	1098518528	160317440	6
21.6323	21.5989	180.2762	9.89217156	5.18053094	8.98270460	1098518528	160956416	6
23.0822	23.0655	168.9133	9.18151169	5.10029678	9.68615457	1098518528	160927744	6
23.7984	23.7817	158.4534	9.46516203	5.72555254	9.34212985	1098518528	161452032	6
23.7651	23.8151	153.2981	8.60910689	5.44214247	8.56141771	1098518528	162095104	6
24.9983	24.9650	154.0227	9.69111593	5.18163868	8.00346030	1098518528	161976320	6
24.6654	24.6988	166.8563	9.23486030	5.87486106	9.57854095	1098518528	162611200	6
24.8650	24.7817	167.6086	9.03945374	4.77453116	10.36873804	1098518528	162762752	6
24.5488	24.4988	174.9259	9.68771237	4.47449003	10.67849354	1098518528	162893824	6
25.8649	25.8983	174.1152	10.45767981	7.44854394	9.84892000	1098518528	163205120	6
25.9316	25.8816	172.3851	9.42176618	6.52181782	11.04748417	1098522624	162746368	7
26.4320	26.4653	176.4477	8.77396027	4.85100131	10.83011950	1098522624	163221504	7
27.7981	27.8648	161.2978	8.67048519	6.46516836	11.89817370	1098522624	164126720	7
28.1653	28.1486	171.4002	8.28523646	5.39067098	11.73968836	1098522624	164614144	7
29.5147	29.5480	171.5324	8.93936707	6.64548838	12.50750334	1098522624	164814848	7
30.5313	30.5146	150.5603	9.02811836	6.52441374	12.27376750	1098522624	165326848	7
31.4646	31.4146	160.3560	8.52931814	5.97630987	12.58570700	1098522624	165752832	7
31.5984	31.6151	166.5208	9.29903123	6.29222452	11.46696050	1098522624	165855232	7
32.3145	32.4478	171.0457	9.30944557	7.05613463	14.30933618	1098522624	166256640	7
35.0310	35.0643	142.9268	9.97686363	6.99034899	14.79643980	1098522624	167014400	7
35.7149	35.7315	137.3801	10.08097818	9.63027214	15.79702963	1098522624	167559168	7
35.9476	35.9476	154.1748	10.49229642	9.38185985	14.93217771	1098575872	167768064	8
35.7149	35.5482	152.7482	10.05170073	7.35570192	13.39251142	1098588160	168284160	9
34.0816	34.0816	244.1814	8.74064514	9.18987137	15.18825228	1098625024	168955904	10
38.0148	38.0481	165.6916	8.73444176	7.68013377	15.07427202	1098625024	169795584	10
39.1980	39.2480	160.3533	10.21945616	9.22449643	12.86954673	1098625024	170168320	10
40.8639	40.9639	147.1957	7.15698609	8.61796816	17.34574630	1098633216	170287104	11
42.6262	42.6262	138.9195	8.68675172	9.19430426	17.64771870	1098633216	171053056	11
43.7471	43.7304	130.3571	7.84485578	9.11880244	18.49719568	1098633216	172015616	11
44.6470	44.5804	136.1174	8.54778018	9.73372020	20.17268072	1098633216	172478464	11
45.3144	45.3977	134.5396	8.62621848	9.29838939	18.70172228	1098633216	172576768	11
46.0136	45.9969	134.3986	8.20171106	8.76394707	16.56058496	1098633216	174186496	11
47.7960	47.8460	127.6440	8.67237370	9.95719839	19.62819051	1098633216	174657536	11
48.8476	48.7476	136.7638	9.17800693	9.65586327	19.80391849	1098633216	176029696	11
48.8967	48.8634	134.9475	9.24333430	12.88370924	18.40941407	1098633216	175771648	11
53.0631	53.0298	139.3762	9.26593075	12.06552463	21.74625494	1098633216	176074752	11
55.0972	55.1806	136.0308	9.85601828	13.56463156	21.68263928	1098633216	177246208	11
57.5462	57.4795	137.0264	8.80914585	12.53208914	21.55579363	1098633216	177655808	11
59.9303	59.9803	129.1945	9.37399661	14.31783371	25.66607214	1098633216	178515968	11
63.9968	63.9468	139.5622	10.18028367	13.36920613	27.28663497	1098633216	179507200	11
64.3790	64.4290	163.2033	9.43397149	13.95582396	25.59263242	1098645504	180539392	12
66.7300	66.6467	155.5439	10.07323074	16.12575513	28.97683730	1098645504	180748288	12
71.0119	71.0619	156.3673	9.18190561	15.07978592	29.25895208	1098653696	181276672	13
73.0963	73.1130	161.2234	8.54419747	15.78768516	28.69263145	1098653696	182403072	13
75.0950	74.9950	166.7711	9.70845316	16.59307490	28.03307124	1098653696	183685120	13
76.8115	76.8449	187.7048	9.22867219	14.29122386	30.27570414	1098653696	185077760	13
76.2629	76.2462	194.3851	8.92021372	15.74812061	28.10008800	1098653696	185692160	13
76.5462	76.6462	197.2659	10.11901561	15.62978997	30.85235340	1098653696	194781184	13
74.6284	74.5784	213.6916	9.04789580	16.39393660	27.98172758	1098797056	187674624	14
75.6616	75.5950	203.1382	9.43792162	15.37638193	28.63580420	1098797056	188989440	14
76.4616	76.4782	197.0695	9.96600047	15.18274909	29.76328975	1098797056	189747200	14
76.7795	76.7295	206.5654	9.45830244	16.95120203	32.52016788	1098797056	199659520	14
76.9949	77.0782	205.4543	9.87537128	16.77825185	28.54431253	1098797056	200445952	14
75.6283	75.6616	219.0372	8.82923108	17.61829774	33.10084816	1098797056	201424896	14
77.3128	77.2628	200.8121	9.07048391	13.05100365	26.87186727	1098797056	202518528	14
76.8795	76.7128	198.2798	9.51033616	17.02952537	29.65272172	1098797056	202997760	14
76.1616	76.2283	194.0899	8.92728799	15.19890000	29.47214529	1098797056	203399168	14
75.1129	75.1462	190.8354	8.84380107	16.52315726	27.15128496	1098797056	204820480	14
72.4297	72.3630	175.6631	8.66272513	14.02766576	26.05394597	1098797056	205688832	14
71.3786	71.4119	164.7382	8.70690502	12.73601101	26.24701151	1098797056	206766080	14
68.9632	68.8799	167.8534	8.08701299	13.66262792	24.78926100	1098797056	207347712	14
65.4801	65.5134	159.7845	8.41192482	14.91223869	22.88460030	1098797056	208379904	14
62.6969	62.7802	174.1755	8.41558820	11.81610949	20.35371164	1098797056	208920576	14
61.7459	61.7126	161.3025	7.73530717	12.33079879	22.46203800	1098797056	209465344	14
59.1461	59.1794	143.0008	7.90534558	10.98599008	19.78143502	1098797056	210284544	14
57.5971	57.6804	135.2106	7.98730687	11.66838394	19.19673965	1098797056	210759680	14
55.8463	55.8296	135.8991	7.00676638	11.18904566	23.07225203	1098797056	211378176	14
57.3628	57.4795	123.7260	7.21671259	12.69476081	22.47080685	1098797056	212602880	14
59.7117	59.6950	119.8816	7.58888980	12.00376551	25.36290582	1098797056	213413888	14
61.9752	61.9419	130.2622	7.92674316	15.01599013	22.71647278	1098797056	214077440	14
64.0791	64.1957	124.5312	8.23844437	12.06513681	23.66511970	1098797056	214024192	14
65.3467	65.2634	129.7699	8.26215290	13.62004030	24.60475766	1098797056	214720512	14
67.9799	67.9966	137.5662	8.55908304	13.78094246	24.38500576	1098797056	216141824	14
69.0621	68.9621	145.0394	8.73340599	14.09738598	25.44345975	1098797056	217280512	14
69.7132	69.7298	155.7457	9.06866035	14.70874694	25.42159156	1098797056	217399296	14
72.1631	72.0797	161.3376	9.67978389	15.26300882	27.65239154	1098797056	218787840	14
72.7452	72.8951	174.4083	8.93668954	16.15247147	27.71430475	1098797056	220282880	14
73.7296	73.7963	179.8507	8.89701429	17.73921371	26.76198173	1098797056	220692480	14
71.7797	71.7797	171.6350	8.66458007	13.50385842	26.77524353	1098797056	220811264	14
71.3786	71.3452	158.7837	8.91841291	15.21147239	24.26453040	1098805248	222146560	14
67.4966	67.5133	146.5586	7.86998748	12.97040476	26.34717873	1098805248	222924800	14
67.0466	67.1466	138.4227	7.84517273	13.57465875	24.54824476	1098805248	224296960	14
64.6634	64.7968	138.4131	7.28641907	12.51155759	21.09782677	1098805248	224526336	14
63.8968	63.8801	103.9236	6.88523263	12.98960545	25.62360220	1098805248	224710656	14
60.6460	60.7293	114.3576	6.81028036	11.44552541	21.72141015	1098805248	225943552	14
58.4971	58.5471	115.4950	6.53031224	11.19500110	20.54914935	1098805248	226410496	14
54.7797	54.6964	111.6076	5.76988055	10.30729279	21.35147508	1098805248	227012608	14
51.6807	51.6474	125.6702	6.86860802	8.91855990	17.02612820	1098805248	227602432	14
48.0309	48.1143	124.1777	6.24308284	9.44083246	19.29465990	1098805248	227958784	14
48.5976	48.5142	121.7241	6.46124287	10.32788677	17.49991311	1098805248	228835328	14
47.7309	47.7976	126.9338	6.40325980	8.52901236	18.48756675	1098805248	229380096	14
47.1476	47.1976	137.3482	6.32568394	9.52866000	18.31741060	1098805248	229879808	14
47.7801	47.6635	131.3776	6.57124485	10.07268543	19.46428873	1098805248	230596608	14
48.1143	48.1643	129.8983	6.50465469	9.52856212	18.42279299	1098805248	230928384	14
46.2287	46.2787	130.2312	6.54551998	9.28495053	18.14152701	1098805248	231305216	14
46.7643	46.7977	120.9078	6.49125314	8.01677655	17.08048213	1098805248	232202240	14
46.8802	46.9302	123.3945	5.90618409	8.74986203	15.06776252	1098805248	232882176	14
47.2635	47.2968	116.2741	6.59245158	11.43141575	17.40140765	1098805248	233144320	14
47.0469	46.9969	120.5684	5.90405810	10.59950941	16.54664069	1098805248	233717760	14
46.6802	46.7136	120.7770	6.35742151	9.71979230	16.56802480	1098805248	233955328	14
44.6637	44.6470	132.0164	6.00481455	9.49359239	17.43911308	1098805248	235274240	14
44.2478	44.2311	146.1187	5.35975826	8.93398987	17.41303809	1098805248	235024384	14
43.2478	43.3478	137.2368	6.33859961	9.20720294	15.14286398	1098805248	235425792	14
43.8304	43.8304	131.7202	6.56557785	8.23208668	13.93225666	1098805248	236511232	14
43.3645	43.4812	125.7497	5.44737048	7.39829242	20.67332704	1098805248	236437504	14
42.5145	42.4145	127.6460	5.23452565	9.82274837	15.20188950	1098805248	237785088	14
42.0805	42.1305	134.6266	6.30263980	8.96773480	15.74019256	1098805248	237977600	14
40.7306	40.6640	142.2434	5.39382821	10.13356566	15.63937364	1098805248	238489600	14
40.6313	40.5980	136.3506	5.83495689	8.22128613	18.32199247	1098805248	238501888	14
41.4639	41.4972	126.6534	5.67058438	7.53681199	13.94985654	1098805248	239276032	14
38.6308	38.6641	122.6832	4.64568688	7.34878080	15.19285990	1098805248	239439872	14
36.6969	36.6469	129.9723	5.69647774	6.81766670	12.97664358	1098809344	228450304	13
35.2353	35.2020	130.9200	5.58738506	5.88140101	11.80928608	1098809344	229367808	13
32.2645	32.2145	133.4853	5.16768202	5.43210410	11.58081143	1098809344	229392384	13
30.7151	30.7651	133.8814	4.14351983	4.93202299	11.06579023	1098809344	230043648	13
29.1981	29.1814	135.3404	4.68089772	4.02967577	8.76467154	1098809344	229584896	12
25.5650	25.5650	138.5332	4.73671709	5.62690586	8.90278640	1098809344	230301696	11
24.4654	24.4321	137.6480	4.50942514	5.04325576	9.26685273	1098809344	230875136	10
23.4477	23.5143	123.9773	3.96734739	4.88476746	6.33948348	1098817536	230084608	9
20.8878	20.9211	108.3965	4.48552106	3.95316573	8.25513694	1098817536	229928960	8
20.2653	20.2153	112.6035	5.47368612	4.88787328	8.43871318	1098817536	230105088	7
21.2156	21.2823	109.3156	5.40682947	4.16839342	8.77281562	1098817536	230555648	7
21.1319	21.1653	113.2953	5.30781764	7.56811126	7.50642466	1098817536	231165952	7
20.8816	20.8816	116.9824	5.69162879	10.49210152	8.48662344	1098817536	231317504	7
21.2989	21.2823	110.5255	5.31314577	5.15276101	8.78487238	1098817536	231272448	7
21.3989	21.3823	102.9790	5.14553654	4.79959798	8.74118322	1098817536	231862272	7
21.3312	21.2979	104.3991	4.78253646	4.97374469	8.76378869	1098817536	232108032	7
22.9489	22.9322	95.3089	5.51955404	4.30330232	8.09637914	1098817536	231612416	6
23.1985	23.2151	86.0287	5.50200555	8.12278151	9.86384738	1098817536	232022016	6
23.1655	23.1488	91.9381	6.62170862	5.56929068	8.13088000	1098817536	232390656	6
23.4322	23.4322	88.3549	6.15538610	11.06261209	8.51650224	1098817536	233017344	6
22.9651	22.9485	92.2193	5.92439893	4.28473013	8.90060435	1098817536	232980480	6
23.2632	23.2965	90.5887	6.24331469	6.68465834	6.65991557	1098817536	233381888	6
22.7485	22.6985	97.9148	6.04769138	4.95448463	8.61032836	1098817536	233451520	6
22.9989	22.9489	95.9216	6.87951297	4.37089779	9.23988633	1098817536	233967616	6
22.9322	22.9155	96.4967	6.10593368	4.74199295	7.97798306	1098817536	233889792	6
22.7985	22.7985	98.3991	6.40416318	4.04495859	9.40588633	1098817536	234188800	6
22.8322	22.7989	98.1762	7.14250699	5.72651200	6.85082769	1098817536	234594304	6
22.8485	22.8318	96.7234	6.91471736	5.57357542	7.54704376	1098817536	234872832	6
22.6322	22.5989	97.4838	7.14199122	3.79311196	8.38434086	1098817536	234725376	6
22.7651	22.7985	97.8896	5.63043903	5.02643636	7.86434040	1098817536	235626496	6
22.7489	22.7322	97.5850	5.99141280	4.66227335	7.76984717	1098817536	235986944	6
22.8151	22.8151	96.8108	7.19763027	4.81193576	7.83803849	1098817536	235462656	6
22.7322	22.7322	100.0176	6.70669081	4.89000071	7.85548328	1098817536	235876352	6
22.6981	22.6814	98.9618	5.88485358	4.73816519	6.88818970	1098817536	236027904	6
22.8322	22.7989	100.1345	7.44345463	5.19785869	9.91074744	1098817536	236269568	6
23.9984	24.0151	97.2644	6.92820187	6.79107228	10.07084471	1098817536	236834816	6
24.0988	24.0988	103.6736	7.00627086	5.17081465	8.35032756	1098817536	237023232	6
24.3984	24.3984	98.5055	7.19048162	4.36539667	8.01304364	1098817536	237060096	6
24.2151	24.2484	105.6337	7.15288190	4.75758378	9.52278627	1098817536	237359104	6
24.2821	24.2821	100.6458	7.29215701	5.51282475	8.50085710	1098817536	237690880	6
24.1317	24.1484	104.1021	7.32101428	5.58244232	8.78148584	1098817536	237838336	6
24.9154	24.9488	103.4943	6.74203574	5.27180992	8.15067588	1098817536	237969408	6
25.4483	25.3650	105.7766	6.66969332	6.10676828	8.44623116	1098817536	238292992	6
25.6479	25.6645	103.7286	6.61705176	5.08331980	9.61719430	1098817536	238776320	6
25.6154	25.5821	108.6137	7.39290398	5.11625183	10.22008060	1098817536	239001600	6
25.6316	25.6816	105.0526	7.38297274	6.74239617	8.88014366	1098817536	239349760	6
25.4821	25.4487	104.0701	6.83498178	5.13079360	9.88015860	1098817536	239697920	6
25.4821	25.5487	106.3288	7.03702129	4.86544780	8.07958334	1098817536	239767552	6
25.4987	25.5821	106.7857	7.30670937	5.11861895	9.78197471	1098817536	239939584	6
25.2816	25.2983	106.7668	6.71376881	6.03342462	8.64519721	1098817536	240017408	6
25.8312	25.7979	102.9561	6.97329880	5.11129121	9.71473390	1098817536	240340992	6
25.3932	25.4432	102.8644	7.47433755	5.91102508	11.72720660	1098817536	240730112	6
25.2816	25.3150	107.0033	7.25671853	5.48078579	9.55276655	1098817536	241041408	6
25.3487	25.3487	103.7272	7.87521524	8.20272232	8.35788041	1098817536	241049600	6
25.5316	25.5483	103.7965	6.75428948	4.71072212	8.10474815	1098817536	241246208	6
25.5154	25.4821	107.5049	7.26503151	5.35156081	8.53537163	1098817536	241459200	6
25.4150	25.4150	103.8295	6.63175986	5.28151429	10.90503980	1098817536	241983488	6
25.3949	25.3283	106.4079	6.56516429	5.84977564	9.14633546	1098817536	242180096	6
25.5316	25.5650	98.4387	6.53284550	5.14519111	10.88465451	1098817536	242585600	6
25.4987	25.4654	106.7251	7.16722968	4.94020152	9.15130612	1098817536	242569216	6
26.5982	26.5982	106.5739	7.66187129	5.06974370	9.08960192	1098817536	243212288	6
26.7820	26.7653	108.6301	7.92230755	4.85830569	8.89942322	1098817536	243777536	6
26.7807	26.7807	106.1276	7.98012181	5.13695949	10.58063347	1098817536	244211712	6
26.6987	26.6987	108.6948	7.84142980	6.18899929	9.17339378	1098817536	243912704	6
27.1311	27.1144	100.8414	6.63093787	5.16213535	10.45148040	1098817536	244154368	6
26.9649	26.9482	101.0773	6.73415987	4.42102207	10.07970242	1098817536	244576256	6
27.5986	27.6320	100.1375	6.72463825	5.63092957	10.09940233	1098817536	244711424	6
28.4814	28.4481	101.3755	7.56253411	8.09741173	10.34316476	1098817536	245047296	6
29.0485	29.0652	90.9622	8.11898278	5.41686660	10.67492500	1098817536	245403648	6
28.4814	28.4481	96.2601	7.25736344	6.62389570	10.62324487	1098817536	245764096	6
28.5652	28.5319	104.8522	7.44394691	6.52647990	10.99858462	1098817536	245628928	6
28.5152	28.5152	101.0953	7.57619141	5.38947566	9.52545370	1098817536	246472704	6
28.6986	28.6486	96.6178	7.44042270	6.71650416	10.98976662	1098817536	246448128	6
30.0147	29.9647	99.9744	8.22638996	6.31710414	11.00127180	1098817536	246525952	6
29.8652	29.8152	105.0766	7.50318344	5.64397778	10.72642700	1098817536	247296000	6
29.8313	29.8813	98.9258	7.92583514	5.78057544	11.23306694	1098817536	247513088	6
31.2812	31.2479	104.7509	8.69017027	6.86583434	12.54150317	1098817536	247717888	6
31.4984	31.5318	99.8187	8.59827289	5.84091002	11.61876041	1098817536	248356864	6
31.2479	31.2646	102.4664	8.56562555	6.63442222	12.78956770	1098817536	248619008	6
32.0984	32.0484	101.2891	8.49000061	5.82107663	12.40515168	1098817536	249257984	6
32.8311	32.8145	104.7227	8.84081531	6.20555307	9.05454937	1098817536	249286656	6
32.9650	32.9984	95.5601	8.53844136	8.86852778	13.67379758	1098817536	249683968	6
34.4132	34.4132	102.6116	8.48872838	6.56506523	14.15817754	1098817536	250032128	6
34.1983	34.1816	101.9664	8.44885868	6.47871776	13.18095335	1098817536	250470400	6
33.9811	33.9977	102.4392	8.87854995	6.70732312	14.55851860	1098817536	251199488	6
34.4983	34.4816	100.4766	8.43959754	7.94093809	11.86712224	1098817536	251453440	6
35.7976	35.8476	97.8233	9.11883009	6.50793377	13.77269377	1098817536	251908096	6
35.6316	35.6149	99.4614	8.80535814	7.91318416	13.45330015	1098817536	252039168	6
36.9142	36.9142	96.6871	9.07558600	7.58748040	14.89871148	1098817536	252207104	6
37.0975	37.1142	106.0777	9.48887055	7.73207475	13.97856339	1098817536	252612608	6
38.5481	38.4981	100.2290	9.50630513	8.76632142	14.33582487	1098817536	253239296	6
38.2475	38.3141	102.5459	9.79658250	7.68399495	13.76353035	1098817536	253693952	6
39.9633	40.0133	97.7822	9.77150173	8.48985374	13.67510894	1098817536	254230528	6
39.8140	39.8307	100.5962	10.14073548	7.85061235	16.36680424	1098817536	254930944	6
40.6140	40.5306	113.3454	9.66495573	7.57592181	13.57061360	1098817536	254738432	7
39.3314	39.3814	136.1490	9.90902046	12.37328322	15.25025340	1098825728	255778816	7
41.0973	41.1639	130.4713	10.25894998	7.51848232	13.84044520	1098825728	256409600	7
40.5646	40.5646	135.5867	10.33871595	7.42868822	14.57290600	1098825728	256466944	8
41.7805	41.7472	116.6858	9.92914279	7.95399929	15.42592080	1098825728	257310720	9
42.7305	42.7638	147.8075	8.93198461	8.82038212	18.23663158	1098825728	257654784	9
44.9644	44.9978	123.4096	9.13236937	9.85028699	18.53101985	1098825728	258129920	9
45.9469	45.9803	122.2936	9.61935803	8.76986957	16.54940391	1098825728	258363392	9
47.9301	48.0135	120.4870	9.44057190	12.09621693	20.28044856	1098825728	259280896	9
49.0142	49.0142	123.7640	9.58693612	8.62096180	19.91660948	1098825728	259829760	9
49.4475	49.4809	122.5487	9.36268886	10.85953995	19.34064352	1098825728	260354048	9
50.5975	50.6141	121.0448	10.20071926	9.66135785	18.95018596	1098825728	261050368	9
52.2456	52.2123	129.7073	10.64234623	11.02646485	20.15341787	1098858496	262012928	10
49.8467	49.8467	172.5704	9.61905795	11.14312755	20.26660848	1099128832	262971392	11
52.7123	52.7956	143.1746	9.62454687	10.29661190	20.47359808	1099128832	263991296	11
56.4472	56.4138	124.2225	9.66272708	11.51624000	21.60661865	1099128832	264040448	11
56.0463	56.0963	131.2647	9.19435823	12.81625635	22.59369107	1099128832	264454144	11
56.6972	56.6972	123.2108	9.91803525	11.35884243	21.36295960	1099128832	265523200	11
56.2629	56.2463	133.1253	9.49913369	12.24346096	22.47355200	1099128832	265900032	11
58.3794	58.3294	118.9120	8.38654947	12.92515103	21.68726863	1099128832	266444800	11
58.7137	58.7804	113.6751	8.89149753	11.68338670	22.75607570	1099128832	267403264	11
59.0961	59.1627	115.4777	8.56647587	12.64711587	25.54772169	1099128832	268365824	11
60.4303	60.3636	110.8007	8.84581479	12.36481929	23.37205178	1099132928	269357056	11
59.6460	59.6794	119.1528	8.88722924	13.12198091	22.12612993	1099132928	269914112	11
61.1969	61.1636	116.4986	8.79695275	12.81953131	22.09377697	1099132928	270757888	11
61.8469	61.8302	112.3358	9.34253435	11.60520150	24.15695482	1099132928	271110144	11
61.5959	61.5959	118.1891	9.04407044	12.04480444	25.38022741	1099132928	271818752	11
62.2969	62.3136	120.3351	9.16509883	12.51473602	23.30941529	1099132928	272838656	11
62.6302	62.6302	117.4617	9.57327476	11.14839919	24.63232041	1099132928	273510400	11
62.1792	62.1459	121.6163	9.73617858	11.52054616	23.72292403	1099132928	273743872	11
61.8636	61.9469	124.7393	9.71609980	13.09637965	23.34688812	1099132928	274350080	11
62.0802	62.0802	121.6357	9.48631903	13.17927068	23.46778030	1099132928	275156992	11
62.5625	62.5458	127.5159	9.71626766	12.02789249	24.26883136	1099132928	276475904	11
63.9801	63.8635	118.8528	9.90365224	13.39096031	25.05838694	1099132928	277266432	11
63.2291	63.3458	126.9863	9.54237827	12.74759745	24.35264800	1099132928	277651456	11
63.4624	63.4624	123.9661	9.40617461	13.21283226	23.61744000	1099132928	277868544	11
63.4135	63.4635	126.3416	9.35599695	13.12624122	21.90811483	1099132928	278892544	11
63.2635	63.2468	126.0121	9.94724399	12.90854569	24.42625187	1099132928	279937024	11
64.7134	64.7468	125.0903	9.66655318	13.71934972	22.59090171	1099132928	281120768	11
65.1301	65.0801	125.7324	10.06119616	14.71005737	24.18896856	1099132928	281268224	11
64.1457	64.2124	135.4254	9.50980719	12.77850070	21.51197520	1099132928	281628672	12
63.0114	62.9614	146.5712	9.80482165	11.79993266	23.58660282	1099132928	290713600	12
63.6458	63.6791	139.5585	9.23892353	11.48724315	22.73472140	1099132928	291348480	12
64.2291	64.1791	129.0457	9.76614587	14.11141990	21.88451079	1099132928	293027840	12
65.4967	65.4801	131.1469	9.16204717	12.11899827	24.00965890	1099132928	294014976	12
65.6956	65.6456	131.4049	9.49915960	12.26830231	26.06275969	1099132928	294297600	12
65.2967	65.3467	128.4851	9.88400669	14.10582251	24.88346137	1099132928	295596032	12
65.7456	65.6790	128.3809	9.12430436	11.69089141	24.23669682	1099132928	295690240	12
65.7956	65.7290	127.0264	9.70551329	15.71391970	24.12360253	1099132928	296919040	12
66.4633	66.4300	128.6034	9.16240145	14.04860482	25.08500100	1099132928	297660416	12
66.9455	66.9789	128.5384	9.56972981	14.43730255	24.92555474	1099132928	298643456	12
67.0955	67.1789	132.8804	9.84983018	13.51367410	25.85921188	1099132928	299184128	12
67.2122	67.1789	129.3049	9.10854176	15.42051084	25.24548615	1099132928	299945984	12
66.6122	66.6956	133.3878	9.72309349	14.31257808	24.76556100	1099132928	300138496	12
67.2466	67.2466	131.7385	9.94908069	14.35512051	23.59565310	1099132928	301731840	12
68.2288	68.2455	133.4239	9.56184907	14.03230267	25.50789612	1099132928	302911488	12
68.3621	68.3288	134.2437	9.86634119	13.59135170	27.10455810	1099132928	302510080	12
68.0966	68.1133	130.0069	10.14940907	13.38887990	24.76470696	1099132928	303988736	12
67.8121	67.9288	136.9058	9.87125331	13.61458434	27.95308614	1099132928	295391232	13
68.0455	68.0621	132.4238	9.50668248	12.23781040	26.28645300	1099132928	295944192	13
68.3966	68.4466	131.1911	9.16463189	12.71913317	26.26328619	1099132928	297525248	13
67.8621	67.7955	133.0838	8.76554651	13.61831808	26.21608636	1099132928	297795584	13
67.8720	68.0053	132.3707	8.59273792	12.84402372	24.88835083	1099132928	298823680	13
68.6799	68.6132	126.6143	8.52440981	13.52656212	24.86385746	1099132928	299737088	13
69.0121	68.9454	122.5685	8.07688913	14.19410358	25.88787739	1099132928	300666880	13
68.7288	68.7454	131.1505	8.67783235	13.47906462	26.02630388	1099132928	301363200	13
68.8799	68.8132	122.5607	8.48005666	14.90551214	26.10397286	1099132928	302215168	13
68.8466	68.8799	123.5998	8.19858912	13.96608964	24.44143631	1099132928	303484928	13
69.5620	69.6287	120.5732	9.01413416	14.73009374	26.73154422	1099132928	304304128	13
69.5965	69.6132	116.9222	8.80411002	13.15336254	24.01340149	1099132928	305459200	13
69.3632	69.3632	117.9868	8.86077635	12.06051553	23.58929173	1099132928	305364992	13
67.0955	67.1289	127.4146	8.36214938	12.64829690	24.70835970	1099132928	306819072	13
67.5466	67.5633	123.1411	8.98838204	13.48375509	25.52031241	1099132928	306806784	13
66.9800	67.0466	132.7067	9.05729127	12.92072201	25.65160121	1099132928	307769344	13
66.9455	67.0122	131.1226	9.14944345	12.19097782	25.17581960	1099132928	308977664	13
66.2778	66.3778	138.0394	8.84661879	14.73401674	26.96940569	1099132928	309776384	13
65.9967	66.0800	130.2547	9.06689710	14.13500402	24.07759038	1099132928	310681600	13
65.2457	65.2790	134.4445	9.09167990	13.13486127	26.86906227	1099132928	311427072	13
66.3111	66.2111	126.6209	8.74354389	14.91798859	25.12310000	1099132928	311865344	13
65.3467	65.3967	129.8790	8.82192818	14.53198969	24.54505970	1099132928	312397824	13
65.9289	65.9789	129.1942	9.17800264	13.23039303	24.23753670	1099132928	313438208	13
65.5623	65.5956	132.9017	9.07038193	13.51038131	24.16939210	1099132928	314355712	13
66.2300	66.2467	134.4561	9.21472658	13.18316859	25.90056898	1099132928	315437056	13
67.3133	67.2466	132.4151	9.10978623	14.89580814	25.97121608	1099132928	315826176	13
66.6944	66.7611	130.8330	9.17774681	13.11131520	25.01234841	1099132928	317329408	13
66.8467	66.8967	129.3181	9.25042659	14.23195040	26.41455302	1099132928	317607936	13
67.0800	67.0800	131.7160	9.07777837	14.08918704	24.44248080	1099132928	318357504	13
68.3288	68.3621	132.6626	9.37508369	14.37585683	26.05813944	1099132928	319795200	13
68.6966	68.6632	130.4070	8.71503929	13.83057628	24.97812658	1099132928	320454656	13
67.5766	67.5932	136.6556	9.01828104	12.77701745	25.65482562	1099132928	320704512	13
67.9455	67.9455	131.1067	9.57840703	13.47714142	25.82248952	1099132928	321306624	13
68.1633	68.1299	133.4117	9.15191667	13.39731734	25.44509594	1099132928	322424832	13
67.7466	67.7466	128.8731	9.48899399	13.66272242	27.06781935	1099132928	322674688	13
66.8955	66.8789	133.9569	9.05673330	11.89828570	25.73241140	1099132928	324149248	13
65.4123	65.5290	131.2887	8.88245360	14.02974897	27.98202909	1099132928	324681728	13
65.8467	65.8467	128.4622	8.82707163	12.29280242	24.28335950	1099132928	325029888	13
64.5457	64.4790	130.6281	8.76867422	13.70172233	26.58744345	1099132928	326529024	13
64.3968	64.3634	128.2465	8.90089523	13.35545063	24.38052210	1099132928	327905280	13
62.9635	62.9802	127.4962	8.92416133	13.00127726	22.02562962	1099132928	327782400	13
63.5468	63.6635	129.2458	8.66406120	12.87487311	25.43337343	1099132928	328282112	13
61.2636	61.2303	134.0659	8.62055943	11.61024448	24.94926926	1099132928	337199104	13
61.3303	61.2803	129.0351	8.24344627	11.79831678	22.15646283	1099132928	337920000	13
60.7460	60.6793	124.4949	8.72547909	12.07380372	20.90496303	1099132928	338808832	13
59.5970	59.5970	123.3227	8.33242985	11.86120223	24.36796945	1099132928	339202048	13
59.2294	59.3460	123.9211	8.40111830	12.88836210	21.25462203	1099132928	340795392	13
58.3951	58.3618	128.8312	8.25666876	12.37206055	22.84289354	1099132928	341204992	13
58.3971	58.4637	119.9838	8.24845823	14.24816282	22.60106600	1099132928	341540864	13
59.8960	59.9127	104.7499	6.83083379	12.13414799	22.27621095	1099132928	342896640	13
59.0794	59.0794	104.3975	7.14634734	11.95155298	22.72746537	1099132928	343044096	13
57.9304	57.9304	108.7425	8.25307432	13.32057975	24.02822456	1099132928	343953408	13
57.1295	57.0629	116.0967	7.57279814	11.16519838	21.35210589	1099132928	344567808	13
56.7795	56.8295	109.7440	6.66655947	13.56112396	22.61139459	1099132928	345186304	13
56.3305	56.3805	107.3464	6.88981537	11.91520204	21.59214629	1099132928	346677248	13
56.2472	56.2472	108.9502	7.73409130	10.19071939	21.33393859	1099132928	346624000	13
55.0630	54.9963	109.2703	6.89479260	10.61886751	20.68859421	1099132928	347381760	13
54.6973	54.5306	104.5889	6.61192675	9.82039717	17.73204111	1099132928	348098560	13
51.3974	51.4308	118.7634	6.74673583	9.80277198	20.83239830	1099132928	348393472	13
50.9299	50.9799	118.3027	6.71438073	10.36246229	18.35322549	1099132928	348938240	13
50.2308	50.2308	115.5557	7.10271962	10.54575046	18.60258460	1099132928	350195712	13
48.0968	48.1135	116.7295	7.60023278	9.99369405	16.78544610	1099132928	349777920	13
47.0310	47.0810	115.3427	6.30144843	9.63329276	19.20375664	1099132928	350949376	13
46.2469	46.2636	113.2666	6.24895948	9.07845350	17.90666402	1099132928	351485952	13
44.3804	44.3804	115.6252	6.51381883	8.06402349	18.11646082	1099132928	351997952	13
43.2812	43.2812	113.9638	5.95791217	9.35388715	17.05033970	1099132928	352309248	13
41.2813	41.1813	115.6443	5.80062409	9.63131523	16.05868792	1099132928	352489472	13
40.1473	40.0473	117.3933	5.53823338	7.36637333	16.06908523	1099132928	353710080	13
40.3126	40.3126	118.7201	5.72365523	7.67596516	17.31158175	1099132928	353681408	13
40.3473	40.3806	119.1259	5.48874404	8.93695807	16.37371055	1099132928	354230272	13
40.3313	40.3813	118.1841	6.11078654	8.17820683	16.42060261	1099132928	354418688	13
40.1473	40.1140	121.9925	5.77779918	8.18219509	15.44069241	1099132928	355307520	13
38.9641	39.0141	121.9611	5.26179872	6.87739423	16.09450790	1099132928	356220928	13
38.8314	38.8147	121.1284	5.92878734	12.07998193	14.62959404	1099132928	356134912	13
39.0307	39.0141	118.8757	5.49050333	8.37980655	14.34693600	1099132928	356446208	13
38.6308	38.6474	121.8202	5.67754741	7.34228368	15.62076504	1099132928	357142528	13
38.6647	38.7147	121.7120	5.47994460	10.56804974	17.33621653	1099132928	357310464	13
38.9147	38.8814	121.3180	6.03460935	8.69867688	12.94083477	1099132928	357728256	13
38.6308	38.6974	121.4091	5.47954171	8.59107667	13.00621752	1099132928	357908480	13
38.6314	38.5647	124.4922	5.76954470	7.81964273	13.88649224	1099132928	358850560	13
38.8314	38.7981	119.6581	5.66840270	8.10534081	15.16827575	1099132928	359120896	13
38.5961	38.6128	122.6107	5.79239378	9.22359230	15.13233380	1099132928	359473152	13
38.5647	38.5647	122.7269	5.26338183	7.23930101	13.07480915	1099132928	359931904	13
38.6147	38.6814	124.3188	5.67597644	7.58876304	14.54663930	1099132928	360722432	13
38.9807	39.0307	118.4889	5.26375680	7.51716939	14.47414305	1099132928	360685568	13
38.4314	38.4314	121.9562	5.31230174	6.71816935	14.85895686	1099132928	361603072	13
38.6814	38.7814	118.6188	5.98748086	7.61766942	14.72708461	1099132928	362000384	13
38.6974	38.7141	119.1903	5.74397624	7.84619239	15.71608615	1099132928	362156032	13
37.8308	37.7808	122.8597	5.11949857	8.26369066	15.85431960	1099132928	362651648	13
37.3981	37.4648	120.8483	5.68638348	7.05290463	13.97130015	1099132928	363544576	13
37.5308	37.4975	121.7049	6.00561672	8.06891111	15.65032922	1099132928	363524096	13
37.8314	37.7981	114.8823	4.98842351	7.35636140	11.55632546	1099132928	363814912	13
37.9308	37.9641	111.6466	5.54208023	8.37380567	13.00985033	1099132928	354041856	12
38.1481	38.1314	107.0804	5.88042871	7.87377975	14.23112633	1099132928	353935360	12
36.7809	36.7809	109.4576	5.10499278	7.19466548	13.50379681	1099132928	354922496	12
36.3648	36.4482	110.5953	5.47892336	6.28223139	12.32714180	1099132928	355438592	12
36.2642	36.2309	118.3675	5.01510727	6.60041270	13.88858820	1099132928	357003264	12
36.4112	36.3945	124.3594	6.25607506	7.44061524	13.44366192	1099132928	357052416	12
36.4148	36.3815	113.4911	5.12799756	8.25143778	13.45503889	1099132928	357695488	12
36.6469	36.7136	107.2143	6.12022377	6.33091552	12.71038283	1099132928	357785600	12
34.5770	34.5270	122.1264	5.46724726	6.16980924	13.21209176	1099132928	358240256	12
34.9649	34.9316	120.0277	5.07460380	6.97244495	13.86162647	1099132928	358752256	12
34.8477	34.8977	113.7197	6.32688432	6.70086112	12.41592675	1099132928	359247872	12
34.4149	34.3983	124.5712	6.04101037	8.79210313	12.21972463	1099132928	360153088	12
33.8483	33.8483	130.4781	5.35339443	5.92703939	10.65299103	1099132928	360079360	12
33.3983	33.3817	126.4069	5.37400166	8.61601056	12.16972746	1099132928	360738816	12
33.2817	33.2817	126.6044	5.36241538	7.43170596	12.63369420	1099132928	361390080	12
33.0806	33.1472	123.0437	5.60573735	6.19410156	12.72203709	1099132928	361275392	12
33.0978	33.1478	124.0337	5.81327083	9.58099578	14.38997394	1099132928	362577920	12
32.8150	32.8317	125.4477	5.97630152	6.82937073	13.55613955	1099132928	362053632	12
32.8978	32.8978	127.6641	5.62924138	5.93700456	12.67328766	1099132928	362229760	12
31.7651	31.6984	125.9805	4.88151300	7.39196853	10.60866430	1099132928	363065344	12
31.6651	31.6817	130.3272	5.53828248	4.77948836	9.50220040	1099137024	361271296	11
31.1797	31.2297	125.5502	5.59170238	9.64715005	12.02901781	1099137024	361959424	11
30.4980	30.4980	121.0301	4.43354297	6.57226931	9.40279406	1099137024	362102784	11
29.8970	29.8970	131.0268	6.00677199	7.08724192	10.68132832	1099137024	362004480	10
29.1981	29.1481	125.3196	5.79827740	5.81419298	11.09372500	1099137024	362991616	10
29.1319	29.2319	119.8158	5.64757020	5.25172915	11.62856697	1099137024	363282432	10
28.8319	28.8152	121.7276	5.72711062	4.63824794	9.42911570	1099137024	363573248	10
27.7981	27.8148	125.5243	5.90533613	6.87830818	10.53732231	1099137024	363724800	10
27.6320	27.6486	124.3611	5.28924087	7.48610254	11.38417103	1099137024	364466176	10
28.3652	28.4152	121.9361	5.87289697	5.76880576	11.93418623	1099137024	364494848	10
28.7981	28.7314	124.2326	5.15226226	6.14211799	11.33262284	1099137024	364756992	10
29.0819	29.0819	119.5668	5.95602316	6.35606156	10.89749817	1099137024	365633536	10
30.1313	30.0980	121.2580	5.77273539	5.67657208	11.04743790	1099137024	365629440	10
30.3818	30.3818	120.5650	6.51476615	6.83491315	11.34867740	1099137024	374689792	10
30.0147	29.9813	170.5170	6.13529173	5.85987184	11.74449836	1099137024	375394304	10
30.3152	30.3152	121.8532	6.20609006	5.97589456	12.18807210	1099137024	376111104	10
31.9651	31.9484	121.2958	6.64268942	6.24014152	12.96404148	1099137024	376336384	10
31.0479	30.9813	131.2351	6.47523913	5.98824111	13.50897187	1099137024	376438784	10
32.1817	32.2151	121.5608	6.87322212	6.85437310	12.28339420	1099137024	377151488	10
33.3317	33.3483	118.2719	6.31277553	8.41410992	12.38369694	1099137024	377413632	10
32.9645	33.0145	119.3771	6.90473147	6.79525175	15.60187686	1099137024	377802752	10
34.3816	34.3983	117.6458	6.81337566	5.93933965	15.18138874	1099137024	378871808	10
34.9316	34.9816	121.6999	7.74630401	7.85324942	11.34713824	1099137024	378646528	10
36.2982	36.2649	115.8961	6.99235954	7.54320802	15.34946214	1099137024	379224064	10
36.4142	36.3142	115.4640	6.53283330	8.46087434	14.30155157	1099137024	379953152	10
37.6148	37.5981	107.1223	7.49705772	8.36873411	14.31060586	1099137024	380088320	10
38.2648	38.2648	110.7953	6.56299694	7.63436171	17.63887615	1099137024	380497920	10
39.9807	39.8807	102.2896	6.37533439	7.22147637	13.02777397	1099137024	381218816	10
39.4647	39.4314	104.6445	7.39163322	8.83205079	14.97235970	1099137024	381419520	10
41.1813	41.0979	107.3986	7.77426493	7.97855413	15.06225980	1099137024	382144512	10
41.2972	41.3806	109.2610	8.58046080	9.75341853	16.67842663	1099137024	382005248	10
42.4812	42.4645	108.2241	8.14917677	8.71995313	16.78582161	1099137024	382631936	10
43.1812	43.1978	114.7581	8.28443110	8.02414447	14.84739850	1099137024	383717376	10
43.3971	43.3471	124.5917	7.80099675	9.99256151	17.26967471	1099137024	383934464	10
44.9637	44.9970	109.8422	8.44658563	9.80607270	20.94075970	1099137024	384880640	10
46.7143	46.7310	106.0392	8.54804790	7.46133404	17.07570392	1099137024	385159168	10
46.4454	46.4620	130.1948	8.90279992	8.97425431	19.60075675	1099137024	385593344	10
47.9476	47.9809	127.1087	9.11059637	11.12911920	17.83400968	1099137024	386240512	10
48.6634	48.6968	126.3005	9.36071172	10.26633303	21.90005256	1099137024	387059712	10
50.4641	50.4475	130.4899	9.01295607	9.56877111	18.22546837	1099137024	387371008	10
50.7633	50.7966	141.1407	9.87356498	11.18115434	20.87936574	1099137024	387883008	10
52.7631	52.8465	124.5885	9.44571547	11.23560808	19.13324448	1099137024	388460544	10
53.3973	53.3807	128.9856	9.85126317	10.51905572	21.00966254	1099137024	389455872	10
54.6130	54.6797	125.6272	9.71714022	9.58594751	19.60626947	1099137024	390017024	10
