0.000000000000000000e+00 0.000000000000000000e+00 2.808914431225191244e-01 8.536956272597560902e-02 0.000000000000000000e+00 6.549250344651719007e-03 0.000000000000000000e+00 6.606001552410365081e-05 0.000000000000000000e+00
2.139571418303540511e-03 0.000000000000000000e+00 1.605575015027327634e-01 9.240749298935108103e-02 3.539017449828939926e-02 0.000000000000000000e+00 4.259351414116280821e-01 1.040445244504632554e-03 1.710706018889579343e-03
1.710887042950583322e-03 0.000000000000000000e+00 1.613067323777885864e-01 0.000000000000000000e+00 1.460358730793261117e-02 3.319222395436451090e-02 4.259766110972879050e-01 0.000000000000000000e+00 1.709423630569575350e-03
1.197877627296156829e-02 0.000000000000000000e+00 1.607611628207047672e-01 6.082121531165592954e-01 3.803096334157436698e-02 6.959042282463204221e-02 4.262254292112465648e-01 2.427705570510809222e-03 1.196853019062702438e-02
2.032143627234549513e-02 0.000000000000000000e+00 1.679659629336401061e-01 3.651774922615185770e-01 2.832973909175750399e-02 1.187811422318945861e-02 4.262254292112465648e-01 3.170880745156975239e-03 2.030405427067370067e-02
1.882360793091764420e-02 0.000000000000000000e+00 2.139615003679840588e-01 1.927221604480790496e-01 4.464526089069837528e-02 4.346105516727398477e-02 4.262254292112465648e-01 2.642400620964146032e-03 1.859334825178412046e-02
1.882360793091764420e-02 0.000000000000000000e+00 1.651902345072407408e-01 3.714721833192662359e-01 9.445556058706056426e-03 1.766497043171121051e-02 4.262254292112465648e-01 2.080890489009265109e-03 1.880750710122532435e-02
1.839492355556468159e-02 0.000000000000000000e+00 2.271911687417192127e-01 2.587708665511699868e-01 7.005306194376988149e-02 2.850912656025060554e-02 4.262254292112465648e-01 3.071790721870819654e-03 1.837918940234292003e-02
2.951889805012783419e-02 0.000000000000000000e+00 1.852594164136635302e-01 3.661840611908768195e-01 1.498450948877287359e-01 6.575599289293515559e-02 4.342705482292444352e-01 3.038760714108767937e-03 2.906661366128277316e-02
3.229892905915331819e-02 0.000000000000000000e+00 2.791654921298162839e-01 4.905030838800176207e-01 3.495659609673568147e-02 8.579678648569022403e-02 4.339802604296259525e-01 4.459051047876996104e-03 3.269833738354310793e-02
3.358369869905843130e-02 0.000000000000000000e+00 2.691692281685632016e-01 7.116131226779911501e-01 1.696850140039138019e-02 7.435550580059777093e-02 4.339802604296259525e-01 4.492081055639048255e-03 3.355497278130790267e-02
3.571941965890072096e-02 0.000000000000000000e+00 2.237374684223800425e-01 3.147763191195272481e-01 4.114876992542509243e-02 5.708387123221633774e-02 4.339802604296259525e-01 4.739806113854436349e-03 3.547470809635865779e-02
3.529330225585526615e-02 0.000000000000000000e+00 2.118304746567542252e-01 3.674386521912505477e-01 7.798503009270733866e-02 1.208880094113655573e-01 4.417350916480052847e-01 5.499496292381628876e-03 3.547727287299867749e-02
4.445996036594757755e-02 0.000000000000000000e+00 2.659470633431657016e-01 6.299436118900616499e-01 1.285881864275113251e-01 8.171008586652832306e-02 4.417350916480052847e-01 4.805866129378540651e-03 4.463609025448996015e-02
4.919474078713639148e-02 0.000000000000000000e+00 2.659904481493120532e-01 5.257032590313248654e-01 3.335002830499012028e-02 9.198510600934692305e-02 4.510243012357966208e-01 5.648131327310862253e-03 4.872434421867285342e-02
5.133687917774743675e-02 0.000000000000000000e+00 2.994034926342489800e-01 7.194462389630543742e-01 6.074107769070319351e-02 1.364087259023433751e-01 4.494899228663846724e-01 6.688576571815494157e-03 5.129296802364723823e-02
6.652308734893368214e-02 0.000000000000000000e+00 2.682136384746351410e-01 8.024078144660891088e-01 6.428218059201831758e-02 5.092076809648887065e-02 4.494899228663846724e-01 9.281432181136563264e-03 6.603915131540981365e-02
7.315614379152078628e-02 1.111111111111111049e-01 3.902366652414870352e-01 4.053259932216000672e-01 5.542724069397233361e-02 9.013508387918579834e-02 4.824583229659119010e-01 7.762051824082179079e-03 7.245237530376574808e-02
7.187265763776941319e-02 0.000000000000000000e+00 4.479038394879064078e-01 8.245929410311205743e-01 1.588730404914323047e-01 1.799323489256737796e-01 4.809239445964999526e-01 7.464781754223712325e-03 7.159702229432093890e-02
7.935923237260117391e-02 1.111111111111111049e-01 3.905754263962152306e-01 6.860826200270969677e-01 3.210758159828638880e-02 7.282622935604464443e-02 4.914157750684249870e-01 8.108866905583723625e-03 7.929135221436402203e-02
9.625504410058427496e-02 1.111111111111111049e-01 3.183024087334288543e-01 5.289085096959581511e-01 1.546671939033599508e-01 2.377043324605962182e-01 4.896740482707140907e-01 9.347492196660665831e-03 9.595855320949737977e-02
1.163647051575607688e-01 1.111111111111111049e-01 9.355045518079774247e-02 6.011435934028153127e-01 2.936085522743319132e-01 2.958819704633500192e-01 4.896740482707140907e-01 1.189080279433865628e-02 1.164780487179322838e-01
1.242761138092842443e-01 1.111111111111111049e-01 1.316247812214373925e-01 5.383150410718241519e-01 1.459445450345608353e-01 2.292196654585658688e-01 4.896740482707140907e-01 1.030536242176016866e-02 1.245968491718977555e-01
1.343322278239262590e-01 1.111111111111111049e-01 8.451989654184881295e-02 4.137849702385631989e-01 2.447301751884400356e-01 3.146545108108240174e-01 4.971800613751347631e-01 1.129626265462172451e-02 1.337902910380292243e-01
1.135808236900740648e-01 0.000000000000000000e+00 3.462179463835729498e-01 1.000000000000000000e+00 1.764589147885329834e-01 2.136095226640430944e-01 4.976776976030521937e-01 1.223761787584019996e-02 1.130566366801531164e-01
9.475978273146391795e-02 1.111111111111111049e-01 7.778693429472264276e-01 7.825446672954293748e-01 2.589883581226211651e-01 1.695421999748802366e-01 4.993779547151032672e-01 1.331109312810688575e-02 9.467872966613020969e-02
8.277972297234859056e-02 2.222222222222222099e-01 1.000000000000000000e+00 2.821441217643703703e-01 4.715460732419305551e-02 1.967699644906236445e-01 8.145060960437919828e-01 1.266700797674687531e-02 8.228059938830076248e-02
1.546523806101179899e-01 1.111111111111111049e-01 1.837011600602621586e-01 6.220559338612614564e-01 2.214646982590478541e-01 2.956542394643827398e-01 8.145060960437919828e-01 1.172565275552839813e-02 1.543072217698241155e-01
1.694124713782587943e-01 1.111111111111111049e-01 9.313279212473601909e-02 6.507526282859213973e-01 1.805507139841300568e-01 3.038762963763246838e-01 8.145060960437919828e-01 1.355881818632227384e-02 1.688392462121454940e-01
1.670559907999712712e-01 1.111111111111111049e-01 1.052254638689985727e-01 7.287545177083737391e-01 1.302733142966502888e-01 3.243857722182468817e-01 8.145060960437919828e-01 1.539198361711614955e-02 1.664860636449323195e-01
1.674872421476317486e-01 1.111111111111111049e-01 1.180972637899617705e-01 5.935389942612276926e-01 3.199746924414196281e-01 2.683473536833490547e-01 8.145060960437919828e-01 1.554061865204538380e-02 1.671298225815759375e-01
1.646995102216837481e-01 1.111111111111111049e-01 1.353475572555805639e-01 7.060169398145653696e-01 1.585191403943630173e-01 2.953983133368647818e-01 8.145060960437919828e-01 1.732423907119618259e-02 1.634904045293955610e-01
1.679146430368309573e-01 1.111111111111111049e-01 1.224995852592365847e-01 7.328504025553853607e-01 1.732464602305634760e-01 3.819462924747931143e-01 8.145060960437919828e-01 1.727469405955310566e-02 1.681980520521418887e-01
1.756117095008779272e-01 1.111111111111111049e-01 1.117902818933399212e-01 8.232184990217252807e-01 1.436993462605646310e-01 3.036458738114055644e-01 8.210997760636974396e-01 1.965285461842083622e-02 1.748203053366589876e-01
1.805351623866681965e-01 2.222222222222222099e-01 1.672203287264514004e-01 5.499577731615005183e-01 1.395416860116216740e-01 2.287603446206669111e-01 8.287716679107571816e-01 1.786923419927003570e-02 1.803807410922101395e-01
1.732590793810516727e-01 2.222222222222222099e-01 1.987282632005578087e-01 5.311923279315751145e-01 1.557463581552072929e-01 2.816134211638323670e-01 8.287716679107571816e-01 1.892619444765569411e-02 1.726838463955270297e-01
1.893052232752513164e-01 2.222222222222222099e-01 7.137002923641393159e-02 5.977556693411939515e-01 2.195604488869135895e-01 2.746307800335578420e-01 8.287716679107571816e-01 1.968588462618288751e-02 1.895703357933815891e-01
1.897326241644505529e-01 2.222222222222222099e-01 8.100100661741926888e-02 5.367956917089061752e-01 2.323547492456518038e-01 2.910873478761311639e-01 8.317160155926017762e-01 2.102359994054598530e-02 1.889291416333779838e-01
1.937935743549199230e-01 2.222222222222222099e-01 5.553502457648110818e-02 5.068022779412963974e-01 1.622796898972763968e-01 2.402498357286124431e-01 8.388902712117441984e-01 2.141996003369060764e-02 1.927724594284395410e-01
1.839582199587231071e-01 1.111111111111111049e-01 1.669440596759132478e-01 8.786960285280933647e-01 2.193057397366813543e-01 3.480640215966466777e-01 8.388902712117441984e-01 2.213010520057472064e-02 1.840137472027904841e-01
1.940079165425963870e-01 2.222222222222222099e-01 1.831474980004774433e-01 4.253262425685804815e-01 2.146199214948754652e-01 2.805568132352044830e-01 8.390146802687236116e-01 2.386418060808244423e-02 1.929866182778807449e-01
1.899469663521270169e-01 1.111111111111111049e-01 2.130297385986752168e-01 7.445626296721347126e-01 3.641510355913981645e-01 3.918291234096732412e-01 8.390146802687236116e-01 2.462387078660963416e-02 1.897844946428227930e-01
1.997823207483238050e-01 1.111111111111111049e-01 1.408727134746014520e-01 9.707178088406563932e-01 2.097376248677669808e-01 4.054278147590879566e-01 8.390146802687236116e-01 2.554871100394708744e-02 1.996114363390378288e-01
2.055618588986662110e-01 2.222222222222222099e-01 1.557096428014265732e-01 6.813528589828941051e-01 1.538617413755998253e-01 2.931603824988200935e-01 8.390146802687236116e-01 2.599461610873478670e-02 2.051718720945889529e-01
2.130368822581142074e-01 2.222222222222222099e-01 1.703633668587736516e-01 7.769803671239452481e-01 3.435950924074505641e-01 3.946079083580765756e-01 8.390146802687236116e-01 2.690294132219121087e-02 2.124263428208695570e-01
2.355081578379932816e-01 3.333333333333333148e-01 4.293162599509682542e-02 5.231382752472099051e-01 3.791394297842699546e-01 2.539590220830873490e-01 8.531143733930496298e-01 2.673779128338095099e-02 2.357350329253201093e-01
2.421399307944266110e-01 3.333333333333333148e-01 9.452942321586166319e-02 5.746613636360871080e-01 2.259538946237540646e-01 3.892971832935621657e-01 8.531143733930496298e-01 2.723324139981173064e-02 2.419328156759148196e-01
2.530431456705445337e-01 3.333333333333333148e-01 4.247237646682231610e-02 3.905657270044606832e-01 2.623690394367855228e-01 3.627829103741365691e-01 8.531143733930496298e-01 2.939670690822612439e-02 2.528267044543758280e-01
2.500539064184575944e-01 2.222222222222222099e-01 6.131846650670485371e-02 5.381936463784869895e-01 2.595472653986859446e-01 3.557318661322631526e-01 8.531143733930496298e-01 2.685339631054813395e-02 2.498400220570790864e-01
2.532574878582209976e-01 2.222222222222222099e-01 5.550242977393592819e-02 5.204903002784632138e-01 5.774484212177131148e-01 3.136770759726693059e-01 8.531143733930496298e-01 2.964443196644151249e-02 2.532550221532582357e-01
2.695141234816358922e-01 2.222222222222222099e-01 4.868966645850951458e-02 7.751870680172837647e-01 2.371148771808754552e-01 3.637106253577663262e-01 8.531143733930496298e-01 3.326121781638618352e-02 2.694977526144691771e-01
2.635292275466932788e-01 3.333333333333333148e-01 9.320067923072669624e-02 7.679674346997181766e-01 2.388340288608683526e-01 2.407302434718543438e-01 8.531143733930496298e-01 3.258410265726412181e-02 2.626626228688309084e-01
2.545461079565873863e-01 4.444444444444444198e-01 1.976820824347283456e-01 2.802671581739925033e-01 2.350201424480288237e-01 3.737988040136844825e-01 8.628182798374388618e-01 3.481362818120262159e-02 2.541142223276630085e-01
2.727228388660143388e-01 3.333333333333333148e-01 1.266894785326134754e-01 5.367760651348930656e-01 3.174382154084823826e-01 4.576879502825096924e-01 8.628182798374388618e-01 3.309606777757592710e-02 2.731307587250495494e-01
2.894120093232434576e-01 3.333333333333333148e-01 4.839811156953640475e-02 4.065983153741945522e-01 3.252285358540722982e-01 3.941289468903696469e-01 8.628182798374388618e-01 3.626694852273290581e-02 2.893786187395405163e-01
2.868450370157407114e-01 2.222222222222222099e-01 4.285654555337205934e-02 7.589094025527818310e-01 2.061579602275131207e-01 4.421967682016913481e-01 8.652235216057062583e-01 3.555680335584878587e-02 2.861726479395225731e-01
2.996798985532544424e-01 3.333333333333333148e-01 6.063172773583912906e-02 7.657118780517228052e-01 2.809186629370666877e-01 4.175625758327692894e-01 8.665505515468192588e-01 3.895889415534012357e-02 2.979270192807083606e-01
2.915451633107782325e-01 4.444444444444444198e-01 1.350827525838686483e-01 3.389066982102321157e-01 4.010459295337746588e-01 4.327663020134910332e-01 8.666749606037986720e-01 4.052781952403759075e-02 2.910829128168300750e-01
3.084499594418375623e-01 3.333333333333333148e-01 6.431853709131173102e-02 5.799966449902679289e-01 3.020804553932800451e-01 4.359079992138077952e-01 8.666749606037986720e-01 3.839738402338524481e-02 3.077578081418834155e-01
3.296133626310439602e-01 3.333333333333333148e-01 4.744971521134243309e-02 5.864669341466410835e-01 2.968011214475850812e-01 4.838653635995048830e-01 8.666749606037986720e-01 4.097372462882528654e-02 3.299726210093678058e-01
3.283427113388300844e-01 3.333333333333333148e-01 3.575267693245592904e-02 5.526858499753903864e-01 3.000385021001604757e-01 4.766910634693580229e-01 8.666749606037986720e-01 4.246007497811762205e-02 3.284888977231195106e-01
3.338976394122660230e-01 3.333333333333333148e-01 2.110457266865111217e-02 6.128806995808333546e-01 2.828542237887799460e-01 2.791991065663903537e-01 8.666749606037986720e-01 4.255916500140377590e-02 3.333991626004270126e-01
3.354018851844626226e-01 3.333333333333333148e-01 4.606499808252642603e-02 6.543064234432881543e-01 3.360384276144654514e-01 3.498339563583763856e-01 8.666749606037986720e-01 4.417763538174431653e-02 3.353278746337178262e-01
3.482290458050538717e-01 3.333333333333333148e-01 3.658350720974551384e-02 6.529419875635642523e-01 3.480297495579146028e-01 4.486935120201542837e-01 8.666749606037986720e-01 4.404551535069610446e-02 3.477183105816272213e-01
3.523002638847532175e-01 3.333333333333333148e-01 3.603344181782786732e-02 6.342582981936200071e-01 3.915498671650471385e-01 4.044650447759205458e-01 8.666749606037986720e-01 4.634110089015870682e-02 3.526401169538147529e-01
3.614977256625355739e-01 3.333333333333333148e-01 3.305382728171483986e-02 6.802726750773032682e-01 3.264070367866130917e-01 4.087460333620297481e-01 8.666749606037986720e-01 4.719988109197205406e-02 3.609743586455414488e-01
3.702677865511186939e-01 3.333333333333333148e-01 3.811186626150202261e-02 6.762260099021606408e-01 3.995271647090121170e-01 5.424664939636963945e-01 8.666749606037986720e-01 4.937986160426748039e-02 3.701652357350329048e-01
3.824532040948342426e-01 3.333333333333333148e-01 4.751512960817448616e-02 6.977737221493216513e-01 2.577116342523592118e-01 4.172369875574881704e-01 8.666749606037986720e-01 5.337649254347574812e-02 3.821260715957398579e-01
3.863036625560883341e-01 3.333333333333333148e-01 5.337949656540696974e-02 8.069987108746032867e-01 3.760868906685573831e-01 4.723585929725045429e-01 8.666749606037986720e-01 5.516011296262654517e-02 3.851178835463166528e-01
4.002140854904457923e-01 4.444444444444444198e-01 7.016716862662586429e-02 6.860642957304448064e-01 5.018660301077583208e-01 5.631419365174947789e-01 8.666749606037986720e-01 5.487935789664910580e-02 4.009399906385652801e-01
3.897254366419895533e-01 4.444444444444444198e-01 9.379435422053239435e-02 5.157261123393356295e-01 3.581940414551433860e-01 6.296249091143021337e-01 8.666749606037986720e-01 5.745569850208914753e-02 3.889650485063381180e-01
4.271660112330709080e-01 4.444444444444444198e-01 3.370954479222723621e-02 6.452136928186030795e-01 4.174294647630186761e-01 5.237392464113042045e-01 8.666749606037986720e-01 5.805023864180607757e-02 4.270147923492713105e-01
4.453478760871128483e-01 4.444444444444444198e-01 1.481534931962283190e-02 5.979207794392347175e-01 3.850685584861366362e-01 5.701485403863810753e-01 8.666749606037986720e-01 5.986688906871893284e-02 4.456081406010554136e-01
4.498323767083201030e-01 4.444444444444444198e-01 2.220020761765261266e-02 7.281565913445127158e-01 4.897572595678295615e-01 5.809413537334308097e-01 8.666749606037986720e-01 6.341761490313950478e-02 4.498746465417193252e-01
4.686380158330852863e-01 4.444444444444444198e-01 2.212400321721940538e-02 6.736755520271456854e-01 4.154801354249573753e-01 5.820956571472100105e-01 8.666749606037986720e-01 6.485442024078875989e-02 4.682371648959021693e-01
4.906780400653038554e-01 4.444444444444444198e-01 2.103488722872693534e-02 6.511852446366073188e-01 4.169781387803201400e-01 5.796535183706450489e-01 8.666749606037986720e-01 6.677016069098776208e-02 4.902583371270654578e-01
5.003029027322853928e-01 4.444444444444444198e-01 1.246605082721111493e-02 7.002306206844670644e-01 4.240658987244267375e-01 6.384946273805282013e-01 8.666749606037986720e-01 6.777757592773034356e-02 4.992337729787956757e-01
5.078074462732696803e-01 4.444444444444444198e-01 2.686103958987196352e-02 6.429137050320031799e-01 4.681786481035573044e-01 6.821959296070755352e-01 8.666749606037986720e-01 7.109709170781655652e-02 5.067318974858777691e-01
5.107928350668953232e-01 4.444444444444444198e-01 3.486767184541879339e-02 8.418074625658510390e-01 4.608683957202522330e-01 7.195858800687187085e-01 8.666749606037986720e-01 7.370646232101864259e-02 5.107842445771003659e-01
5.262036533149881956e-01 5.555555555555555802e-01 3.155941178295366967e-02 7.544363561159541653e-01 4.704485151353365313e-01 5.995910934740771303e-01 8.704487019988388363e-01 7.413585242192531621e-02 5.263947575965478576e-01
5.172192502387285007e-01 6.666666666666666297e-01 1.025841609041303476e-01 5.114237585363750060e-01 4.621751984979762806e-01 6.834101940144841070e-01 8.847972132371236809e-01 7.704249310498588466e-02 5.169910040459351208e-01
5.484400509287306047e-01 5.555555555555555802e-01 5.144628758686514008e-02 6.336616354442872190e-01 5.181036022299584376e-01 6.619095008078031972e-01 8.825163805258355865e-01 7.558917276345560043e-02 5.475426233817861643e-01
5.719689190993009209e-01 5.555555555555555802e-01 1.472363428901292924e-02 6.976849560576964260e-01 4.970486046648012191e-01 7.200678576134692532e-01 8.825578502114953539e-01 7.732324817096332403e-02 5.714796837630403692e-01
5.766844472281833500e-01 5.555555555555555802e-01 3.203080006527950219e-02 6.030576252196804266e-01 5.408876922056646830e-01 6.803924494632334063e-01 8.825578502114953539e-01 8.198047926541263131e-02 5.759783019896255185e-01
5.871551272704871316e-01 5.555555555555555802e-01 1.946763920565791617e-02 7.393604927404123783e-01 6.156494021603724498e-01 7.375814281105259607e-01 8.825578502114953539e-01 8.442469983980446790e-02 5.857988317442405224e-01
6.138927108254357279e-01 5.555555555555555802e-01 2.625792334691522817e-02 6.435122603741407765e-01 5.489214178988578441e-01 7.724078873218447328e-01 8.825578502114953539e-01 8.409439976218394119e-02 6.129405805371924698e-01
6.245995523200297272e-01 5.555555555555555802e-01 2.406552949020379986e-02 7.105461058243842665e-01 5.010477580452615820e-01 7.420358531077261288e-01 8.825578502114953539e-01 8.630741028224141187e-02 6.238511403638136166e-01
6.230914560893718868e-01 5.555555555555555802e-01 3.583450112643141866e-02 6.659959262444382633e-01 6.014982646673777689e-01 7.601873147046890322e-01 8.825578502114953539e-01 9.003980115935326933e-02 6.231996870972499325e-01
6.444923042170223049e-01 5.555555555555555802e-01 2.058215666096144258e-02 7.725162206825787470e-01 4.542511896596618248e-01 7.426540454370277322e-01 8.825578502114953539e-01 9.335931693943948229e-02 6.456504594156157184e-01
6.446950950293149907e-01 6.666666666666666297e-01 4.007182545730506029e-02 5.729052298844923286e-01 7.815640907221774736e-01 7.586281483180763452e-01 8.883221365182052409e-01 9.697610278938414985e-02 6.413647176501516833e-01
6.645878469263074573e-01 6.666666666666666297e-01 5.560898105949740877e-02 6.498357618431336302e-01 6.855857211958371611e-01 6.938226309517417922e-01 8.883636062038650083e-01 9.950289838318111812e-02 6.638052308619573072e-01
7.105879906767567089e-01 6.666666666666666297e-01 2.081391694664478167e-02 6.630760016262869927e-01 5.674450178164908154e-01 7.989915896400938689e-01 8.883636062038650083e-01 1.020957539925021890e-01 7.101943459498970546e-01
7.426481913113122113e-01 6.666666666666666297e-01 1.501990980456156290e-02 7.235436910692796264e-01 5.982706851771651957e-01 7.580977684672687289e-01 8.957866799369660349e-01 1.077273703159320195e-01 7.411576119364705617e-01
7.719784168968386595e-01 6.666666666666666297e-01 1.969737636566601738e-02 7.750414666187664947e-01 7.862483070125917406e-01 8.812652548668161723e-01 8.957866799369660349e-01 1.116909712473782429e-01 7.713181028347194657e-01
8.156156626382315977e-01 7.777777777777777901e-01 6.106535100556088891e-02 7.066705680042264515e-01 7.119372571489612778e-01 8.386183720229999361e-01 9.257692626689889570e-01 1.144654918993905923e-01 8.147038644772023330e-01
8.506805043587190029e-01 7.777777777777777901e-01 4.849027618362967279e-02 7.959975630307405403e-01 9.853065229283625159e-01 7.775985925070885152e-01 9.257692626689889570e-01 1.181483377648593763e-01 8.501670310786808571e-01
8.613899128256204962e-01 8.888888888888888395e-01 7.855796996872246862e-02 6.280468981932056938e-01 6.565905030218620597e-01 7.795805026691633444e-01 9.771502032014597328e-01 1.198989281762481152e-01 8.606531203713795319e-01
8.985943259644115777e-01 8.888888888888888395e-01 6.963193948965980262e-02 7.095954527808991941e-01 8.617732347024229522e-01 8.977000314273667625e-01 9.771502032014597328e-01 1.227229938399035519e-01 8.971845164434241182e-01
9.796618784076558395e-01 8.888888888888888395e-01 4.082510258371129658e-02 7.516021243657359241e-01 9.406659681201987588e-01 9.450139636909116181e-01 9.771502032014597328e-01 1.260590246238707801e-01 9.792522393706036832e-01
9.773259336078282677e-01 1.000000000000000000e+00 9.392428384722974199e-02 6.965602787757705361e-01 8.091763949303387715e-01 9.183893831915499462e-01 9.845318072489011030e-01 1.311126158114647167e-01 9.756359043081834770e-01
9.796798472138084080e-01 1.000000000000000000e+00 1.309555762064235351e-01 6.328525232589023997e-01 9.176227241116374778e-01 8.906890341203924644e-01 9.845318072489011030e-01 1.355056068438175998e-01 9.792689104187638494e-01
9.910155969237405271e-01 1.000000000000000000e+00 2.217637969303338785e-01 6.490302952799624769e-01 9.631110576041159721e-01 8.409939782241381279e-01 9.845318072489011030e-01 1.391884527092863977e-01 9.908091229105084885e-01
9.935825692312431068e-01 1.000000000000000000e+00 2.254483583683895564e-01 6.404320123052217317e-01 8.081611809367730270e-01 8.415399405514516484e-01 9.845318072489011030e-01 1.411537381711284733e-01 9.899550522893836302e-01
9.901607951453420542e-01 1.000000000000000000e+00 2.779522910999104868e-01 6.868830161012243751e-01 9.306090103292949944e-01 8.591529589307053127e-01 9.845732769345608704e-01 1.805089924196132123e-01 9.910232817599496924e-01
9.869520797609635521e-01 1.000000000000000000e+00 2.531912559609149627e-01 6.120380761495587407e-01 9.194407758312693746e-01 8.781990294358437144e-01 9.845732769345608704e-01 1.856286436227312375e-01 9.856808520187997358e-01
9.792344775184566030e-01 1.000000000000000000e+00 2.837480965759272000e-01 6.346299093094706079e-01 9.825587637528788720e-01 9.964855954024438578e-01 9.845732769345608704e-01 1.894105795114861823e-01 9.786110452106001611e-01
9.775402757955047317e-01 1.000000000000000000e+00 2.598891506963373343e-01 6.492239753252897483e-01 7.301501222167839922e-01 8.251870013415845140e-01 9.845732769345608704e-01 1.938696305593631819e-01 9.754217454587423841e-01
9.831016212997094605e-01 1.000000000000000000e+00 2.620646851724219850e-01 6.862301602252189880e-01 9.954576247905504438e-01 7.300643898418770483e-01 9.861076553039728187e-01 1.962973361298739894e-01 9.831160753787853146e-01
9.803215902906839974e-01 1.000000000000000000e+00 2.923578450744307999e-01 6.521377534960562938e-01 9.124866953116500534e-01 9.999168428718087087e-01 9.861076553039728187e-01 1.995177618866740554e-01 9.782006809481978982e-01
9.807323058598844678e-01 1.000000000000000000e+00 2.885975288194252419e-01 6.267661937499082736e-01 8.189847520616558851e-01 8.044001021376648852e-01 9.861076553039728187e-01 2.049016531518884909e-01 9.796792746811661123e-01
9.910155969237405271e-01 1.000000000000000000e+00 2.860591804722514842e-01 6.225971559946628098e-01 9.409219754227832189e-01 8.882143194084164417e-01 9.861491249896325861e-01 2.071972386913510933e-01 9.893138581293799971e-01
9.920680555698165870e-01 1.000000000000000000e+00 2.722571923241712266e-01 5.830076648999585887e-01 9.717783141550977444e-01 9.180835176490546035e-01 9.861491249896325861e-01 2.095588842463377843e-01 9.905782930129072295e-01
9.882355659147150639e-01 1.000000000000000000e+00 2.913523516138473157e-01 6.144301474874187541e-01 9.645544102027849842e-01 8.765925748917299254e-01 9.861491249896325861e-01 2.129774900497101719e-01 9.897408934399424263e-01
9.905881960345411796e-01 1.000000000000000000e+00 2.582823393267307255e-01 6.514133977836592537e-01 8.267858024426862906e-01 8.655386280079219175e-01 9.861491249896325861e-01 2.190219814701656331e-01 9.895267345905012224e-01
9.977577496893963449e-01 1.000000000000000000e+00 2.322017766640095682e-01 6.048658434647391502e-01 7.762147367030786116e-01 8.477770610078414482e-01 9.861491249896325861e-01 2.212019619824610595e-01 9.996832500849580638e-01
9.494203776529659411e-01 1.000000000000000000e+00 2.155402127698793358e-01 5.916007236773211941e-01 8.598324537760737574e-01 7.765979867968265671e-01 9.861491249896325861e-01 2.236296675529718669e-01 9.513872235651676945e-01
9.758293887525543164e-01 1.000000000000000000e+00 1.210818237443919976e-01 6.122478088143750163e-01 7.616925692192153541e-01 8.231396339301901843e-01 9.861491249896325861e-01 2.300044590510478826e-01 9.754217454587423841e-01
9.508026922405561354e-01 1.000000000000000000e+00 1.267679308504635893e-01 6.253447490520437357e-01 9.065998742693484047e-01 9.087325267720178790e-01 9.861491249896325861e-01 2.326468596720120130e-01 9.487070319763526438e-01
9.728337320696985868e-01 1.000000000000000000e+00 5.563280898411666897e-02 6.153850524994918247e-01 8.158343666741897371e-01 9.724167884734776779e-01 9.861491249896325861e-01 2.353388053046192585e-01 9.739251982892938031e-01
9.045830723578155430e-01 1.000000000000000000e+00 7.113422269938016185e-02 5.857976229918903099e-01 8.281170918713876006e-01 7.593790149731960426e-01 9.861491249896325861e-01 2.371224257237700417e-01 9.031681403445775969e-01
8.936901253709275128e-01 1.000000000000000000e+00 4.244719979175293201e-02 5.380419173925035103e-01 6.762627979352974217e-01 9.228606703200412653e-01 9.861491249896325861e-01 2.410034516358111334e-01 8.918574753621143492e-01
8.654547134745510517e-01 1.000000000000000000e+00 2.427953122829352994e-02 4.898771825992935258e-01 7.552374724559367536e-01 7.631894071219302855e-01 9.861491249896325861e-01 2.426714670277947405e-01 8.647144441808423121e-01
8.104675996755348333e-01 8.888888888888888395e-01 3.331840716168504163e-02 5.182763957601058680e-01 7.404516797123988914e-01 8.359822263242966400e-01 9.861491249896325861e-01 2.094432792191706083e-01 8.093473284645323895e-01
7.997864279040158841e-01 8.888888888888888395e-01 1.034738866177429412e-02 5.268612184111325369e-01 6.525090425223524226e-01 8.427853301606561542e-01 9.861491249896325861e-01 2.109626595762250090e-01 7.995293634865573429e-01
7.616976928052902052e-01 8.888888888888888395e-01 1.166646660201654979e-02 5.271096157945229788e-01 6.019772217892642718e-01 8.446271915891635507e-01 9.861491249896325861e-01 2.143482353718353106e-01 7.612603312409030876e-01
7.589304966578022116e-01 8.888888888888888395e-01 1.506374419419129196e-02 4.915749533906115243e-01 7.654389808565058573e-01 8.560990764379224904e-01 9.861491249896325861e-01 2.194183415633102763e-01 7.587083784840887857e-01
8.081149695557084955e-01 7.777777777777777901e-01 1.879708544019392108e-02 6.398403728951368441e-01 7.943236234668789031e-01 8.759068653085261280e-01 9.861491249896325861e-01 2.177338111674456123e-01 8.069954282856390826e-01
8.234012896468873022e-01 7.777777777777777901e-01 2.172859454358508011e-02 7.607570587730664302e-01 7.501745039618050725e-01 9.050866426141510601e-01 9.861491249896325861e-01 2.221928622153226118e-01 8.222699555652446257e-01
8.335690669569058020e-01 8.888888888888888395e-01 5.175357789775662104e-02 5.857974626825845910e-01 7.637276164090823771e-01 8.978687385583242753e-01 9.861905946752923535e-01 2.264702482205083189e-01 8.322148769869002205e-01
8.483419925865840483e-01 8.888888888888888395e-01 5.572362484775977842e-02 6.354933512615968949e-01 7.266939384336381647e-01 9.574617648442396156e-01 9.862320643609521209e-01 2.615481164638073786e-01 8.484717137196313708e-01
9.221385959688266354e-01 8.888888888888888395e-01 2.187785626006784681e-02 6.616319985801045744e-01 8.714469550499186479e-01 8.858238178323911693e-01 9.862320643609521209e-01 2.666512526630444024e-01 9.204957713245146556e-01
9.424600322411722519e-01 8.888888888888888395e-01 2.634042191611581443e-02 6.971709704753552561e-01 7.998303139994900057e-01 8.602738248850648750e-01 9.862320643609521209e-01 2.688642631831018592e-01 9.410127020563096023e-01
9.715335605959483090e-01 8.888888888888888395e-01 1.757197044797845567e-02 7.431825938109619667e-01 8.193742297166951571e-01 9.029339292803870709e-01 9.862320643609521209e-01 2.736866443163614160e-01 9.700626446694322613e-01
9.952767709541949781e-01 8.888888888888888395e-01 5.326575194411135861e-02 7.746257119780659561e-01 1.000000000000000000e+00 8.562196558062649121e-01 9.864394127892510689e-01 2.768575250615183947e-01 9.939984226623663766e-01
9.424433469211734860e-01 1.000000000000000000e+00 1.554947418963701089e-01 5.921965829941330250e-01 8.480823656457660009e-01 8.726661632477372699e-01 9.869785187028282669e-01 2.832983765751184713e-01 9.397136426881422810e-01
1.000000000000000000e+00 1.000000000000000000e+00 1.246614074390780535e-01 6.679220925327586933e-01 8.556831597715222060e-01 8.798829013298249402e-01 9.880152608443227846e-01 2.864692573202754500e-01 1.000000000000000000e+00
9.875771375178404865e-01 1.000000000000000000e+00 1.610792431351973641e-01 5.384796608119881700e-01 7.397681032877810869e-01 8.881948062054022541e-01 9.880152608443227846e-01 2.908292183448663026e-01 9.852358632717572728e-01
9.266153956731115748e-01 1.000000000000000000e+00 1.978776512499994256e-01 5.935206916534815358e-01 9.043319320455043275e-01 9.376043525250965516e-01 9.880152608443227846e-01 2.937854040395699307e-01 9.266768830269492829e-01
9.831016212997094605e-01 1.000000000000000000e+00 7.639232632927224487e-02 6.276963922689653419e-01 7.675384665130736694e-01 9.639995883861934844e-01 9.880152608443227846e-01 2.966259847071063827e-01 9.814053693598958628e-01
9.691809304761221933e-01 1.000000000000000000e+00 3.786819201350907077e-02 5.791735198855616495e-01 7.943672152659253527e-01 8.751430460727424032e-01 9.880152608443227846e-01 3.010520057472213518e-01 9.687802563494252173e-01
9.041556714686161955e-01 1.000000000000000000e+00 4.966166594958101171e-02 5.446475387218618902e-01 7.609478507156273164e-01 8.843892941685168596e-01 9.880152608443227846e-01 3.053789367640501462e-01 9.031681403445775969e-01
8.883418385682456675e-01 1.000000000000000000e+00 3.241901540317972119e-02 5.255197246790648258e-01 7.097447209855476391e-01 8.322640168729763532e-01 9.880152608443227846e-01 3.084672424898020071e-01 8.877961515526516800e-01
8.637284245977554509e-01 1.000000000000000000e+00 2.757632691193242017e-02 5.417435243308161841e-01 6.995541230061951277e-01 8.308389140614400592e-01 9.880152608443227846e-01 3.112582781456953440e-01 8.636308260504362844e-01
8.031953671283795781e-01 1.000000000000000000e+00 2.211591071451853366e-02 4.110569867812689515e-01 7.431494392832699303e-01 7.403964444343932305e-01 9.880152608443227846e-01 3.130749285726082132e-01 8.020800338550516662e-01
7.642646651127928958e-01 8.888888888888888395e-01 4.433365208802302754e-02 4.609766501772923908e-01 6.586173409114908228e-01 7.703766698634216814e-01 9.880982002156423194e-01 2.781126653564763851e-01 7.633980725703550796e-01
7.396666529761477538e-01 7.777777777777777901e-01 4.064886585822564957e-02 5.788518913252768128e-01 6.515774242714361675e-01 6.628644771379240686e-01 9.881396699013021978e-01 2.797311357368169049e-01 7.388198180290973527e-01
7.253480814448974856e-01 7.777777777777777901e-01 2.141208777128427929e-02 5.518160211119208514e-01 5.429225123870246028e-01 6.752023268004759826e-01 9.881396699013021978e-01 2.820102062723984782e-01 7.245134939310972078e-01
6.740112022671500558e-01 7.777777777777777901e-01 1.568821565260863915e-02 4.293487444163549549e-01 6.207411048868828329e-01 7.357216674898087172e-01 9.881396699013021978e-01 2.861719872504169815e-01 6.732205259074499626e-01
6.367811194052840351e-01 6.666666666666666297e-01 3.437470355589065246e-02 4.905061967095386000e-01 5.693711614585014180e-01 6.610079196478677588e-01 9.881396699013021978e-01 2.852471470330795733e-01 6.375175526901301071e-01
6.322991857563842188e-01 5.555555555555555802e-01 4.633429858907213428e-02 7.151618803511712308e-01 5.834996087505576190e-01 8.550958399030521573e-01 9.881396699013021978e-01 2.887648428597380801e-01 6.319725055944190872e-01
6.414863796449364886e-01 5.555555555555555802e-01 3.336876051182381675e-02 6.886543264291016264e-01 6.122569937548804075e-01 7.658820196081123077e-01 9.881396699013021978e-01 2.909613383759145355e-01 6.413647176501516833e-01
6.481284204905998214e-01 5.555555555555555802e-01 1.817531148267687371e-02 6.505715985308158089e-01 6.426170913299302789e-01 7.258754078590118342e-01 9.881396699013021978e-01 2.933394989347822279e-01 6.482152360556300286e-01
6.376474725590661752e-01 5.555555555555555802e-01 2.504674544268461339e-02 6.775147052928557345e-01 5.694542617060388556e-01 6.318804969221962775e-01 9.881396699013021978e-01 2.971049198196561436e-01 6.371020588744478186e-01
6.408561879434445663e-01 5.555555555555555802e-01 2.246074124627238724e-02 7.074426958897607198e-01 6.020923162234468329e-01 6.945855273649133022e-01 9.881396699013021978e-01 2.973030998662284929e-01 6.403080296744657618e-01
6.233160661662783264e-01 5.555555555555555802e-01 3.186108230030288563e-02 6.433313192606513464e-01 5.039969830670284479e-01 7.312620915523846410e-01 9.881396699013021978e-01 3.008207956928869997e-01 6.217133990343616246e-01
6.273795833290551904e-01 5.555555555555555802e-01 2.181603853110285554e-02 6.764873112416742718e-01 5.994064591850463142e-01 7.236776926199023352e-01 9.881396699013021978e-01 3.049330316592624435e-01 6.274841464743938779e-01
6.263104393629802535e-01 5.555555555555555802e-01 1.967467239975523308e-02 6.195114630673211886e-01 5.973228192827962912e-01 5.581349651657097066e-01 9.881396699013021978e-01 3.041072814652111544e-01 6.257747228438244047e-01
6.269406310644721758e-01 5.555555555555555802e-01 2.172072683262590842e-02 6.329425812549335228e-01 5.352203631666627714e-01 6.326640552370601522e-01 9.881396699013021978e-01 3.085167875014450667e-01 6.264043755089478971e-01
6.213908369356512251e-01 5.555555555555555802e-01 2.640471235423940896e-02 6.828783000994336216e-01 4.872393989140275106e-01 6.627905664396811503e-01 9.881396699013021978e-01 3.100196528546184105e-01 6.202181342532332442e-01
6.233045147908945482e-01 5.555555555555555802e-01 2.375261938577004697e-02 6.189424197253908799e-01 4.624056530503719564e-01 5.690167790696402106e-01 9.881396699013021978e-01 3.117206982543641036e-01 6.223443340878052066e-01
6.224599809017261620e-01 5.555555555555555802e-01 2.169307744839791760e-02 6.389241363736215540e-01 5.065914896400705025e-01 6.178324097217958721e-01 9.881396699013021978e-01 3.148585489917590241e-01 6.221417167332440323e-01
5.997859145095543187e-01 5.555555555555555802e-01 2.833589820710601809e-02 6.487321699499039029e-01 5.205678300220025756e-01 6.111801312849985957e-01 9.881396699013021978e-01 3.155026341431190207e-01 5.994870446719970936e-01
6.091874505857831634e-01 5.555555555555555802e-01 1.816564543778416418e-02 6.793731550444020995e-01 5.327621928584146405e-01 5.281856394339179417e-01 9.881396699013021978e-01 3.181780647718452371e-01 6.090934155771708935e-01
5.969956156112988799e-01 5.555555555555555802e-01 1.314806897150134525e-02 6.221355726954096443e-01 5.937115544978246451e-01 6.373935902241139040e-01 9.881396699013021978e-01 3.195983551056134631e-01 5.952025852948531481e-01
5.884386134242385324e-01 5.555555555555555802e-01 1.739640809771785673e-02 5.657181770758468176e-01 5.707944610785192774e-01 6.366299285071657099e-01 9.881396699013021978e-01 3.221251506994103897e-01 5.881494495348137397e-01
5.865249355689952093e-01 5.555555555555555802e-01 1.448400629237041846e-02 6.490279726810197491e-01 5.871165089516561242e-01 5.495902851591137894e-01 9.881396699013021978e-01 3.234463510098924965e-01 5.873043556319288427e-01
5.687602037149224188e-01 5.555555555555555802e-01 1.417851431541247362e-02 5.818749334899085968e-01 5.529017564779320493e-01 6.506457323336716225e-01 9.881396699013021978e-01 3.256593615299499533e-01 5.678466776524598858e-01
5.704813586471030318e-01 5.555555555555555802e-01 2.396279966425104643e-02 6.305022756759373070e-01 4.961914356754960065e-01 6.142365589700982120e-01 9.881396699013021978e-01 3.274264669452197074e-01 5.687110073801447951e-01
5.653281617397912795e-01 5.555555555555555802e-01 1.745058290746537288e-02 5.736165411343744358e-01 5.312112741002795735e-01 6.120767667621549446e-01 9.881396699013021978e-01 3.288632722828689903e-01 5.654858007553267285e-01
5.614982390569971393e-01 5.555555555555555802e-01 2.640291402030588847e-02 4.929942471147901184e-01 5.044027997294380228e-01 6.460964824834952713e-01 9.881396699013021978e-01 3.329259632376013744e-01 5.618720304695464796e-01
5.486633775194833529e-01 4.444444444444444198e-01 1.591210822733277533e-02 8.057372576929439090e-01 5.262177657252340435e-01 6.855387202195969421e-01 9.881396699013021978e-01 3.274429819491007643e-01 5.477670413377875303e-01
5.470012629503753221e-01 5.555555555555555802e-01 1.447411545573602625e-02 7.222431384479285343e-01 4.527574630324717186e-01 5.653495520383226003e-01 9.881396699013021978e-01 3.285329722052484636e-01 5.458934720022570186e-01
5.287706256224908863e-01 5.555555555555555802e-01 4.580940987222387184e-02 5.458096265377926359e-01 4.798959612500580674e-01 5.858243256263071519e-01 9.881396699013021978e-01 3.321002130435500854e-01 5.283183400765585347e-01
5.122996478113994723e-01 5.555555555555555802e-01 1.893578194481721627e-02 5.081204966481497332e-01 4.354663875879756785e-01 6.599488644189350772e-01 9.881396699013021978e-01 3.349242787072054806e-01 5.120756096153477044e-01
4.872729512994015133e-01 4.444444444444444198e-01 3.897439217437005665e-02 6.218901787540136450e-01 4.506761582350142792e-01 4.290330186783202771e-01 9.881396699013021978e-01 3.373850142854783463e-01 4.868561609140864554e-01
4.748667741372407103e-01 4.444444444444444198e-01 1.449771858861357253e-02 5.817186988694352801e-01 3.289409959869222244e-01 5.900181271654311166e-01 9.881396699013021978e-01 3.391686347046291572e-01 4.746747542623382388e-01
4.295186413528971903e-01 4.444444444444444198e-01 1.709855903997739915e-02 4.778100636842955717e-01 4.796255644106908744e-01 5.288514708087870275e-01 9.881396699013021978e-01 3.400934749219666209e-01 4.291512512904032683e-01
4.079073014960315491e-01 3.333333333333333148e-01 3.126426022611351191e-02 7.102579687070746939e-01 3.107517560587791383e-01 5.329402706264874112e-01 9.881811395869619652e-01 3.362289640138065305e-01 4.075583967581223321e-01
3.845991929439065427e-01 3.333333333333333148e-01 2.994720541154647850e-02 5.813090124074583587e-01 3.358673270987238557e-01 4.758709775024467792e-01 9.881811395869619652e-01 3.383428845105778682e-01 3.849114190267954316e-01
3.629878530870409015e-01 3.333333333333333148e-01 3.947320504918216955e-02 5.713570465354311789e-01 2.862178133241536360e-01 4.859885512535164209e-01 9.881811395869619652e-01 3.398952948753942715e-01 3.626773703345109734e-01
3.482354632358226065e-01 3.333333333333333148e-01 2.541652785776617185e-02 4.837870254698736772e-01 3.128328175927992949e-01 4.260718029561652020e-01 9.881811395869619652e-01 3.419266403527604914e-01 3.475105636737860215e-01
3.178553459765275924e-01 2.222222222222222099e-01 5.108999267628503566e-02 7.191017389798072257e-01 2.518264874678625143e-01 3.754927355657531884e-01 9.881811395869619652e-01 3.411174051625902037e-01 3.171564321392160712e-01
3.043851587929069513e-01 2.222222222222222099e-01 2.656341532387319210e-02 8.068347795214582119e-01 2.066879185940183883e-01 3.943706645588659354e-01 9.881811395869619652e-01 3.441066208650558900e-01 3.047659961913066762e-01
2.598931112731155957e-01 3.333333333333333148e-01 4.772710822058903041e-02 6.546440546442785502e-01 1.683883027352359174e-01 2.992562862046164729e-01 9.885543667578999827e-01 3.433964756981717770e-01 2.594579344571329438e-01
2.273759895678245657e-01 3.333333333333333148e-01 1.050125860896172769e-01 4.827635986025136106e-01 2.539195507454783396e-01 3.454247756746353093e-01 9.885543667578999827e-01 3.445194959620815345e-01 2.273943792919933815e-01
2.476820240063250522e-01 2.222222222222222099e-01 7.720584764245164155e-02 5.908581832316676108e-01 1.929355459263242534e-01 2.919993217498995652e-01 9.885543667578999827e-01 3.433634456904097187e-01 2.476843272911470051e-01
2.575353472086743256e-01 2.222222222222222099e-01 4.763831548262111026e-02 6.237787261062315292e-01 3.049169379011020253e-01 3.616684389786377074e-01 9.885543667578999827e-01 3.462205413618272276e-01 2.577433812732833340e-01
2.524065365382838211e-01 2.222222222222222099e-01 5.859444018089440820e-02 5.318093084709277774e-01 3.365997585566664063e-01 3.978935324502729243e-01 9.885543667578999827e-01 3.470297765519975153e-01 2.528318340076558535e-01
2.502631146615190705e-01 2.222222222222222099e-01 5.497394438922059007e-02 5.615461754844356390e-01 2.363216719022077084e-01 3.637071848343322866e-01 9.885543667578999827e-01 3.483509768624795666e-01 2.498348925037990609e-01
2.462034479572034473e-01 2.222222222222222099e-01 8.050601520221591090e-02 6.060298097285361507e-01 2.374059620621992439e-01 3.527625552793847707e-01 9.885543667578999827e-01 3.499859622467011433e-01 2.466340512570611154e-01
2.494121633415818662e-01 2.222222222222222099e-01 7.670186455758062904e-02 6.382582662109704819e-01 2.421348429770496802e-01 3.915827279147197082e-01 9.885543667578999827e-01 3.523971528133308939e-01 2.494129867465166850e-01
2.613806717253134293e-01 2.222222222222222099e-01 5.070986984108570572e-02 6.467007690892698779e-01 2.321566761956505021e-01 3.420225428775738874e-01 9.885543667578999827e-01 3.517365526580898960e-01 2.613712578305836809e-01
2.727177049213992954e-01 2.222222222222222099e-01 3.215106364708413683e-02 5.595312855393059781e-01 4.135723183759135169e-01 4.817073666976295354e-01 9.885543667578999827e-01 3.526448778715463028e-01 2.724844350117658909e-01
2.742193837212884011e-01 2.222222222222222099e-01 2.963676801627131152e-02 7.095672977518160396e-01 2.240636261730894196e-01 3.333527821418549308e-01 9.885543667578999827e-01 3.549074334032468747e-01 2.748401823556190782e-01
2.763538211949769785e-01 2.222222222222222099e-01 3.608536871015846637e-02 5.691702192018244233e-01 2.661268995895321177e-01 4.264195118541476148e-01 9.885543667578999827e-01 3.555680335584878726e-01 2.761174411223462077e-01
2.754977359304248141e-01 2.222222222222222099e-01 3.124088188497764831e-02 7.288882467883004423e-01 2.707444157358960268e-01 2.902667854518929946e-01 9.885543667578999827e-01 3.562286337137289260e-01 2.752620881129014818e-01
2.720862297337536262e-01 2.222222222222222099e-01 4.330185799366177701e-02 6.226560564626123506e-01 4.120454513092456916e-01 3.715087478153124012e-01 9.885543667578999827e-01 3.577314990669022698e-01 2.722805352688847380e-01
2.746532020412563724e-01 2.222222222222222099e-01 3.059505521109965806e-02 6.368312484072385926e-01 3.006933285979844217e-01 3.197876491772867480e-01 9.885543667578999827e-01 3.583095242027382055e-01 2.744182765983367300e-01
2.724930948444928558e-01 2.222222222222222099e-01 4.621695729990948215e-02 6.016417677726221269e-01 2.479815703933750948e-01 3.833520117391491233e-01 9.885543667578999827e-01 3.593169394394807870e-01 2.718329817452022623e-01
2.686631721616987156e-01 2.222222222222222099e-01 5.288023410711145678e-02 6.177263887710445767e-01 2.679740655705990515e-01 3.527719103750391882e-01 9.885543667578999827e-01 3.603078396723423116e-01 2.682204938477419920e-01
2.712250105245864740e-01 2.222222222222222099e-01 5.029085803457386539e-02 6.916085214048554031e-01 2.687347475366196892e-01 3.786376189931763836e-01 9.885543667578999827e-01 3.611170748625125992e-01 2.707801409344763321e-01
2.748662607427790894e-01 2.222222222222222099e-01 3.174801205423233991e-02 6.637640840577545553e-01 2.713358496876969728e-01 2.510308537383299510e-01 9.885543667578999827e-01 3.622896401380654163e-01 2.746311530594578998e-01
2.701455986692815614e-01 2.222222222222222099e-01 4.459058904877574031e-02 5.822947241531323259e-01 2.567331098781912013e-01 3.594469344945396827e-01 9.885543667578999827e-01 3.627355452428531191e-01 2.697003699690302958e-01
2.665248842295489529e-01 2.222222222222222099e-01 5.531517825310741654e-02 5.890732286958724195e-01 2.956134420846602273e-01 3.202817800060627773e-01 9.885543667578999827e-01 3.646182556852901047e-01 2.662969113677312594e-01
2.727125709767843076e-01 2.222222222222222099e-01 3.955952507799150031e-02 6.806938877783693664e-01 2.525963142333770839e-01 2.908625751849174268e-01 9.885543667578999827e-01 3.650311307823157492e-01 2.735475349290518721e-01
2.703702087461880565e-01 2.222222222222222099e-01 4.980283516336289629e-02 7.074355574106716560e-01 2.958019718091217665e-01 3.519645197204107068e-01 9.885543667578999827e-01 3.664514211160839752e-01 2.705659820850351283e-01
2.705884013923258169e-01 2.222222222222222099e-01 5.374478314565471482e-02 6.715099175837695444e-01 2.623969048711736751e-01 3.158524668176592720e-01 9.885543667578999827e-01 3.669633862363957388e-01 2.703569527888740054e-01
2.735776406444127007e-01 2.222222222222222099e-01 4.063807585462447802e-02 6.554983985718009221e-01 2.562940698201085499e-01 2.767568630249394590e-01 9.885543667578999827e-01 3.670294462519198553e-01 2.735577940356118676e-01
2.750806029304556088e-01 2.222222222222222099e-01 4.224376326552264221e-02 5.348642380424809550e-01 2.439623242377103873e-01 3.507487458813302594e-01 9.885543667578999827e-01 3.691763967564532511e-01 2.750594707583403076e-01
2.765732973272684858e-01 2.222222222222222099e-01 4.572264025993117570e-02 6.457145717006987917e-01 2.232776218284762138e-01 3.460461490299497345e-01 9.885543667578999827e-01 3.694736668263117196e-01 2.763367295250674927e-01
2.757223460073313093e-01 2.222222222222222099e-01 3.911758451382715829e-02 8.272869266566320601e-01 2.436363091930483504e-01 3.258726225990731806e-01 9.885543667578999827e-01 3.711416822182952990e-01 2.750594707583403076e-01
2.744337259089649206e-01 3.333333333333333148e-01 6.652689116168326866e-02 7.265177068762052048e-01 4.323988771210842685e-01 1.933352729685110794e-01 9.885958364435597501e-01 3.694241218146686045e-01 2.739848293461742967e-01
2.782841843702190121e-01 3.333333333333333148e-01 1.017495091672320218e-01 5.071443101042298895e-01 5.019058496419813720e-01 3.079774837130171972e-01 9.885958364435597501e-01 3.698369969116942491e-01 2.782590296167582467e-01
2.874867800926163564e-01 2.222222222222222099e-01 4.445616358724458622e-02 7.058718523488226593e-01 2.671565552477598859e-01 2.973651267674279342e-01 9.885958364435597501e-01 3.695562418457168374e-01 2.876691951089709320e-01
2.859838178065735037e-01 2.222222222222222099e-01 7.800723020157972198e-02 6.415473690155073516e-01 2.990231591881831741e-01 2.809544082369546114e-01 9.885958364435597501e-01 3.725289425443015223e-01 2.857392006873600843e-01
2.911228963661940394e-01 2.222222222222222099e-01 4.440715898755596969e-02 7.038402591170216382e-01 3.757593482209765079e-01 3.741286856060011545e-01 9.885958364435597501e-01 3.729583326452081682e-01 2.904468482101064675e-01
2.924012485753303414e-01 2.222222222222222099e-01 4.005519086841995841e-02 6.959078623358623261e-01 2.305222345617943258e-01 3.815300389211637166e-01 9.885958364435597501e-01 3.749566481148123298e-01 2.923653011368372301e-01
2.877011222802928203e-01 2.222222222222222099e-01 5.358428184208737649e-02 6.872166556004997151e-01 2.816969758971469284e-01 3.567084580217436129e-01 9.885958364435597501e-01 3.774338986969661969e-01 2.876691951089709320e-01
3.112248565062480377e-01 2.222222222222222099e-01 4.949576964421310843e-02 7.494656360401512618e-01 2.637374562469688710e-01 4.659607759981092001e-01 9.885958364435597501e-01 3.782926788987795441e-01 3.109586493886213887e-01
3.060960458358575331e-01 3.333333333333333148e-01 6.693983359116943699e-02 7.424234660671344965e-01 2.458836278341414994e-01 3.360735743390599883e-01 9.885958364435597501e-01 3.765586034912717928e-01 3.058342256618726274e-01
3.037434157160312509e-01 3.333333333333333148e-01 8.428386521307335011e-02 5.022887477467713468e-01 2.233756396177685732e-01 4.444057439942559751e-01 9.885958364435597501e-01 3.781935888754933694e-01 3.039119255701818734e-01
3.058765697035660258e-01 2.222222222222222099e-01 6.068545296210325207e-02 7.545162420150324234e-01 2.882321349175703262e-01 3.610027736672579701e-01 9.885958364435597501e-01 3.811167445624349948e-01 3.058290961085926019e-01
3.069521311004096975e-01 3.333333333333333148e-01 5.972177076547430935e-02 6.889093568457697048e-01 2.593209468852400446e-01 4.548319480405901838e-01 9.885958364435597501e-01 3.812323495896021708e-01 3.066895786713174088e-01
2.975300592457209015e-01 3.333333333333333148e-01 1.165522701493201529e-01 5.144381449414880958e-01 2.861708550730225342e-01 4.244381431630700474e-01 9.885958364435597501e-01 3.825865799078462803e-01 2.966343718541411545e-01
3.058829871343348161e-01 3.333333333333333148e-01 5.140425153116894713e-02 4.234063802079625627e-01 2.910808332856540948e-01 4.410103699536614963e-01 9.885958364435597501e-01 3.836105101484698632e-01 3.047659961913066762e-01
3.137802774383670057e-01 2.222222222222222099e-01 3.603816244440337380e-02 7.217318206010356896e-01 5.272763204072012932e-01 4.468968508815635010e-01 9.885958364435597501e-01 3.832802100708493920e-01 3.132977256843144098e-01
3.065247302112104610e-01 2.222222222222222099e-01 5.323967610207520906e-02 7.951170462515517734e-01 2.664320063099082647e-01 4.488287963662062618e-01 9.885958364435597501e-01 3.847005004046176180e-01 3.062625433607550351e-01
3.050217679251676639e-01 3.333333333333333148e-01 5.902176928184883070e-02 6.751039513198953124e-01 2.050517982182385734e-01 4.423928002067836762e-01 9.885958364435597501e-01 3.878053211342504802e-01 3.043325489391442429e-01
2.956150979043238314e-01 3.333333333333333148e-01 1.005270916759168354e-01 5.381564517905469414e-01 3.800142880611773188e-01 4.775347620298281415e-01 9.885958364435597501e-01 3.894237915145910001e-01 2.947210484806904174e-01
3.105831134293723372e-01 3.333333333333333148e-01 3.769914862375751269e-02 5.746952332204252611e-01 2.798795710116320223e-01 4.919486789241598879e-01 9.885958364435597501e-01 3.881025912041089487e-01 3.105303316897389809e-01
3.088658089556530206e-01 3.333333333333333148e-01 4.003068856857563279e-02 4.535873926402331779e-01 2.972951917309030745e-01 4.369810149210480166e-01 9.885958364435597501e-01 3.916202870307674555e-01 3.088157785058893712e-01
3.084435420110687720e-01 2.222222222222222099e-01 4.360937309629493025e-02 8.511160779607126470e-01 2.825744444916297726e-01 4.088544462578591610e-01 9.886373061292195175e-01 3.894568215223530583e-01 3.077526785886033900e-01
3.056686449466583522e-01 3.333333333333333148e-01 7.226312682615192162e-02 5.551097427104574322e-01 2.255541662734561192e-01 3.613845450846620011e-01 9.886373061292195175e-01 3.932222424072269740e-01 3.051930315018690498e-01
2.939042108613732496e-01 3.333333333333333148e-01 1.186542977258718684e-01 5.536194206478455282e-01 2.658915231563911963e-01 5.784535055170336726e-01 9.886373061292195175e-01 3.931066373800597979e-01 2.945081720195692476e-01
3.107679354355125101e-01 3.333333333333333148e-01 3.270247778945194195e-02 4.785600273938050986e-01 2.984634369235518725e-01 4.507924231981563223e-01 9.886373061292195175e-01 3.962610031213357198e-01 3.092197308266916300e-01
3.045263422698196165e-01 2.222222222222222099e-01 5.757456004884275308e-02 6.388534852335547853e-01 2.597352110666918401e-01 4.416180973110793717e-01 9.886373061292195175e-01 3.932717874188700335e-01 3.044800235959450596e-01
3.056635110020433088e-01 2.222222222222222099e-01 6.622409668562558027e-02 8.779227520735327639e-01 2.781095767127180207e-01 4.630373308036249136e-01 9.886373061292195175e-01 3.962610031213357198e-01 3.043325489391442429e-01
3.281283691511536205e-01 3.333333333333333148e-01 6.470607805398688461e-02 6.995228664151823539e-01 2.493416136724742049e-01 3.989279430400685666e-01 9.886373061292195175e-01 3.975987184356988280e-01 3.276348271019947633e-01
3.180696881642041118e-01 3.333333333333333148e-01 9.429788772192000679e-02 6.812420343307866721e-01 2.780395600024032077e-01 5.201897667528492253e-01 9.886373061292195175e-01 3.991015837888721718e-01 3.175834674497784449e-01
3.285570535265065484e-01 3.333333333333333148e-01 4.472299138463170509e-02 5.747207242860439269e-01 3.096354924511913187e-01 4.954285653493420982e-01 9.886373061292195175e-01 3.998777889712804012e-01 3.284888977231195106e-01
3.317644854247312480e-01 3.333333333333333148e-01 3.416789515353501477e-02 5.665466744282900979e-01 2.997491032474531858e-01 4.070828073949532833e-01 9.886373061292195175e-01 4.010668692507142752e-01 3.310536743631338763e-01
3.324010945569919606e-01 3.333333333333333148e-01 3.100327701401035807e-02 6.072708310176694324e-01 2.953592071299764310e-01 4.743874478341477685e-01 9.886373061292195175e-01 4.019091344486466211e-01 3.323296507415410272e-01
3.311227423478556031e-01 3.333333333333333148e-01 3.037138742811721845e-02 5.678489706490909006e-01 2.916744140092637494e-01 4.351700760374384025e-01 9.886373061292195175e-01 4.031807897474856128e-01 3.308395155136926724e-01
3.420259572239734980e-01 3.333333333333333148e-01 3.228144285726488455e-02 6.214591438074797969e-01 3.811866300567375299e-01 4.568428505845672505e-01 9.886373061292195175e-01 4.044854750540866628e-01 3.417334042921537085e-01
3.516585208078775171e-01 3.333333333333333148e-01 4.337446572622791902e-02 6.700912028590837455e-01 2.732757231405322229e-01 4.650608118210315944e-01 9.886373061292195175e-01 4.058727353800928306e-01 3.511435697843663939e-01
3.516521033771087823e-01 3.333333333333333148e-01 3.804330478028628698e-02 6.190246829171751619e-01 2.653627228135300720e-01 4.952690325760354950e-01 9.886373061292195175e-01 4.079701408729831114e-01 3.509229989933251304e-01
3.443850047745685150e-01 3.333333333333333148e-01 5.226587827707018796e-02 6.533051682959202244e-01 3.590597992132286698e-01 4.964448664741427097e-01 9.886373061292195175e-01 4.093408861951082778e-01 3.438775575632057047e-01
3.475937201589469061e-01 3.333333333333333148e-01 3.434031041941191381e-02 6.590778205861984596e-01 2.773423277549185717e-01 5.046915184290788892e-01 9.886373061292195175e-01 4.121979818665257311e-01 3.481517578337895991e-01
3.462909817128893009e-01 3.333333333333333148e-01 4.522967197040300008e-02 7.114549200250397387e-01 2.827297659543187569e-01 4.277788329052728544e-01 9.886373061292195175e-01 4.129246420372909010e-01 3.455677453689751655e-01
3.518715795094002896e-01 3.333333333333333148e-01 4.438243189596997873e-02 6.787917339380700188e-01 3.384890943106495520e-01 5.360246534468174895e-01 9.886373061292195175e-01 4.128090370101237250e-01 3.522117992549323451e-01
3.700470269326734951e-01 3.333333333333333148e-01 3.618742416088614050e-02 6.316837844927715162e-01 3.016549327109006029e-01 5.105684183852604585e-01 9.886373061292195175e-01 4.157817377087083544e-01 3.699446649439916412e-01
3.699931205142159008e-01 3.333333333333333148e-01 4.597193430146639948e-02 6.115053786992437068e-01 3.441130226861630059e-01 5.568076195094350256e-01 9.886373061292195175e-01 4.168717279648560536e-01 3.688225751639854222e-01
3.702613691203499591e-01 3.333333333333333148e-01 2.983480954070099819e-02 6.637926483470655281e-01 3.677139470038203184e-01 5.690759799605867864e-01 9.886373061292195175e-01 4.177470231705504577e-01 3.699446649439916412e-01
3.824596215256030329e-01 3.333333333333333148e-01 2.983391037373423621e-02 6.422721462470791787e-01 3.788131731577150108e-01 6.055451384657241087e-01 9.886373061292195175e-01 4.187048933956499241e-01 3.806372187562114817e-01
3.850265938331057236e-01 3.333333333333333148e-01 4.010756734423392283e-02 7.583910989921384127e-01 3.779658938921162670e-01 4.864098028723677358e-01 9.886373061292195175e-01 4.196792786246305029e-01 3.842702248667919096e-01
3.835095131993716544e-01 4.444444444444444198e-01 5.350245764811188687e-02 7.063504114605674289e-01 3.044800877744703871e-01 5.347566437241701998e-01 9.886787758148792848e-01 4.209179039157074365e-01 3.829673183336646525e-01
3.867310634452875706e-01 4.444444444444444198e-01 9.655097534888801292e-02 4.786205488717350520e-01 2.916283873337844335e-01 3.218942310396215034e-01 9.886787758148792848e-01 4.207692688807782022e-01 3.866144307157650117e-01
4.021393147210727825e-01 3.333333333333333148e-01 5.851194161169385316e-02 6.183649686318679617e-01 3.299212411416263535e-01 4.985221301432102292e-01 9.886787758148792848e-01 4.233621244900992453e-01 4.024365378080136391e-01
4.036294421455781656e-01 3.333333333333333148e-01 4.306897374926998978e-02 6.567816962538692849e-01 4.069758950842864986e-01 5.355075989836348693e-01 9.886787758148792848e-01 4.242209046919125925e-01 4.024288434780935453e-01
4.059897731823269851e-01 3.333333333333333148e-01 3.930865749426441791e-02 8.420203457800248259e-01 3.468883894592118544e-01 5.163712848602387551e-01 9.886787758148792848e-01 4.258558900761341692e-01 4.058566674574728417e-01
4.177465063506895504e-01 4.444444444444444198e-01 6.674066810803129524e-02 7.594494138794264382e-01 4.106660035671567122e-01 4.339558755291800796e-01 9.886787758148792848e-01 4.286138957242655034e-01 4.171763091581762728e-01
4.207485804643140148e-01 5.555555555555555802e-01 6.098487556203555093e-02 5.530116343186800565e-01 3.711282524817628992e-01 4.546471262497969179e-01 9.887617151861989306e-01 4.299020660269854965e-01 4.208170095986765724e-01
4.284417964698997716e-01 5.555555555555555802e-01 5.191452878480732475e-02 5.043944708305755364e-01 4.170468707906386796e-01 4.944674344536805211e-01 9.887617151861989306e-01 4.308269062443229602e-01 4.285023628004795970e-01
4.496257354375662318e-01 4.444444444444444198e-01 2.890349735487555971e-02 5.477728657675799973e-01 4.021836333942244157e-01 5.240446137633313350e-01 9.887617151861989306e-01 4.311737213258244883e-01 4.492411467116357859e-01
4.517563224527934573e-01 4.444444444444444198e-01 2.139432922369070150e-02 6.462959616881656100e-01 3.885219139114370890e-01 4.830507328367946718e-01 9.887617151861989306e-01 4.320325015276378355e-01 4.513699113228477056e-01
4.729415449066136645e-01 4.444444444444444198e-01 1.341444718540506752e-02 6.866844692539714190e-01 3.971467568655505098e-01 4.992660024419219300e-01 9.887617151861989306e-01 4.352529272844379293e-01 4.727511717823273951e-01
4.808478196137221383e-01 4.444444444444444198e-01 2.049089121383493653e-02 6.219502909717158357e-01 4.715132349199475659e-01 5.846553592150739442e-01 9.887617151861989306e-01 4.364089775561097451e-01 4.808635602946928489e-01
4.859894651456501125e-01 4.444444444444444198e-01 2.459244133272728283e-02 5.801057100119948462e-01 4.121365523455038371e-01 5.776418033415421371e-01 9.887617151861989306e-01 4.398771283711251923e-01 4.857879314435204487e-01
4.849113367764988913e-01 4.444444444444444198e-01 2.835792779779172310e-02 7.274528900716779045e-01 4.122806394094027937e-01 7.317197684731909790e-01 9.887617151861989306e-01 4.400092484021733696e-01 4.840695310947107921e-01
5.086635315378218447e-01 4.444444444444444198e-01 1.539935826453581354e-02 6.526592736157713626e-01 4.363473246482426071e-01 5.597969660894838162e-01 9.887617151861989306e-01 4.418754438407292984e-01 5.086554799658885573e-01
5.107928350668953232e-01 4.444444444444444198e-01 1.853969889595782905e-02 6.520230550167231964e-01 4.294074397272739096e-01 6.178359667125764565e-01 9.887617151861989306e-01 4.459876798071047421e-01 5.105700857276591620e-01
5.272638128779867372e-01 4.444444444444444198e-01 2.212332884199432609e-02 6.608225544601571411e-01 4.844029136036314687e-01 5.925738008005276836e-01 9.887617151861989306e-01 4.467803999933939729e-01 5.265986573394290104e-01
5.285562834348144223e-01 4.444444444444444198e-01 2.747764333733012515e-02 7.204268076089990203e-01 4.298891960602344575e-01 6.859590757643176939e-01 9.887617151861989306e-01 4.478869052534227291e-01 5.283183400765585347e-01
5.430917641260486484e-01 4.444444444444444198e-01 3.512123693004615826e-02 6.966652389362723019e-01 4.079380215970265788e-01 6.983859947124875234e-01 9.887617151861989306e-01 4.503146108239335366e-01 5.434825819606435848e-01
5.454546621351049618e-01 4.444444444444444198e-01 2.283884095579649318e-02 7.301438986590804703e-01 4.214411708731551909e-01 7.009335464683793537e-01 9.887617151861989306e-01 4.523624713051807578e-01 5.454151411588943343e-01
5.556442587097371044e-01 4.444444444444444198e-01 2.587218071817362977e-02 7.995534959598503688e-01 5.537006638739918607e-01 6.504866721168717225e-01 9.887617151861989306e-01 4.548066918795725666e-01 5.549548278714278027e-01
5.715415182101015734e-01 5.555555555555555802e-01 6.866218791600521565e-02 7.149729784661535970e-01 4.793366571294918610e-01 6.432947140881086767e-01 9.898399270133532157e-01 4.598602830671665309e-01 5.710526484524779400e-01
5.848127650398907695e-01 5.555555555555555802e-01 4.866786165956547838e-02 6.530017423858142100e-01 5.171652656482585986e-01 7.697255065013466346e-01 9.898813966990129831e-01 4.630311638123235096e-01 5.836713495213485814e-01
6.010591327740757439e-01 5.555555555555555802e-01 4.227051348278385717e-02 6.449548998482276252e-01 5.905618747985326156e-01 6.682245418198687892e-01 9.898813966990129831e-01 4.630311638123235096e-01 5.999038208759994717e-01
6.171129775851978971e-01 5.555555555555555802e-01 3.557958729135392989e-02 6.994742540326835956e-01 5.297398615685755541e-01 7.170235245143384839e-01 9.898813966990129831e-01 4.649964492741655575e-01 6.172263223026565049e-01
6.320745756794776682e-01 5.555555555555555802e-01 2.445756628771272867e-02 7.300760284139720113e-01 6.423721900682389796e-01 7.321099194096876150e-01 9.898813966990129831e-01 4.680021799805123006e-01 6.319609640995389466e-01
6.600956453881776653e-01 5.555555555555555802e-01 3.177139039536820697e-02 7.016457944594859386e-01 5.749045851855386635e-01 7.507815641134030216e-01 9.898813966990129831e-01 4.696536803686148787e-01 6.584628011208074616e-01
6.723003152241994185e-01 5.555555555555555802e-01 2.114121372254673323e-02 7.173593729685953102e-01 5.982925127457765502e-01 6.769814587675179185e-01 9.898813966990129831e-01 4.730557711681062094e-01 6.732205259074499626e-01
6.767796819007918518e-01 5.555555555555555802e-01 3.905936345272920107e-02 7.934184691987249405e-01 6.072753980015722641e-01 9.025005017156022546e-01 9.898813966990129831e-01 4.758798368317616601e-01 6.766278316737091014e-01
6.964709264716453241e-01 6.666666666666666297e-01 3.411147242637057458e-02 7.858874624014678956e-01 6.134032723712393720e-01 7.792203744883668959e-01 9.918304719250228274e-01 4.770524021073144771e-01 6.956610391192556975e-01
7.137967060611351000e-01 7.777777777777777901e-01 4.467151407578447142e-02 7.892675718559282183e-01 6.227175530535752346e-01 8.031154362841846917e-01 9.920792900389815427e-01 4.777295172664365319e-01 7.134003167499149978e-01
7.311237691367786784e-01 8.888888888888888395e-01 4.686435751597932409e-02 6.440616856290212189e-01 7.495466180488954411e-01 7.015632203976154280e-01 9.920792900389815427e-01 4.808013079883073915e-01 7.300700825216883683e-01
7.448005975911532461e-01 8.888888888888888395e-01 5.839482511427286637e-02 5.658578168541791298e-01 6.921350556363772277e-01 6.429300249197081873e-01 9.920792900389815427e-01 4.844511238460141311e-01 7.443764066196885132e-01
7.557217812734237095e-01 8.888888888888888395e-01 3.534737742218721501e-02 4.897598314724470048e-01 7.143973713226491329e-01 8.684728366799134847e-01 9.920792900389815427e-01 4.880513946920777557e-01 7.552895312229496172e-01
7.471660625725170535e-01 7.777777777777777901e-01 5.651196948586981184e-02 6.249932642980419173e-01 6.220343577790434786e-01 8.539102285061866970e-01 9.924939868955793276e-01 4.923122656933824337e-01 7.460999365217781953e-01
7.770854083026154102e-01 7.777777777777777901e-01 2.863352247310479298e-02 5.980319369689006681e-01 6.069437245596750463e-01 8.315767282005966932e-01 9.924939868955793276e-01 4.956317814734686467e-01 7.766348848094691837e-01
7.745325543428038806e-01 7.777777777777777901e-01 3.214117281044975849e-02 6.099812059122120544e-01 6.237649613375814139e-01 7.699865973148359855e-01 9.924939868955793276e-01 4.981420620633845719e-01 7.738700555915336565e-01
7.754014744688936256e-01 7.777777777777777901e-01 3.908116825167323727e-02 6.080366361155823407e-01 7.172471447581817428e-01 7.185196016352586312e-01 9.924939868955793276e-01 5.006358276494194959e-01 7.743111971736161836e-01
7.882350525202534985e-01 7.777777777777777901e-01 4.310898667929095873e-02 6.378547610872271623e-01 6.826660392293524282e-01 8.464165801128373801e-01 9.924939868955793276e-01 5.032782282703835985e-01 7.873479568348091817e-01
7.929274778983684824e-01 7.777777777777777901e-01 3.475662472502349942e-02 6.105683047969583388e-01 7.138096031378534656e-01 7.974838865888910222e-01 9.924939868955793276e-01 5.070766791630195724e-01 7.931045980033214482e-01
7.946524832890102807e-01 7.777777777777777901e-01 2.950706318131566391e-02 6.728131247386257563e-01 6.641927808303801362e-01 8.015514458832331268e-01 9.924939868955793276e-01 5.087116645472411491e-01 7.939727748959661824e-01
8.100401987863355968e-01 7.777777777777777901e-01 2.607674120311237811e-02 6.386206076769606055e-01 8.156968594939105754e-01 8.511320673175117868e-01 9.924939868955793276e-01 5.129064755330217107e-01 8.091331696150911856e-01
8.091699951740921604e-01 7.777777777777777901e-01 3.047209412839473747e-02 6.094337534047893357e-01 6.087568202071569345e-01 8.737052485061832519e-01 9.924939868955793276e-01 5.139964657891694655e-01 8.089049044941297728e-01
8.134478545245455994e-01 7.777777777777777901e-01 2.419680786735127487e-02 6.819899621121120470e-01 6.776853251658758737e-01 9.396053135501127862e-01 9.925354565812390950e-01 5.200574722135059558e-01 8.123250341435889199e-01
8.320430019200952820e-01 7.777777777777777901e-01 2.932970249712152366e-02 7.125441934682711365e-01 7.280192169012745795e-01 9.775932382041037094e-01 9.925354565812390950e-01 5.210483724463674804e-01 8.313313114344152988e-01
8.256692096805660075e-01 7.777777777777777901e-01 4.299748997541227163e-02 6.928459800554156445e-01 7.798209983326543915e-01 7.486513607413489702e-01 9.925354565812390950e-01 5.231622929431388735e-01 8.262453593572669508e-01
8.348666714583482529e-01 7.777777777777777901e-01 2.200059255103108818e-02 6.982868722372806980e-01 7.568930869770796876e-01 8.592236934325223618e-01 9.925354565812390950e-01 5.259863586067943242e-01 8.341525657384311065e-01
8.373758868889323859e-01 7.777777777777777901e-01 2.369934374298930668e-02 6.442835141024602086e-01 7.145673390379139178e-01 8.007876140162221157e-01 9.925354565812390950e-01 5.299829895460025364e-01 8.370866702146075866e-01
8.310162129970941614e-01 7.777777777777777901e-01 2.525580176245716818e-02 6.470597289719027811e-01 7.884238085697278242e-01 8.355968063397135603e-01 9.925354565812390950e-01 5.321464550544169336e-01 8.300912419289684374e-01
8.354942961875327923e-01 7.777777777777777901e-01 3.055931332417083021e-02 6.575416217722420686e-01 6.769557315945307074e-01 7.436506888427126816e-01 9.925354565812390950e-01 5.356476358771944390e-01 8.356337242480396110e-01
8.457750202790812466e-01 7.777777777777777901e-01 2.809267354259645938e-02 6.960161625879008884e-01 7.677265607175102202e-01 7.898887408967024681e-01 9.925354565812390950e-01 5.389176066456375924e-01 8.450515840701722237e-01
8.568989947736443957e-01 7.777777777777777901e-01 2.293685015517372625e-02 7.255158284085364562e-01 7.249340048154545579e-01 7.137184368152708069e-01 9.925354565812390950e-01 5.409324371191227554e-01 8.557377259407920045e-01
8.568835929397994322e-01 7.777777777777777901e-01 2.073096879396083003e-02 6.473143454133635233e-01 6.959614622690325492e-01 8.398584410991775107e-01 9.925354565812390950e-01 5.457713332562633690e-01 8.565776902903966539e-01
8.564703103982913568e-01 7.777777777777777901e-01 2.522028466727000914e-02 6.605207929378439369e-01 7.722008787764997884e-01 7.914821475686868446e-01 9.925354565812390950e-01 5.470760185628643635e-01 8.561660436396744123e-01
8.521783327001469788e-01 7.777777777777777901e-01 3.669208162098221843e-02 6.580163306316592076e-01 7.253252402450088843e-01 7.888039725753993592e-01 9.925354565812390950e-01 5.497349341877095785e-01 8.512352605492469193e-01
8.528200757770225682e-01 7.777777777777777901e-01 3.602220223074333733e-02 7.133053533682988112e-01 8.680148762071490109e-01 6.839219134558791602e-01 9.925354565812390950e-01 5.543426202705157291e-01 8.516622958598092374e-01
8.716578020556314810e-01 7.777777777777777901e-01 2.739806706077155263e-02 6.956053435878279956e-01 7.306349905280952184e-01 8.580630628883462174e-01 9.925354565812390950e-01 5.570675959108850606e-01 8.713392622419993128e-01
8.731402285632142712e-01 7.777777777777777901e-01 2.775795863921870152e-02 7.371716502245316827e-01 7.265603711121173536e-01 8.001639672257327973e-01 9.925354565812390950e-01 5.606183217453055700e-01 8.734616149116113393e-01
8.733686890985821183e-01 7.777777777777777901e-01 3.991154894547945670e-02 6.964976478159748963e-01 8.244678948056343160e-01 8.698563160679215756e-01 9.925354565812390950e-01 5.635414774322472509e-01 8.726216505620066899e-01
8.765774044829605094e-01 7.777777777777777901e-01 3.136541650987442753e-02 7.084454296547259000e-01 8.081732589103859388e-01 9.539447063886603573e-01 9.925354565812390950e-01 5.670096282472626426e-01 8.751864272020210000e-01
8.724984854863385708e-01 7.777777777777777901e-01 2.981008244911500724e-02 7.120245480244382641e-01 6.509844449802417721e-01 8.719494113087288278e-01 9.925354565812390950e-01 5.706429291010883809e-01 8.721792265916040732e-01
8.748665174400098721e-01 7.777777777777777901e-01 3.095359803909667959e-02 7.467317720603208198e-01 8.706035136293789334e-01 7.969538784305244539e-01 9.925354565812390950e-01 5.737972948423643027e-01 8.736911624208926197e-01
8.840331755501023014e-01 7.777777777777777901e-01 4.359498642482671077e-02 7.129899089752351760e-01 8.730467579881496798e-01 9.684568355339461254e-01 9.925354565812390950e-01 5.765553004904956369e-01 8.830641386518252034e-01
8.949582096908338391e-01 7.777777777777777901e-01 2.742032144319892298e-02 7.353384407016901880e-01 7.967573525258513367e-01 8.756372372713552288e-01 9.925354565812390950e-01 5.810308665422536656e-01 8.944055809539686042e-01
8.947130638354673371e-01 7.777777777777777901e-01 2.961114175771855858e-02 8.011834172519701758e-01 7.934028960191601421e-01 9.230841967920714319e-01 9.925354565812390950e-01 5.817410117091377231e-01 8.935207330131637038e-01
8.712149993325872810e-01 8.888888888888888395e-01 6.061329481302047545e-02 6.844230047365582603e-01 7.617516144121968535e-01 8.282617160718758198e-01 9.933233806087750084e-01 5.846476523921982915e-01 8.711109971210381220e-01
8.708017167910793166e-01 8.888888888888888395e-01 6.193102400281259856e-02 6.474523971865721039e-01 7.220010649916341894e-01 8.956350952789613462e-01 9.933233806087750084e-01 5.871909629898762750e-01 8.702710327714334726e-01
9.127267920033678150e-01 8.888888888888888395e-01 1.986394704625898608e-02 6.437635131491666884e-01 7.342372136483019673e-01 8.558807356419915191e-01 9.933233806087750084e-01 5.903948737427953120e-01 9.117332119339055518e-01
9.180596769722049189e-01 8.888888888888888395e-01 1.908212136865800046e-02 6.587400102159840509e-01 7.145021124873585094e-01 8.395240122650042824e-01 9.933233806087750084e-01 5.928886393288302914e-01 9.174872883257778611e-01
9.234220821225781473e-01 8.888888888888888395e-01 1.759714712304784323e-02 6.191402489527514375e-01 8.898863577924868151e-01 1.000000000000000000e+00 9.933233806087750084e-01 5.989001007415236666e-01 9.239146185856538240e-01
9.065237034222874968e-01 8.888888888888888395e-01 2.649148196653210857e-02 6.329460420499476436e-01 8.009040619965097640e-01 8.698593369745520887e-01 9.945674711785684741e-01 6.034417268088058117e-01 9.061766233433143913e-01
9.154927046647021172e-01 8.888888888888888395e-01 1.843966657090537545e-02 6.622647460111836804e-01 8.151611950864093847e-01 8.853573282156944613e-01 9.945674711785684741e-01 6.039702069329986323e-01 9.153508293846458477e-01
9.157224486862235446e-01 8.888888888888888395e-01 2.083347382817188342e-02 6.286677374718492306e-01 7.501059726157967011e-01 9.463208963549747388e-01 9.945674711785684741e-01 6.095853082525474198e-01 9.162215710539308722e-01
9.187014200490805083e-01 8.888888888888888395e-01 1.854464431427503210e-02 7.389257961407343922e-01 9.009273397290958885e-01 8.296176283633887039e-01 9.945674711785684741e-01 6.116001387260325828e-01 9.187696766457849051e-01
9.364546005277696317e-01 8.888888888888888395e-01 1.823173420984127921e-02 7.145086906546113115e-01 8.221558019494557001e-01 7.296115778011453834e-01 9.945674711785684741e-01 6.136314842033987471e-01 9.367218307375655417e-01
9.405348030105451507e-01 8.888888888888888395e-01 1.930533956815707469e-02 7.068579978726182711e-01 8.216416798085159900e-01 8.202514974743111420e-01 9.945674711785684741e-01 6.183382603094911278e-01 9.403715078963058582e-01
9.351711143740181198e-01 8.888888888888888395e-01 2.057968395180283933e-02 6.737565676353320931e-01 7.655400932481891685e-01 9.480169202327082267e-01 9.945674711785684741e-01 6.214595960430050470e-01 9.350124071069960685e-01
9.394489737244715588e-01 8.888888888888888395e-01 1.290844097485883447e-02 6.762669745877754046e-01 8.136408994956390028e-01 8.502927138992603107e-01 9.945674711785684741e-01 6.274215124440554181e-01 9.384325367564552156e-01
9.388239159675946244e-01 8.888888888888888395e-01 1.464787947206310295e-02 6.369200041259088785e-01 7.716182168818291887e-01 8.233693805386911313e-01 9.945674711785684741e-01 6.301960330960677537e-01 9.371655370962879150e-01
9.377214013615221555e-01 8.888888888888888395e-01 1.654624573064283205e-02 6.848866447099057897e-01 7.956016673495717173e-01 9.235948063572370081e-01 9.945674711785684741e-01 6.323925286122442646e-01 9.373476362377289872e-01
9.396787177459929863e-01 8.888888888888888395e-01 1.233836911793068786e-02 6.464812886756632349e-01 7.432223981359410425e-01 9.437945039482299459e-01 9.945674711785684741e-01 6.354147743224719536e-01 9.390891195762988142e-01
9.368986867369675231e-01 8.888888888888888395e-01 1.185506687329522350e-02 6.736718818870380820e-01 9.108222313823298721e-01 8.220408781963445266e-01 9.945674711785684741e-01 6.396921603276576329e-01 9.371655370962879150e-01
9.364712858477683977e-01 8.888888888888888395e-01 9.584220698733649998e-03 7.144821123147007125e-01 8.325245920782120557e-01 9.054345144178159721e-01 9.945674711785684741e-01 6.427474360456474356e-01 9.350290781551561237e-01
9.418016038442977855e-01 8.888888888888888395e-01 1.430394810727601135e-02 6.977284225114781524e-01 7.528547715462948764e-01 9.353111539374072692e-01 9.945674711785684741e-01 6.471899720896434616e-01 9.407831545470282109e-01
9.490584345576080771e-01 8.888888888888888395e-01 1.022600112126119745e-02 6.909627719460778028e-01 7.659604053846846838e-01 7.616240885845705355e-01 9.945674711785684741e-01 6.487423824544599205e-01 9.478196192589077862e-01
9.370642564508014916e-01 8.888888888888888395e-01 1.534428428782153367e-02 6.353509334172943168e-01 8.207607584426643843e-01 8.078059045567343999e-01 9.945674711785684741e-01 6.528546184208353642e-01 9.366897710295654100e-01
9.339043135402655960e-01 8.888888888888888395e-01 1.740629893435226283e-02 6.397243381905899362e-01 8.128479991370402002e-01 7.814144861126063324e-01 9.945674711785684741e-01 6.548364188865584135e-01 9.331054956751453355e-01
9.398930599336694502e-01 8.888888888888888395e-01 1.331531402731937590e-02 6.183854542751611172e-01 7.834264634706530339e-01 9.878468512028146797e-01 9.945674711785684741e-01 6.602203101517728490e-01 9.386620842657364960e-01
9.152783624770256532e-01 8.888888888888888395e-01 4.787884264623037955e-02 6.524359165459514553e-01 7.522993422647664685e-01 8.776928222249262834e-01 9.945674711785684741e-01 6.639692160327658188e-01 9.140684410646386926e-01
9.323910833649926566e-01 8.888888888888888395e-01 1.892566631644112402e-02 6.940780296813980899e-01 7.886339808929057060e-01 8.984269193690870292e-01 9.945674711785684741e-01 6.678006969331637954e-01 9.309523656858531560e-01
9.315503999342854557e-01 8.888888888888888395e-01 1.927656622522064267e-02 6.630850232682214962e-01 8.774654152427169285e-01 9.367935668566033103e-01 9.945674711785684741e-01 6.692540172746940241e-01 9.307535954962520286e-01
9.223375363226581358e-01 8.888888888888888395e-01 1.440712751671213189e-02 6.283710568115350448e-01 8.595830555038803666e-01 9.777871150989011495e-01 9.945674711785684741e-01 6.739442783769054035e-01 9.215486121352405302e-01
9.210540501689068460e-01 8.888888888888888395e-01 1.182651832210048805e-02 6.926976251088218239e-01 8.842196357910485638e-01 9.026756986968857976e-01 9.945674711785684741e-01 6.786015094713547802e-01 9.206932591257958043e-01
9.188990769167583172e-01 8.888888888888888395e-01 1.731233598632546042e-02 6.910402720654870157e-01 7.701490026892985341e-01 9.420047052811729715e-01 9.945674711785684741e-01 6.812439100923188828e-01 9.187542879859449396e-01
9.167915926522985925e-01 8.888888888888888395e-01 1.401756342836178899e-02 6.455249682267191202e-01 8.565738610001731868e-01 8.444844726512787947e-01 9.945674711785684741e-01 6.821026902941321746e-01 9.151520591950447203e-01
9.210694520027518095e-01 8.888888888888888395e-01 1.448445587585379946e-02 6.091999262513070335e-01 7.992416170416166699e-01 7.748247069888815064e-01 9.945674711785684741e-01 6.874040065399414923e-01 9.202816124750734517e-01
8.951879537123554886e-01 8.888888888888888395e-01 1.124250937718748906e-02 6.242234373225443722e-01 8.154790243724561183e-01 8.650717135733280161e-01 9.945674711785684741e-01 6.882297567339927813e-01 8.944222520021287703e-01
