2.5665	2.5665	178.2597	2.97382121	0.49053426	2.40499779	1017876480	15441920	1
2.7332	2.6999	124.7284	3.04845494	1.12192120	2.05242000	1059946496	15683584	1
2.6998	2.6998	125.0617	2.06851970	0.75107308	3.83931779	1059950592	15425536	1
3.4998	3.4998	124.8190	8.51830535	1.16903483	5.79880870	1059975168	16027648	1
4.1498	4.1498	128.0241	5.94104434	0.99595780	2.69187628	1059975168	16211968	1
4.0331	4.0164	148.4855	4.11224181	1.28703880	4.39213859	1059975168	16080896	1
4.0331	4.0331	126.7893	6.00779639	0.65904998	3.00341071	1059975168	15941632	1
3.9997	3.9997	154.3708	4.81265530	1.74033280	3.58720403	1059975168	16187392	1
4.8664	4.8331	135.7172	5.95171850	3.16388180	5.59238281	1060769792	16179200	1
5.0830	5.1163	177.4919	7.27005955	1.11418584	6.67127556	1060741120	16531456	1
5.1831	5.1831	173.0450	9.61482091	0.79326490	6.05533614	1060741120	16539648	1
5.3495	5.3328	152.8344	5.40656511	1.22465881	5.12552060	1060741120	16601088	1
5.3163	5.3330	147.5375	5.96502281	1.88184499	8.56040564	1061507072	16789504	1
6.0305	6.0472	171.6116	8.74875660	2.78464280	6.45126872	1061507072	16617472	1
6.3994	6.3660	171.6309	7.64333980	1.08552348	7.00442270	1062424576	16826368	1
6.5663	6.5663	186.4949	9.69788719	1.57420010	9.39596080	1062273024	17084416	1
7.7495	7.7162	172.6199	10.57765320	1.63737600	4.79373098	1062273024	17727488	1
8.2663	8.2163	226.9026	6.36679911	1.47939731	6.90482707	1065529344	17350656	2
8.1663	8.1496	252.5562	10.81291537	3.32494704	11.73904772	1065377792	17276928	1
8.7496	8.7496	227.0533	9.34408270	1.06335731	5.97300780	1066414080	17436672	2
10.0660	10.0493	194.9022	7.67732988	3.24991162	14.84919273	1066242048	17743872	2
11.6328	11.6494	94.9199	8.44334681	5.72872842	17.98117608	1066242048	18374656	2
12.2492	12.2825	111.8575	7.77708144	3.09429310	14.39242211	1066242048	17981440	2
13.0327	12.9994	90.9026	6.45650233	4.85670195	18.99179263	1066983424	18227200	2
11.4159	11.3826	207.3206	12.67301949	3.63869207	13.55205270	1067032576	18460672	1
9.9495	9.9495	399.3434	10.36701446	5.11107850	11.17969580	1067200512	18726912	2
9.0161	8.9827	498.1596	5.06051698	1.33180740	12.64549792	1098326016	18567168	3
14.6159	14.5993	135.0240	8.66511172	4.44162860	17.96891622	1098326016	18333696	2
15.7659	15.7325	94.7341	8.96942581	3.71169280	18.41154927	1098326016	18788352	2
15.5823	15.5490	100.1136	9.79659683	2.81470673	19.51567345	1098326016	19243008	2
15.6159	15.5992	105.8397	8.36270384	6.19911990	16.49885462	1098326016	19279872	2
15.3987	15.3154	113.5136	9.55547619	3.31863320	17.95513848	1098326016	19722240	2
15.6492	15.6825	107.7981	9.84003164	3.58137950	22.61443437	1098326016	19709952	2
16.2489	16.1989	103.0340	10.79834010	3.05423709	18.39914451	1098977280	20299776	2
16.6325	16.6325	127.6924	7.90054679	2.98006135	14.36769465	1099735040	19857408	3
16.0656	16.0323	141.7089	7.70154863	3.26916471	17.21303113	1099735040	20119552	3
17.3158	17.3491	85.0528	8.40741957	4.40765538	16.83712182	1099735040	20307968	3
17.3491	17.2991	89.3372	7.76096950	4.63591518	17.72305838	1100025856	20639744	3
17.6655	17.5988	78.0085	7.44290435	3.38572419	14.98622947	1100734464	20738048	3
16.8992	16.9158	127.5695	11.38665155	4.40311118	20.79038802	1100734464	20914176	2
17.6822	17.6155	134.7777	6.57889175	4.31951271	17.15614882	1100746752	21344256	3
17.3658	17.3658	148.0710	9.96423395	6.98725860	23.14647491	1100746752	21532672	2
18.1321	18.1321	115.9715	12.36249650	4.23240892	23.87855817	1100746752	21762048	2
18.5824	18.5657	122.5718	9.29392595	3.23554175	17.83465985	1100746752	21872640	3
19.1648	19.1314	129.0906	10.30800784	6.62052534	23.29607033	1100746752	22097920	3
20.9156	20.9490	72.4018	7.61613943	7.25466266	15.72426121	1102139392	22056960	4
21.4323	21.4323	95.3554	8.16251601	4.52171919	23.01016834	1102139392	22179840	4
22.2818	22.2818	72.1975	6.21027387	5.17139236	21.58277692	1102139392	22716416	4
22.0489	22.0489	80.5813	7.77579411	5.12104982	21.20318514	1102139392	22085632	3
22.2985	22.3152	77.9940	7.58805898	10.79264203	18.93917259	1102139392	22777856	3
23.5651	23.5818	74.9633	10.28899080	4.72083939	21.63272030	1102139392	23674880	3
23.0988	23.0488	94.7643	10.21243020	4.75151033	15.01209214	1102139392	23506944	4
22.3989	22.3822	141.2435	5.04061272	4.68346777	22.17581570	1103097856	24059904	5
23.8151	23.8651	109.6620	7.76076137	6.15386727	26.69197377	1103097856	23633920	4
25.1154	25.1321	74.8336	6.38029145	6.29285236	23.27028552	1103097856	24420352	4
24.9154	24.8821	72.3684	10.11637430	4.16854505	25.85800859	1103335424	24244224	3
25.9154	25.7987	80.2758	10.18851115	5.50233139	24.53183099	1103466496	25088000	4
25.2816	25.2650	113.3958	5.66245571	7.64549085	25.35032103	1103478784	25477120	5
26.5987	26.5653	81.9159	8.21909400	5.87987345	25.51945377	1103478784	24948736	4
28.2476	28.2976	74.4117	8.28770818	5.78568622	28.10123041	1103478784	25587712	4
28.1486	28.1819	69.2082	7.92947668	5.84344349	27.71500317	1103478784	25956352	4
28.5814	28.5648	62.6919	8.56781295	5.53686323	17.08305691	1103478784	25980928	4
28.6986	28.7152	73.7957	9.00711203	6.48570884	20.88567216	1103478784	26382336	4
29.6980	29.6814	69.5778	8.99264287	6.69964291	26.20775970	1103478784	26349568	4
30.0152	30.0652	69.3331	8.79451169	7.47607406	23.82672761	1103478784	26918912	4
30.7318	30.7151	68.0076	9.28247114	6.31387769	24.05719391	1103478784	27131904	4
31.4151	31.4318	70.2577	9.23955828	7.61839496	31.25601240	1103478784	27672576	4
32.3645	32.3645	74.4408	9.46806099	5.08830080	24.51430300	1103478784	28663808	4
32.6645	32.5978	77.0496	10.62633736	7.20020310	27.48176535	1103478784	29106176	4
33.7483	33.8316	84.5177	9.34388838	9.44419616	32.36907137	1103478784	29036544	5
32.9311	32.8978	95.0284	7.53753715	6.88098141	35.94817101	1103478784	29675520	5
35.8482	35.8649	68.2993	8.91068817	7.93778526	30.24783418	1103478784	29822976	5
37.2648	37.3148	59.8941	8.40917048	7.36044271	32.74627071	1103478784	30273536	5
37.6142	37.6475	63.1793	9.79025612	9.22816672	33.32730000	1103478784	31154176	5
39.0794	39.0794	63.1454	9.21251195	7.90300778	33.38944173	1103478784	31510528	5
40.7966	40.7966	62.6609	8.97401349	7.92973327	33.25796960	1103478784	31985664	5
41.5465	41.4965	58.8490	9.49411517	8.05618416	36.42567080	1103478784	32235520	5
42.1312	42.0812	65.2527	8.88629795	8.84318830	38.77832305	1103478784	33058816	5
42.3638	42.3972	68.8145	10.99546676	8.71276798	40.79120474	1103478784	33705984	5
43.5645	43.6145	67.3428	10.06893988	8.88368441	34.33130560	1103851520	33812480	6
42.8645	42.8812	98.9386	7.49191284	8.73608231	38.84369277	1105268736	34533376	7
45.2970	45.2636	76.1896	8.78818438	9.73388648	37.68620657	1105043456	34172928	6
47.1302	47.1302	59.8533	9.46711967	9.35824972	40.81715192	1105047552	34603008	6
47.4976	47.4810	67.5525	8.46364416	10.14037153	38.68123300	1105047552	35758080	6
48.3134	48.2468	61.9637	9.90906789	11.47417584	41.75999204	1105047552	36364288	6
50.3966	50.3633	64.9844	8.89264533	10.28369915	43.63486861	1105047552	36282368	6
51.2308	51.2141	64.0091	9.60350573	9.42959758	41.99979526	1105047552	36831232	6
51.1133	51.1633	69.2446	9.13107336	11.22170906	42.97697614	1105047552	37756928	6
52.7807	52.9140	62.4595	10.26066780	8.59471212	42.03307554	1105047552	38580224	6
52.7965	52.5798	71.1296	8.14389309	14.43421684	42.89303868	1105616896	39477248	7
54.3464	54.3297	78.0414	8.95970290	12.72189160	39.40424456	1105620992	40103936	7
57.9304	57.9471	62.5626	9.10010902	10.61417390	45.06599775	1105620992	40747008	7
60.4283	60.3616	59.9851	9.74133862	11.16412665	42.86448577	1106354176	42143744	7
62.7135	62.7135	62.0659	10.28744677	14.51778673	49.49518667	1106354176	43126784	7
66.1134	66.0967	80.4687	9.56240759	13.19202253	47.19929891	1109315584	43814912	8
68.8454	68.8621	74.8746	10.50967569	18.06913282	43.91430935	1109315584	44728320	8
69.6798	69.6798	88.2504	8.72864290	12.20459542	44.02100515	1114390528	45162496	9
72.5785	72.5285	84.2796	9.59342453	15.86520741	50.37995010	1114390528	45862912	9
78.8947	78.9281	71.4647	10.03888427	17.27271224	52.92708768	1114390528	46690304	9
78.7127	78.6461	95.0862	9.45519303	14.92684081	51.49375787	1115119616	47943680	10
78.8961	78.9294	111.5598	8.77960415	16.86160369	50.00251424	1115119616	49033216	10
79.7793	79.8293	151.9564	8.95116133	17.67314927	47.32718927	1115119616	49946624	10
79.9793	79.7627	153.5955	8.85998084	14.90872864	47.35658106	1115119616	50434048	10
79.7127	79.8460	176.9522	9.35257050	17.09328866	48.30477494	1115123712	60194816	10
79.4627	79.4294	165.9371	8.55887735	16.89403908	49.33011694	1115123712	61464576	10
78.8614	78.8781	179.5305	8.79845244	18.02011076	55.69805431	1115123712	62402560	10
78.7294	78.6294	168.9167	8.95321521	13.51695354	46.47622333	1115123712	63508480	10
79.1627	79.2294	169.8845	9.34564729	18.25023600	41.35531355	1115275264	64110592	10
78.9461	78.8461	183.3606	8.98411437	16.76997313	55.88277494	1115275264	64909312	10
78.9781	78.9614	181.6878	8.71506167	15.10182917	45.35716411	1115275264	66244608	10
79.7793	79.7127	180.5586	8.67085111	17.27727960	49.86928839	1115279360	66813952	10
79.8613	79.8113	174.4187	8.25102436	17.82777955	51.47729165	1115279360	67399680	10
79.5627	79.7460	182.9133	8.58424407	17.69889975	49.24363373	1115279360	68247552	10
79.7460	79.7293	168.2019	8.97643294	15.24100569	48.64854636	1115279360	69746688	10
80.3046	80.5213	156.5998	8.48281941	14.33878040	47.69235539	1115279360	70287360	10
76.5385	76.7552	149.1878	8.34214945	15.83058244	43.86044191	1115279360	70889472	10
78.5961	78.6294	107.1674	8.56110146	14.07969417	46.36600365	1115279360	72470528	10
76.6462	76.5462	109.6969	8.69998796	16.66494788	50.97388263	1115279360	73125888	10
78.3627	78.5127	78.0520	8.59437036	15.04562396	54.40231414	1115279360	73793536	10
73.0451	72.9951	84.9479	8.28061047	15.26475688	42.93346146	1115279360	74235904	10
72.1964	72.1131	72.1863	7.77418510	12.55556374	51.73446886	1115279360	75198464	10
69.9965	69.9965	64.1043	7.26342218	13.96453046	43.13859328	1115279360	75612160	10
65.7123	65.6790	68.1253	7.56458163	13.70074096	47.05738245	1115279360	67371008	9
64.8801	64.9134	57.9065	7.65561938	12.13177914	47.42362640	1115279360	67747840	9
61.9125	61.9292	58.4933	7.65825351	11.23025401	47.52278270	1115279360	68587520	9
61.6969	61.7302	60.0046	7.28142619	14.14653293	48.14036969	1115279360	69844992	9
65.5290	65.4956	61.6654	8.85370680	14.66185636	49.20671867	1115279360	69427200	8
66.7200	66.6867	62.9695	10.13596777	13.87420335	50.77760707	1115279360	70533120	8
67.5122	67.4622	76.3263	8.28060877	14.11600092	50.38903242	1115283456	71593984	9
68.6632	68.7299	78.0924	8.80760881	13.45529266	53.59721296	1115287552	80293888	9
74.4129	74.3463	63.0359	9.08479609	16.03779375	49.74059614	1115287552	81559552	9
75.9962	75.9462	65.0211	9.46166911	14.76009980	48.36511657	1115287552	82108416	9
78.2614	78.2115	61.1204	9.94959936	15.10877774	50.66171611	1115287552	83304448	9
80.1113	80.0780	76.9990	10.28303790	18.33127534	48.14686106	1115308032	84090880	9
75.9949	75.8449	122.4762	8.34846824	15.62095216	49.03225602	1115361280	85688320	10
80.4793	80.5460	108.7598	9.15149939	15.75655596	49.42076790	1115463680	86474752	10
79.5114	79.3947	124.9605	7.77882715	13.68854545	49.86823790	1115463680	87556096	10
74.7617	74.8283	141.3305	8.36250975	16.62448611	52.52819251	1115463680	88289280	10
79.1627	79.0960	87.2870	8.72492596	14.18398931	53.94917559	1115463680	88993792	10
78.0781	78.1115	70.1493	8.21036517	14.66263407	49.16559859	1115463680	90091520	10
73.0118	72.9951	75.3957	7.84423441	14.06640784	49.66336880	1115463680	91164672	10
71.7797	71.7964	67.7252	7.64139351	13.15290606	46.85721327	1115463680	91930624	10
69.8620	69.9120	65.5709	7.81343879	12.97109824	46.78049310	1115463680	92622848	10
65.1457	65.1123	63.1418	6.42757343	13.74887099	41.91153797	1115463680	93073408	10
62.1125	62.0959	73.0255	6.95694649	12.24075571	43.52551836	1115471872	84402176	9
60.1960	60.1793	71.3863	8.20695446	12.11515838	37.73761756	1115475968	84803584	8
59.0804	59.0637	62.8287	7.92025258	10.17667423	38.40182362	1115475968	85368832	8
55.0806	55.0639	60.2824	6.62154837	11.56501559	41.65987214	1115475968	86401024	8
52.1799	52.2798	68.5952	7.27009256	10.64853773	37.63767010	1115475968	86171648	7
51.8307	51.8474	73.9155	9.65245371	10.90059970	48.08636062	1115475968	87044096	6
52.5465	52.5798	68.1477	9.37135436	11.41365276	43.28354962	1115475968	87588864	6
53.0640	53.1140	61.3888	8.96750608	11.95529940	41.12980041	1115475968	88178688	6
52.2474	52.2474	64.4456	9.25322425	10.65002030	36.06960020	1115475968	89112576	6
52.4974	52.4974	63.2952	9.57059562	11.23230738	39.44531496	1115475968	89161728	6
51.1308	51.0474	67.4770	8.89072654	9.48221394	41.41979162	1115475968	90034176	6
51.4474	51.4974	63.0084	9.24232925	11.18438970	41.01148678	1115475968	91054080	6
51.3641	51.3641	62.0558	8.63812888	11.14721602	32.09952191	1115475968	90849280	6
51.4132	51.4132	62.9660	8.78055917	10.03926218	36.11178293	1115475968	91942912	6
50.9808	50.9308	65.0497	9.31010249	9.18324622	37.73363859	1115475968	92315648	6
51.1299	51.0966	63.8699	8.63209446	8.74019379	32.68534253	1115475968	92737536	6
51.0641	51.0808	62.9537	8.84399057	9.52850186	35.31332379	1115475968	93515776	6
49.2975	49.3142	65.9088	8.94799986	9.77785013	34.95519950	1115475968	93675520	6
50.0300	50.0633	61.3845	9.27293218	9.99540660	30.48720500	1115475968	94339072	6
49.0801	48.9801	59.1524	8.66595625	11.08278838	36.36639665	1115475968	94691328	6
48.4134	48.4301	61.0423	8.06767799	10.67393045	36.32528505	1115475968	95318016	6
48.2643	48.3642	59.7467	8.95113670	10.96512788	31.63952050	1115475968	95645696	6
46.8802	46.8469	59.6108	8.23901231	10.35471134	37.07982349	1115475968	96194560	6
47.0143	46.9143	63.9634	8.75468095	9.34295719	35.11974177	1115475968	96632832	6
46.6128	46.6628	61.0664	8.15143619	9.96773706	35.00346972	1115475968	96989184	6
46.3144	46.3810	65.0489	7.29647709	9.48945401	36.83491539	1115475968	97996800	6
45.3144	45.2811	60.3820	10.61296028	9.87864917	38.95828162	1115475968	96636928	5
45.1849	45.1350	59.7423	9.72754691	8.56806293	32.48791798	1115475968	96907264	6
43.7645	43.7645	73.6820	7.85655777	9.05223385	33.59017397	1115475968	97792000	6
42.4812	42.4979	61.7271	7.45688340	8.25957733	37.58065604	1115475968	98492416	6
40.5313	40.5313	70.6414	8.66335397	8.53093091	25.14934035	1115475968	99102720	5
39.5647	39.5814	59.7528	8.23735552	6.35908540	33.81594657	1115475968	99545088	5
36.0315	36.0315	60.9098	7.13545642	9.04740977	30.52304992	1115475968	99774464	5
34.3477	34.3477	67.2115	9.60045018	6.03457588	30.74316977	1115480064	98816000	4
32.5317	32.5817	66.6256	8.23301100	6.48265628	27.67085398	1115480064	99340288	4
30.8479	30.8479	70.8633	8.12747538	5.59687216	28.21553186	1115480064	99725312	4
29.6985	29.6652	64.6101	7.19883911	6.07170356	24.98992380	1115480064	100229120	4
27.3315	27.2982	76.0311	9.69423394	4.98330542	22.26700822	1115480064	100028416	3
26.2820	26.3320	65.1203	10.62459895	4.17799990	23.28329835	1115480064	100769792	3
22.8155	22.7989	74.5351	9.01069244	3.49470637	18.16283180	1115516928	100593664	4
20.2820	20.2986	100.0189	7.18798618	5.02064722	20.64830466	1115516928	100872192	4
21.8641	21.8808	87.6489	8.33427518	3.93264738	17.77215434	1115516928	100585472	3
22.6318	22.6652	74.4956	8.68338107	5.93047840	21.52277954	1115516928	101294080	3
22.2322	22.2822	79.3695	7.70809140	6.49572340	23.47295135	1115516928	101494784	3
22.0652	22.0485	77.7589	8.02343600	4.70668802	21.63253508	1115516928	101822464	3
21.7489	21.7989	89.1170	8.49516269	4.72603256	21.04333279	1115516928	102227968	3
21.9989	22.0156	87.4247	8.83692935	4.81039930	23.13321025	1115516928	102825984	3
22.9314	22.9481	75.8620	8.92645787	4.63238141	20.46514603	1115516928	102662144	3
23.8147	23.8147	67.6060	8.00206910	7.86897091	27.98505501	1115516928	102887424	3
23.9317	23.9984	66.4875	9.59312596	4.48799540	19.99841092	1115516928	103448576	3
24.0980	24.0980	69.3562	8.10428517	5.23843537	25.00864265	1115516928	103612416	3
24.0313	24.0313	67.2011	9.79801496	5.32081528	17.67888354	1115516928	103776256	3
23.7655	23.7988	72.5665	8.67147572	7.84173047	22.05253091	1115516928	104148992	3
23.9655	23.9655	66.9138	8.82179654	5.85512608	19.26813427	1115516928	104292352	3
23.7972	23.7639	73.8633	8.44862970	4.91470925	22.69011103	1115516928	104542208	3
23.4988	23.4822	76.8275	8.61919906	5.27139018	21.04383642	1115516928	104787968	3
23.6984	23.6818	75.6756	9.40268212	5.28496131	22.43631249	1115516928	104988672	3
23.9821	23.9821	67.4267	9.10740579	5.33136690	15.56662376	1115516928	105279488	3
23.6143	23.5976	73.1398	8.24346398	5.07084320	21.40318522	1115516928	105390080	3
23.3322	23.3322	77.9107	8.31534663	5.76449714	19.29473572	1115516928	105857024	3
23.8143	23.8976	70.9017	9.28693789	4.99703970	17.71095778	1115516928	105959424	3
23.6318	23.6651	75.4585	9.57051992	5.76786065	21.00037068	1115516928	106311680	3
23.6488	23.6488	77.2121	9.18954648	5.17188950	19.05628439	1115516928	106438656	3
23.8817	23.8984	71.3815	9.01975233	5.06301040	16.95157914	1115516928	106455040	3
23.9988	24.0155	72.0958	7.74048740	4.84300292	20.93491970	1115516928	106987520	3
24.1151	24.1151	73.6434	8.91599974	4.47397250	20.68175619	1115516928	107061248	3
24.0488	24.0155	70.7051	10.84148374	4.83718657	19.59571779	1115516928	107474944	3
23.9484	23.9317	82.8983	9.77287657	8.20485067	12.46059188	1115521024	107048960	4
24.2484	24.2650	98.5673	7.44653143	9.44490657	18.63233600	1115521024	107151360	4
24.9654	24.9988	73.0800	9.55393761	5.25680519	18.06102155	1115521024	107081728	3
24.8483	24.8483	88.0054	8.87180864	5.82532902	17.17755328	1115521024	107819008	3
25.2487	25.2154	73.0582	9.53239358	7.19435950	22.19357482	1115521024	107925504	3
25.3483	25.3650	71.1222	9.44827448	4.60322176	22.59202543	1115521024	108421120	3
24.9821	24.9988	77.1407	9.35610858	5.51621707	21.25575980	1115521024	109035520	3
26.8149	26.8149	75.3219	10.01622788	5.19580593	27.13733995	1115521024	109248512	3
26.4153	26.4153	83.0820	9.94154919	4.87728040	20.14488431	1115521024	108818432	4
26.2320	26.2654	90.7976	7.39504062	4.47572121	25.97692843	1115521024	109223936	4
26.3982	26.4149	80.2997	10.06978703	5.63280915	21.48694356	1115521024	109948928	3
26.4820	26.4820	79.8710	9.37405883	5.11701213	26.53822137	1115521024	109977600	4
25.7479	25.6979	105.1524	7.52387890	5.59603439	24.90197600	1115521024	110313472	4
26.3987	26.3320	76.1709	6.55853257	5.68363204	25.79413904	1115521024	110567424	4
27.0140	26.9973	69.3352	9.72212464	9.89753457	26.11103675	1115521024	110485504	3
26.4487	26.4487	76.9874	10.50033825	5.24387870	26.21504271	1115521024	110837760	3
26.3316	26.2982	79.5596	9.22765941	4.14881030	25.86856194	1115521024	111607808	4
25.5987	25.5487	98.0235	7.77539968	7.27027078	27.76042354	1115521024	112009216	4
26.7649	26.7815	70.0741	8.16287518	5.48379322	28.53639433	1115521024	111681536	4
26.6311	26.6478	71.1113	6.87858711	5.79450080	25.57721939	1115521024	112553984	4
26.5982	26.5649	72.7033	11.09417997	5.53187176	24.06303030	1115525120	112017408	3
26.3820	26.3653	85.4501	7.95518085	4.51458774	21.50749616	1115525120	112951296	4
25.4654	25.5321	106.0875	7.93937673	5.23423608	33.19336711	1115525120	112922624	4
26.7793	26.6793	67.8513	7.14340941	5.81534316	26.32075423	1115525120	113704960	4
26.2930	26.3097	78.9158	8.84324135	5.12440291	25.82685594	1115525120	112963584	3
26.3816	26.2982	82.7636	11.37845134	5.45221521	26.97995677	1115525120	113704960	3
28.1319	28.1153	82.0883	9.48660979	4.93897343	23.52863867	1115525120	114036736	4
27.3482	27.3315	95.2524	9.29275071	5.45096606	30.05674854	1115525120	114409472	4
28.1653	28.1819	73.1987	8.16314550	6.01466091	28.72373343	1115525120	114601984	4
28.4152	28.3819	68.5032	8.07646379	5.83828040	23.96765442	1115525120	114896896	4
28.4648	28.4814	67.0954	8.50832310	5.75996140	27.59098841	1115525120	115105792	4
28.3652	28.3652	66.8143	8.09027399	5.69422196	25.47972780	1115525120	115421184	4
29.2147	29.2147	67.6640	8.65878306	7.29118623	26.64647797	1115525120	115744768	4
29.9652	29.9485	72.5988	9.17450172	5.36597568	27.08889053	1115525120	116088832	4
29.9647	29.9313	70.2272	8.63296682	5.22480189	28.71514501	1115525120	116609024	4
29.3985	29.3819	76.5542	8.99649422	6.89642717	28.77844583	1115525120	116948992	4
29.6485	29.7152	68.5799	9.05771031	5.43852692	29.22240295	1115525120	117657600	4
29.5470	29.5137	73.4241	9.61314325	5.53464281	25.08182147	1115525120	117837824	4
29.9818	30.0318	73.0472	9.26676650	6.52943055	30.90921700	1115525120	117809152	4
31.3979	31.4146	69.4016	8.76721026	5.87228181	29.53878487	1115525120	118546432	4
31.3937	31.3271	73.7543	8.55322836	6.62976560	32.02806448	1115525120	118816768	4
31.4146	31.4146	66.5756	9.10770870	7.05082358	32.68852960	1115525120	119033856	4
32.3650	32.2484	66.5752	8.87949454	7.24884200	34.65184061	1115525120	119271424	4
32.5650	32.5317	71.1455	10.11087795	7.23372591	28.23820987	1115525120	119513088	4
32.4468	32.4301	77.1043	9.55901249	5.92268467	30.84095391	1115529216	119820288	5
32.6978	32.7145	96.2547	7.14405121	5.69340081	19.38154175	1115529216	119783424	5
33.8983	33.9483	79.3328	8.62597088	6.37657370	28.89027497	1115529216	120426496	4
34.0144	33.9477	72.4629	9.03336106	7.75128583	30.88138146	1115529216	120639488	4
34.1983	34.2150	70.7901	10.99772428	6.67928020	29.85118121	1115529216	121044992	4
35.1143	35.0977	82.9934	10.12210085	7.81712010	25.41436152	1115529216	121729024	5
35.3482	35.3816	80.4329	7.93293146	7.11173732	26.52827152	1115537408	122048512	6
35.9476	35.9809	76.3979	7.41737076	7.93095950	28.67199111	1115537408	122277888	6
37.5981	37.5981	66.1613	7.87737694	7.66578833	30.26427358	1115537408	122363904	5
37.7641	37.7641	62.8208	8.92216509	7.42205313	28.05737490	1115537408	122576896	5
39.4147	39.4314	59.2709	9.35046501	7.57592672	28.93032121	1115537408	123375616	5
40.0307	40.0640	62.4189	8.66399143	8.90267980	33.52724286	1115537408	123662336	5
40.4313	40.4480	64.2435	8.22025058	7.84335578	33.14966926	1115537408	124522496	5
40.3473	40.3140	65.9186	9.78279372	7.84592640	41.44443058	1115537408	124555264	5
42.1979	42.2312	60.1539	8.98964483	8.27529390	32.18899545	1115537408	125018112	5
42.3638	42.3805	61.5509	8.98289805	8.15148121	35.31351528	1115537408	126038016	5
43.6471	43.6304	63.1451	9.07621234	9.13264122	33.95353083	1115537408	126234624	5
43.7478	43.7645	65.5270	9.70828563	8.16007610	38.98091139	1115537408	126509056	5
44.8803	44.9470	68.9273	9.45630608	7.76845088	39.64991248	1115537408	127111168	5
45.0644	45.0977	63.4634	9.81133052	8.00935707	39.78705950	1115537408	127619072	5
45.8583	45.8416	64.8128	10.54738458	10.36896444	37.07126051	1115537408	128225280	5
47.0969	47.0969	83.8482	9.65045050	9.04225545	36.68408266	1115643904	129478656	6
48.1309	48.0809	74.9536	8.99327654	9.71714586	43.49046309	1115648000	130265088	6
49.3967	49.3467	72.1077	8.90794380	11.02659576	38.02617574	1115648000	130265088	6
50.6475	50.6975	69.1312	9.48609428	9.94148597	40.65326076	1115648000	130752512	6
51.8132	51.8465	64.1835	9.81061079	11.95093018	41.46543429	1115648000	131497984	6
53.9964	53.9131	67.4371	9.50912238	10.74725811	42.47061914	1115648000	131907584	6
54.9473	55.0639	62.7082	9.67575702	11.16451607	38.49760289	1115648000	132751360	6
55.2963	55.3296	70.6792	10.48232569	11.32477740	50.63838261	1115648000	133451776	6
56.8305	56.8138	68.4781	10.40246313	11.43410322	44.00161771	1115840512	133742592	7
58.1804	58.1971	73.1758	10.43830750	11.60027689	45.28800434	1115865088	133910528	8
59.5304	59.4970	74.1513	8.89847171	13.86300140	39.82095789	1115865088	134672384	9
60.5960	60.6126	79.2807	8.06915880	12.83873658	36.66444968	1115865088	135577600	9
61.4469	61.4636	69.0279	7.26217773	13.23591279	48.80650899	1115865088	136470528	9
60.7803	60.7470	78.4431	8.69626064	11.58808818	48.02253343	1115906048	137527296	8
63.1114	63.1281	66.0412	8.41034925	11.31886010	46.82021320	1115906048	138350592	8
62.9125	62.9125	67.6016	8.53706527	11.61896343	43.50451887	1115906048	138973184	8
62.9802	62.9469	70.6889	8.51644408	13.28675486	40.73380182	1115906048	139591680	8
63.9801	63.9635	72.4807	8.83265038	12.66980231	47.61911413	1115906048	140247040	8
64.3457	64.4124	68.7651	8.54329116	13.22542657	44.98483081	1115906048	141189120	8
64.4801	64.4801	66.4298	9.20336634	12.34022569	45.20380718	1115906048	141594624	8
65.6790	65.6623	64.9038	8.84077180	15.04317073	47.87297159	1115906048	142635008	8
65.6112	65.6445	66.8591	8.53125981	11.35120707	49.08819500	1115906048	142905344	8
65.9445	65.9112	64.0675	9.30068211	12.58094268	52.63591391	1115910144	144408576	8
67.3933	67.3933	66.3509	9.62469445	13.47893661	54.68098744	1115910144	144654336	8
66.8967	66.9967	72.4311	9.41580475	14.40311878	42.35594000	1115910144	145178624	8
67.6133	67.6133	63.0905	9.47350269	13.99406785	48.30858292	1115910144	145879040	8
67.8088	67.8421	63.8462	8.90082409	13.23894514	45.16268642	1115910144	146870272	8
67.3133	67.2966	64.5386	8.93026446	14.55659929	47.03663343	1115910144	147406848	8
67.6622	67.7288	66.8979	9.04141969	12.56792619	42.08672967	1115910144	148275200	8
68.4632	68.4632	65.8006	9.44942295	14.18734505	44.57594742	1115910144	149086208	8
69.3299	69.2965	63.5070	9.76225215	13.42389414	40.47533192	1115910144	149585920	8
69.3287	69.3620	62.5257	8.93296454	12.90700251	47.26605782	1115910144	150786048	8
69.2965	69.3299	64.5228	9.07301231	14.26717020	44.66172820	1115910144	151109632	8
68.9621	68.9454	69.6261	9.04645374	13.43087407	44.51754910	1115910144	151769088	8
69.0121	68.9787	69.3281	9.63276617	15.97656292	38.87124110	1115910144	152911872	8
70.4798	70.5131	65.4916	9.44506642	13.52560395	48.24610057	1115910144	153587712	8
70.5953	70.6786	65.6517	9.88585631	13.45290972	45.12911250	1115910144	154468352	8
70.6131	70.6131	71.0583	9.45452886	15.19965250	48.88098837	1115910144	155193344	8
70.8631	70.8131	67.2565	9.58122911	14.90894412	53.40787271	1115910144	156053504	8
70.5453	70.5786	66.5646	9.61918387	12.10457919	48.99366980	1115910144	156954624	8
70.7298	70.6965	67.0733	9.98723662	16.02274613	44.95629791	1115910144	157736960	8
71.4440	71.4274	72.6969	9.62942104	16.06633542	54.18913074	1115910144	158420992	8
72.2952	72.3118	65.5015	9.86641604	14.70527589	49.19220329	1115910144	159531008	8
72.2761	72.2428	66.4761	10.56466908	14.64542990	51.74650237	1115910144	159707136	8
70.4453	70.4953	80.2676	9.32648331	14.08074758	46.64175008	1115987968	160428032	9
70.4131	70.4298	80.8538	8.93442851	13.37156832	50.26878461	1115987968	161058816	9
73.6796	73.6630	62.1400	8.89530974	13.58987028	48.12861535	1115987968	161853440	9
74.0951	74.1117	61.7922	9.05412800	13.23778145	47.24805390	1115987968	162471936	9
74.5129	74.6129	61.1316	8.63419234	16.36676636	55.88725169	1115987968	163962880	9
73.1963	73.2297	65.0883	8.78059587	14.77925626	48.88115100	1116110848	165089280	9
73.8951	73.9451	61.5064	9.09150606	15.03361408	49.71548275	1116110848	165220352	9
73.9130	74.0130	62.5713	8.73522659	13.87298070	52.99744618	1116110848	166612992	9
74.1451	74.2117	61.5531	9.90445815	16.56374566	46.71474539	1116110848	167112704	9
75.5283	75.6116	61.4139	9.64552696	15.15840305	41.33093649	1116110848	167616512	9
75.8462	75.8962	61.8915	9.56439519	15.14923073	46.21052131	1116110848	168783872	9
75.4283	75.4783	62.4584	9.21337108	14.14833685	53.08875134	1116110848	169558016	9
75.7616	75.7450	59.0458	9.23999269	15.00649088	47.82778514	1116110848	171036672	9
75.7129	75.6462	59.8196	8.82273775	14.25677508	46.37837202	1116110848	171724800	9
75.6270	75.6604	60.6641	9.33139998	14.68465761	51.77399095	1116110848	172269568	9
75.7795	75.7962	58.7922	8.92413039	13.75017263	52.86143827	1116110848	173019136	9
75.5629	75.6462	58.5772	9.21247303	16.74027786	46.30685232	1116110848	174080000	9
75.5296	75.4796	57.5670	9.64524511	15.34338995	50.79633469	1116110848	174837760	9
75.9449	75.9283	59.6666	9.46758061	13.92202131	52.40473855	1116110848	175939584	9
76.5103	76.4770	57.8525	9.39583427	14.15583553	43.05432462	1116110848	176324608	9
75.5758	75.6091	60.1294	8.80609854	15.13351444	45.54051491	1116110848	177344512	9
75.3296	75.3296	61.0467	8.85247631	14.99234495	44.11973734	1116110848	177836032	9
75.7962	75.7629	59.2268	8.62618812	14.46744295	55.23298897	1116110848	179171328	9
73.8784	73.8451	74.6026	8.98727624	13.91211204	49.30286536	1116110848	180101120	9
75.2117	75.1617	61.7226	9.42887002	14.56034892	50.41908199	1116110848	181051392	9
75.1462	75.1462	61.8787	9.10020469	16.14516754	52.48454400	1116110848	181411840	9
74.4284	74.4284	59.7125	8.73208044	15.82613299	54.69142477	1116110848	182575104	9
74.3284	74.3617	58.5645	9.41423152	16.26566784	50.64781431	1116110848	183730176	9
74.1605	74.2105	61.0049	9.39665612	14.23056321	52.76508476	1116110848	184385536	9
73.9963	73.9296	59.5392	8.91398909	15.77244673	47.51509945	1116110848	184598528	9
74.3296	74.3296	59.7469	8.52878019	14.74959701	43.76497769	1116110848	185913344	9
72.3131	72.3131	58.3047	8.68809701	15.03928439	48.62341010	1116110848	186118144	9
72.9451	73.0118	59.4976	9.16532904	13.91088159	39.02822030	1116110848	187076608	9
72.7464	72.7297	60.2619	9.03358147	14.47395384	44.47060061	1116110848	188104704	9
72.8273	73.0106	56.1415	8.70311273	15.43687170	44.73635145	1116110848	188563456	9
72.6118	72.6285	58.2499	8.78940770	14.51689377	45.22512448	1116110848	189870080	9
72.7464	72.7630	60.4313	8.53746996	15.31407137	45.97399359	1116110848	190791680	9
73.2951	73.2951	60.0387	8.98683902	14.07669343	42.07952350	1116110848	191033344	9
73.9784	73.9451	60.2321	9.08350977	14.73111362	45.98537256	1116110848	192634880	9
74.2630	74.2963	61.9228	8.92711210	15.24515562	47.71520638	1116405760	192864256	9
74.0117	74.0284	64.2729	9.34838993	15.22723076	46.56256432	1116405760	193949696	9
74.3617	74.3617	58.8194	8.47261576	15.39500768	48.69216573	1116405760	194441216	9
74.7963	74.7963	60.9661	9.27650432	15.45314636	51.80891051	1116405760	195702784	9
76.3282	76.2782	61.4442	8.79355593	13.66806400	53.78236141	1116405760	196481024	9
75.8078	75.8745	59.6334	9.02931705	17.73411051	49.96188596	1116405760	197189632	9
75.4462	75.4962	60.8640	8.95352135	15.86066801	52.93802160	1116405760	197963776	9
75.5783	75.6450	58.6424	9.44457384	13.52694647	49.00871310	1116405760	198922240	9
76.2270	76.1437	55.9943	8.85476469	15.51887970	45.39124334	1116405760	199659520	9
75.6283	75.7116	59.9025	8.43596296	15.03282322	47.67786444	1116405760	200400896	9
74.7117	74.6784	59.4865	8.83632857	15.06398650	46.45252727	1116405760	201154560	9
73.4630	73.3463	59.2836	9.05580847	15.84605249	42.37250962	1116405760	202170368	9
72.3771	72.3771	59.1119	8.50373966	14.41312326	42.89736622	1116405760	202993664	9
71.8619	71.9285	57.9738	8.94963659	15.40324233	50.23799890	1116405760	203452416	9
71.3298	71.3631	58.7247	8.05039820	12.80403395	48.37944982	1116405760	204189696	9
70.5286	70.4620	56.9423	8.06405017	13.37449063	49.97496299	1116405760	205361152	9
69.1632	69.1132	60.0473	8.25761634	15.49400980	50.62526251	1116405760	205807616	9
68.4966	68.4466	57.1125	7.78496375	15.03796804	41.13448160	1116405760	206786560	9
68.8132	68.7966	56.5962	7.93644338	13.67298416	44.04557634	1116405760	207630336	9
67.0800	67.1633	58.6226	8.08590784	12.51370222	44.68505722	1116405760	208224256	9
66.7633	66.7133	58.4634	7.91856547	13.15496563	49.82663670	1116405760	209072128	9
65.5623	65.6790	59.3281	7.63065998	13.47106677	45.46790571	1116405760	209489920	9
65.6290	65.6456	57.6415	7.66631898	13.07898276	48.38614366	1116405760	210305024	9
65.1801	65.1634	58.3737	7.40611593	11.79899222	43.55730061	1116405760	211099648	9
63.6302	63.6302	61.2886	8.12753281	12.56598896	38.26607840	1116405760	209760256	8
63.3791	63.4291	61.9806	8.62454948	13.43567940	41.82023980	1116405760	211476480	8
62.9302	62.9302	65.8919	8.47649205	12.53680030	37.68239526	1116405760	212238336	8
62.1125	62.1459	60.1901	8.41144960	12.73271461	40.80142439	1116405760	212733952	8
61.8625	61.8792	60.4298	8.66063252	14.07858860	38.51240886	1116405760	213233664	8
62.0969	62.1136	60.6869	8.60578287	11.35494096	47.50882161	1116405760	214093824	8
60.2960	60.2626	61.0985	8.29857797	13.09766376	42.26157166	1116405760	214556672	8
60.9636	60.9303	60.2552	8.49128973	12.01456383	40.04851446	1116405760	215588864	8
59.6970	59.7137	63.0874	7.92788580	9.99927410	42.37127477	1116405760	216027136	8
58.5294	58.5294	67.1939	7.49889259	11.31519172	41.89154518	1116405760	216752128	8
56.7972	56.8638	72.7770	8.00594125	11.44817076	39.72919750	1116409856	217051136	7
57.3462	57.2962	57.8153	8.18579365	10.92964838	39.31502365	1116409856	217767936	7
54.7130	54.7630	53.3034	8.25582497	12.15049723	37.26724484	1116409856	218468352	7
54.1140	54.1306	55.1127	8.59545337	10.20430307	34.82162525	1116409856	218988544	7
53.1798	53.2131	56.7595	7.72167259	8.96020364	32.70731420	1116409856	220160000	7
51.4974	51.4974	56.2078	8.00967153	9.58451264	33.12696824	1116409856	219922432	7
50.0975	50.0808	56.0043	7.87639554	9.84475698	29.84448281	1116409856	220540928	7
48.8976	48.9642	55.5987	6.98417443	9.17293486	27.72343676	1116409856	220954624	7
46.7977	46.8643	68.5608	9.27987686	11.19175749	32.37050529	1116409856	220860416	6
46.7810	46.8477	62.5301	8.03471037	8.25242384	38.37776316	1116409856	221548544	6
45.4614	45.4447	61.5325	7.59664431	8.75560832	28.10930341	1116409856	222011392	6
43.5638	43.5971	62.5325	8.22281907	8.92318616	29.26937771	1116409856	222572544	6
43.8978	44.0145	61.4866	8.01334895	8.45635367	29.16453377	1116409856	223703040	6
44.1456	44.0956	62.2419	7.34049508	7.75209048	28.12974872	1116409856	223539200	6
42.8479	42.8645	71.4335	9.19355506	9.12962046	36.48326891	1116409856	223629312	5
43.9637	43.9637	59.4185	9.30645355	9.10205582	31.49003544	1116409856	223895552	5
43.5138	43.5471	60.8228	9.93616517	7.73712210	31.58751629	1116409856	224210944	5
42.4479	42.4645	59.5891	8.90680123	8.85037172	34.94575699	1116409856	224894976	5
42.6305	42.6138	59.8651	8.59795935	7.33557100	32.56617462	1116409856	225521664	5
42.5812	42.5812	58.8348	8.95973243	8.13033888	33.36125965	1116409856	226033664	5
42.3305	42.3472	61.9551	8.90777398	8.58386684	27.26121924	1116409856	226455552	5
42.5645	42.6145	59.8307	9.57900230	9.80872798	35.65649333	1116409856	226967552	5
42.5645	42.5812	58.4885	9.10744641	7.88381588	36.98157067	1116409856	226967552	5
42.6805	42.5972	60.0900	9.44556479	8.47664423	35.74300423	1116409856	227856384	5
42.3146	42.3979	62.3907	9.34030619	9.91146356	36.30686361	1116409856	227921920	5
42.6312	42.5312	57.0748	8.90368222	8.24684261	36.80083431	1116409856	228380672	5
42.4696	42.5195	60.5108	9.92065495	8.68890553	36.88613519	1116409856	228958208	5
42.2131	42.1965	60.3009	9.05002450	8.46350171	38.01815242	1116409856	229412864	5
42.1146	41.9812	64.5200	9.59312457	9.20108490	35.56472788	1116409856	229879808	5
42.6479	42.6812	58.2476	9.07838523	8.09848010	32.30475254	1116409856	230588416	5
42.2777	42.2277	60.9526	9.75036710	8.38581849	36.28890120	1116409856	230850560	5
42.3645	42.3479	58.1318	9.45946116	11.38412180	30.10087330	1116409856	231186432	5
42.4979	42.5479	62.3678	9.27203283	8.95607678	38.39720121	1116409856	231559168	5
42.2146	42.2312	61.5359	8.84957819	9.60995668	34.12037529	1116409856	232148992	5
42.5812	42.5645	58.2326	9.65054285	7.54848443	37.83126969	1116409856	232570880	5
42.6138	42.6305	58.7729	9.05372541	7.53975236	37.07838113	1116409856	233041920	5
40.7473	40.7473	59.3722	8.66367531	8.57127168	36.52737859	1116409856	233156608	5
41.2146	41.2146	57.5807	8.80748782	7.61751820	36.39897061	1116409856	233619456	5
41.0639	41.0639	60.9850	9.12016927	7.52060449	36.14975930	1116409856	234082304	5
41.2132	41.2132	57.6195	9.46709314	8.23750579	37.81334116	1116409856	234790912	5
41.0639	41.0639	55.8007	9.44606498	8.33448804	39.37783583	1116409856	235241472	5
41.2646	41.2646	62.2609	8.65529881	7.98655727	33.87711455	1116409856	235757568	5
39.3974	39.4140	60.4934	8.33795915	7.92044606	38.46364121	1116409856	236400640	5
39.3314	39.3480	61.6527	8.05267057	8.59641985	32.70990802	1116409856	236060672	5
39.5967	39.5134	58.5318	7.97841604	7.85315566	32.78807808	1116409856	236687360	5
39.2141	39.2974	60.0594	8.87736348	7.24435028	36.76181431	1116409856	237408256	5
39.3980	39.4147	59.9425	7.87215854	8.40638710	32.12230249	1116409856	237527040	5
39.4307	39.4307	57.0854	7.97809433	7.27745534	30.92172527	1116409856	237731840	5
39.0147	38.9647	61.6283	8.40339101	7.24118167	29.20238569	1116409856	238120960	5
37.7314	37.7481	61.1285	7.55148828	8.26483788	36.59345130	1116409856	238379008	5
38.2116	38.1949	60.8198	8.92459756	8.52972579	33.30079538	1116409856	239329280	5
38.0148	38.0314	55.3677	7.71690302	8.01849249	31.86116152	1116409856	239431680	5
37.7808	37.8141	56.0815	8.41997631	7.88184603	29.52831703	1116409856	239644672	5
38.1981	38.2314	57.3235	8.04499590	6.91092020	23.15870457	1116409856	240365568	5
38.2481	38.2481	55.0231	8.64789852	8.12830569	25.03033401	1116409856	240513024	5
36.7803	36.7803	56.8645	7.43769121	7.55843174	22.71165558	1116409856	241053696	5
35.1643	35.1643	81.0896	9.65297740	7.36887597	27.41867232	1116409856	240422912	4
35.8149	35.8315	70.4977	11.22873937	7.44486953	33.46348202	1116409856	241291264	4
35.6316	35.6316	73.0000	8.62568087	8.14179779	26.79076699	1116442624	241143808	5
35.0316	35.0149	90.2085	9.45342807	7.61693788	29.04248325	1116442624	241508352	5
35.5643	35.5643	67.4977	7.99466191	6.05179018	29.05232342	1116442624	241897472	5
35.0632	35.0465	58.6006	7.22980311	6.73692699	23.98625592	1116442624	242032640	5
34.0483	33.9983	77.8784	10.09460938	6.94292220	28.65134357	1116446720	242700288	4
33.6144	33.6478	83.4151	7.22323539	5.94890264	21.90247164	1116467200	242712576	5
32.7150	32.6984	78.5015	8.35552453	6.86260160	30.46607444	1116467200	242429952	4
33.0478	33.0145	68.5623	9.15671201	7.60524786	28.49148110	1116467200	243007488	4
32.8984	32.9150	66.2815	8.65222105	5.61893280	28.40976964	1116467200	243650560	4
31.1984	31.2151	66.0603	7.64363808	6.72908342	29.73789354	1116467200	243994624	4
31.7474	31.7640	65.7067	9.90169125	6.35540241	26.52753253	1116467200	244207616	4
30.9985	30.9985	68.6065	8.18268666	9.86907558	27.72893945	1116467200	244350976	4
30.2141	30.1308	79.6128	9.19617686	9.86547580	28.88837025	1116467200	244879360	4
29.8152	29.8652	67.9436	7.56083088	5.31482660	25.02696040	1116467200	245276672	4
29.5814	29.5647	74.8636	8.22354565	6.48652591	27.17936051	1116467200	245448704	4
31.0479	31.0646	70.2248	9.02986917	6.10339578	25.26621259	1116467200	245682176	4
31.3651	31.3484	66.9920	8.57716004	6.87080523	33.09007817	1116467200	245944320	4
31.6312	31.6146	67.0801	8.82371981	8.31744173	30.62025944	1116467200	246353920	4
31.5484	31.5651	69.1785	8.83669365	6.91909058	28.76699607	1116467200	246472704	4
32.7445	32.7112	65.9063	8.70537225	6.32449290	25.36552927	1116467200	246939648	4
32.6478	32.5645	70.1238	9.14895799	5.76770217	31.17229064	1116467200	247316480	4
32.8314	32.8314	75.2978	9.78102910	6.89000462	33.36022118	1116467200	247877632	4
34.4477	34.4144	66.4644	9.91485381	6.70974854	31.56067411	1116467200	248111104	4
34.2983	34.3316	72.0417	9.90629347	8.21747829	30.45451868	1116467200	248250368	4
34.6144	34.5810	64.5759	9.46951279	7.31272470	31.00144527	1116467200	248750080	4
35.4482	35.4816	68.5768	9.37968427	7.19996424	30.78281985	1116467200	249524224	4
35.6476	35.6143	74.6079	8.62529949	6.93113935	31.71282623	1116467200	249421824	4
35.9982	35.9982	69.6463	9.43930501	8.10922536	33.60243145	1116467200	250109952	4
35.5476	35.5310	69.2716	10.16863058	7.29282095	32.58821207	1116467200	250552320	4
36.9642	36.9975	73.7509	9.74138440	7.34573576	34.86051128	1116467200	250908672	5
37.1648	37.2148	85.4940	8.75908776	6.90908263	40.33237051	1116467200	250728448	5
39.3314	39.2814	64.9571	8.85549396	8.04769123	31.11866848	1116467200	251703296	5
39.4814	39.4480	61.8737	9.31357258	6.94389172	32.15077612	1116467200	252215296	5
40.6966	40.7133	61.7266	8.80149968	10.58422569	34.62306683	1116467200	252862464	5
41.8132	41.7799	61.3901	9.12348349	8.64794312	30.55326251	1116467200	253153280	5
42.1805	42.2305	62.0939	9.89826301	8.62423838	36.11209600	1116467200	253435904	5
42.0646	41.9979	67.6302	9.51279780	9.59795010	30.75453284	1116467200	254087168	5
43.3790	43.3457	70.2649	9.50515066	9.83800810	32.39650361	1116467200	254521344	5
44.0645	44.0811	61.6223	10.63787234	9.91306035	28.81514148	1116467200	255053824	5
44.6804	44.6137	66.5174	10.19953337	8.30410260	32.20103723	1116467200	255213568	6
43.8971	43.8804	92.7015	7.35305321	8.39721734	34.18959698	1116479488	256114688	7
46.6294	46.6461	70.6474	9.59431820	9.08106667	31.49444861	1116479488	255852544	6
47.9143	47.9643	61.6612	9.62926362	10.47874596	38.15926458	1116479488	256606208	6
48.2476	48.2643	65.1889	8.61935554	10.00697185	40.11067244	1116479488	257028096	6
50.5641	50.5808	67.4547	8.89902424	10.60126760	39.69004406	1116479488	257941504	6
51.3957	51.3791	64.6679	9.86572245	11.30905662	40.06055779	1116479488	258478080	6
52.5974	52.7140	65.6627	10.67016562	10.97443526	38.75252454	1116479488	258990080	6
52.5798	52.5798	78.7873	8.64044232	9.87665955	38.90688862	1116487680	260423680	7
54.0306	54.0806	71.7618	10.00525914	11.82612784	30.82767530	1116487680	260579328	7
55.8639	55.9305	77.2753	7.92181611	9.93277337	32.33790559	1116647424	261619712	8
56.7962	56.7795	75.1517	8.32442243	11.38523980	34.46012180	1116647424	262012928	8
58.5471	58.5804	66.3821	8.07971127	12.35136874	37.25435678	1116647424	262959104	8
60.1627	60.0960	65.6625	8.21628488	10.11247841	34.59578514	1116647424	263442432	8
