1.000000000000000000e+00 1.000000000000000000e+00 2.880825286912939376e+01 9.451586709871584446e+00 1.000000000000000000e+00 1.648375784120520215e+00 1.000000000000000000e+00 1.006539941536886307e+00 1.000000000000000000e+00
1.169377817252107654e+00 1.000000000000000000e+00 1.696936650540106939e+01 1.000000000000000000e+00 2.445755143485328631e+00 4.286030171482086537e+00 4.317168449863149959e+01 1.000000000000000000e+00 1.169232939426387841e+00
2.185898851023195366e+00 1.000000000000000000e+00 1.691535511924977442e+01 6.121300315853937235e+01 4.765065370815862345e+00 7.889451859638572095e+00 4.319631749191341186e+01 1.240342851480570108e+00 2.184884488872075536e+00
2.863537185160846654e+00 1.000000000000000000e+00 2.218218853643042010e+01 2.007949388435982740e+01 5.419880828179139520e+00 5.302644461560124256e+00 4.319631749191341186e+01 1.261597661475450494e+00 2.840741476926627929e+00
2.863537185160846654e+00 1.000000000000000000e+00 1.735383321621683450e+01 3.777574614860735380e+01 1.935110049811899602e+00 2.748832072739409771e+00 4.319631749191341186e+01 1.206008158411917330e+00 2.861943203021307003e+00
3.922370906962655557e+00 1.000000000000000000e+00 1.934068222495269040e+01 3.725222205789680174e+01 1.583466439388514502e+01 7.509843296400580570e+00 4.399278427469519670e+01 1.300837310696767890e+00 3.877594752466994699e+00
4.197593976856178521e+00 1.000000000000000000e+00 2.863738372085181183e+01 4.955980530412174545e+01 4.460703013576832632e+00 9.493881862083332734e+00 4.396404578253297046e+01 1.441446053739822597e+00 4.237135400970768018e+00
4.324786171206785212e+00 1.000000000000000000e+00 2.764775358868775612e+01 7.144969914512113007e+01 2.679881638638746733e+00 8.361195074259178739e+00 4.396404578253297046e+01 1.444716024508265750e+00 4.321942305349482538e+00
4.536222546231170938e+00 1.000000000000000000e+00 2.315000937381562451e+01 3.216285559283319628e+01 5.073728222617083894e+00 6.651303251989417298e+00 4.396404578253297046e+01 1.469240805271589068e+00 4.511996101539507364e+00
4.494036923329671751e+00 1.000000000000000000e+00 2.197121699101866810e+01 3.737642656693380161e+01 8.720517979178026735e+00 1.296791293172518955e+01 4.473177407315252196e+01 1.544450132945781373e+00 4.512250014426868461e+00
5.401536076228810046e+00 1.000000000000000000e+00 2.732875927097340352e+01 6.336441757711610023e+01 1.373023045632362127e+01 9.089298500786304302e+00 4.473177407315252196e+01 1.475780746808475596e+00 5.418972935194505958e+00
5.870279337926502805e+00 1.000000000000000000e+00 2.733305436678189437e+01 5.304462264410116035e+01 4.301652802194022129e+00 1.010652549492534469e+01 4.565140582234386812e+01 1.559165001403775452e+00 5.823710077648612149e+00
6.082351038596995885e+00 1.000000000000000000e+00 3.064094577079064763e+01 7.222517765734238537e+01 7.013366691379616213e+00 1.450446386433199386e+01 4.549950236377208057e+01 1.662169080609734007e+00 6.078003834341076939e+00
8.242458235360558660e+00 1.200000000000000000e+01 3.963342985890721337e+01 4.112727332893840781e+01 6.487296828703261298e+00 9.923373304039394327e+00 4.876337397362527781e+01 1.768443130584135714e+00 8.172785155072809005e+00
8.856564004887516717e+00 1.200000000000000000e+01 3.966696721322530550e+01 6.892217938268260014e+01 4.178650578230352686e+00 8.209796706248418730e+00 4.965016173177407666e+01 1.802777823652788491e+00 8.849843869222038251e+00
1.052924936595784366e+01 1.200000000000000000e+01 3.251193846460945736e+01 5.336194245989985774e+01 1.631205219643263504e+01 2.453272891359902630e+01 4.947773077880069792e+01 1.925401727469405966e+00 1.049989676774024083e+01
1.252010581059851546e+01 1.200000000000000000e+01 1.026149506289897673e+01 6.051321574687871419e+01 3.006724667515885940e+01 3.029231507587165240e+01 4.947773077880069792e+01 2.177189476639527221e+00 1.253132682307529677e+01
1.330333526711913983e+01 1.200000000000000000e+01 1.403085334092230241e+01 5.429318906611059248e+01 1.544850995842152308e+01 2.369274688039802257e+01 4.947773077880069792e+01 2.020230879754256748e+00 1.333508806801787827e+01
1.429889055456870040e+01 1.200000000000000000e+01 9.367469757643032580e+00 4.196471205361775958e+01 2.522828734365556258e+01 3.215079657027158078e+01 5.022082607613834426e+01 2.118330002807550905e+00 1.424523881276489234e+01
1.224450154531733226e+01 1.000000000000000000e+00 3.527557669197372547e+01 1.000000000000000000e+02 1.846943256406476408e+01 2.214734274374026768e+01 5.027009206270216879e+01 2.211524169708179777e+00 1.219260703133515911e+01
1.038121849041492872e+01 1.200000000000000000e+01 7.800906495177541444e+01 7.847192206224751487e+01 2.663984745413949540e+01 1.778467779751314382e+01 5.043841751679522645e+01 2.317798219682581706e+00 1.037319423694689036e+01
9.195192574262510021e+00 2.300000000000000000e+01 1.000000000000000000e+02 2.893226805467266516e+01 5.668306125095112336e+00 2.048022648457174100e+01 8.163610350833540963e+01 2.254033789697940549e+00 9.145779339441775235e+00
1.631058568040167955e+01 1.200000000000000000e+01 1.918641484596595248e+01 6.258353745226488485e+01 2.292500512764573628e+01 3.026976970697389291e+01 8.163610350833540963e+01 2.160839622797311677e+00 1.627641495521258719e+01
1.777183466644762078e+01 1.200000000000000000e+01 1.022014642034886656e+01 6.542451020030621578e+01 1.887452068442887665e+01 3.108375334125614486e+01 8.163610350833540963e+01 2.342323000445905024e+00 1.771508537500240266e+01
1.753854308919715521e+01 1.200000000000000000e+01 1.141732092303085899e+01 7.314669725312900539e+01 1.389705811536837921e+01 3.311419144960644445e+01 8.163610350833540963e+01 2.523806378094498815e+00 1.748212030084830104e+01
1.758123697261554241e+01 1.200000000000000000e+01 1.269162911520621506e+01 5.976036043186154245e+01 3.267749455170054773e+01 2.756638801465155808e+01 8.163610350833540963e+01 2.538521246552492894e+00 1.754585243557601615e+01
1.838555924058691460e+01 1.200000000000000000e+01 1.206723790744065283e+01 8.249863140315079590e+01 1.522623527979589930e+01 3.106094150732915082e+01 8.228887783030604908e+01 2.945632607223662713e+00 1.830721022832923950e+01
1.815264885872411682e+01 2.300000000000000000e+01 2.067409805685522173e+01 5.358804046522593723e+01 1.641888945736552330e+01 2.887972869521940567e+01 8.304839512316496553e+01 2.873693250317913783e+00 1.809570079315717450e+01
1.978352979228060349e+01 2.300000000000000000e+01 9.019099655124508175e+00 5.414277347918171301e+01 2.400312017531952691e+01 2.981764743973698373e+01 8.333988554366757739e+01 3.081336394114052357e+00 1.970398502170441901e+01
2.018556386113707291e+01 2.300000000000000000e+01 6.497967433071629273e+00 5.117342551618834534e+01 1.706568929983036398e+01 2.478473373713263328e+01 8.405013684996266932e+01 3.120576043335370198e+00 2.008447348341551475e+01
1.921186377591358863e+01 1.200000000000000000e+01 1.752746190791541281e+01 8.799090682428123955e+01 2.271126823393145244e+01 3.545833813806802226e+01 8.405013684996266932e+01 3.190880414856897218e+00 1.921736097307625712e+01
1.980474966886057331e+01 1.200000000000000000e+01 2.208994412126884654e+01 7.471170033754133044e+01 3.705095252354841762e+01 3.979108321755764877e+01 8.406245334660363255e+01 3.437763207874353633e+00 1.978866496963945565e+01
2.135062403096795336e+01 2.300000000000000000e+01 1.641525463734123136e+01 6.845393303930651996e+01 1.623231239618438337e+01 3.002287786738319042e+01 8.406245334660363255e+01 3.573466994764743720e+00 2.131201533736430775e+01
2.209065134355330784e+01 2.300000000000000000e+01 1.786597331901859320e+01 7.792105634527058555e+01 3.501591414833760751e+01 4.006618292744958154e+01 8.406245334660363255e+01 3.663391190896929661e+00 2.203020793926608789e+01
2.431530762596133499e+01 3.400000000000000000e+01 5.250230973514585564e+00 5.279068924947377894e+01 3.853480354864272783e+01 2.614194318622564595e+01 8.545832296591191835e+01 3.647041337054714116e+00 2.433776825960669044e+01
2.497185314864823624e+01 3.400000000000000000e+01 1.035841289837030388e+01 5.789147499997262258e+01 2.336943556775165121e+01 3.954042114606265557e+01 8.545832296591191835e+01 3.696090898581361195e+00 2.495134875191556745e+01
2.605127142138390894e+01 3.400000000000000000e+01 5.204765270215409245e+00 3.966600697344161119e+01 2.697453490424176792e+01 3.691550812703952289e+01 8.545832296591191835e+01 3.910273983914386520e+00 2.602984374098320686e+01
2.607249129796387876e+01 2.300000000000000000e+01 6.494740547619656468e+00 5.252853972756786050e+01 5.816739370055359615e+01 3.205403052129426555e+01 8.545832296591191835e+01 3.934798764677709837e+00 2.607224719317256501e+01
2.768189822468195160e+01 2.300000000000000000e+01 5.820276979392441596e+00 7.774351973371109636e+01 2.447437284090667120e+01 3.700735191041886907e+01 8.545832296591191835e+01 4.292860563822232578e+00 2.768027750883245020e+01
2.708939352712263471e+01 3.400000000000000000e+01 1.022686724384194257e+01 7.702877603527210226e+01 2.464456885722596624e+01 2.483229410371357915e+01 8.545832296591191835e+01 4.225826163069148045e+00 2.700359966401425993e+01
2.965178892300110292e+01 3.400000000000000000e+01 5.791413045384103953e+00 4.125323322204526022e+01 3.319762504955316018e+01 4.001876574214659854e+01 8.641900970390645398e+01 4.590427903750557093e+00 2.964848325521451144e+01
3.066830995677219107e+01 3.400000000000000000e+01 7.002541045848073686e+00 7.680547592712055405e+01 2.881094763076960064e+01 4.233869500744415859e+01 8.678850460313510951e+01 4.856930521378671983e+00 3.049477490879012720e+01
2.986297116776704641e+01 4.500000000000000000e+01 1.437319250580299546e+01 3.455176312281297868e+01 4.070354702384369006e+01 4.384386389933560935e+01 8.680082109977607274e+01 5.012254132879721880e+00 2.981720836886617576e+01
3.153654598474192028e+01 3.400000000000000000e+01 7.367535172039861635e+00 5.841966785403652551e+01 3.090596508393472419e+01 4.415489192216697489e+01 8.680082109977607274e+01 4.801341018315138598e+00 3.146802300604645808e+01
3.405586630181433350e+01 3.400000000000000000e+01 3.089352694196460192e+00 6.167518925850249900e+01 2.900256815508921449e+01 2.864071155007264480e+01 8.680082109977607274e+01 5.213357335138973703e+00 3.400651709744227702e+01
3.420478663326179714e+01 3.400000000000000000e+01 5.560434810170115760e+00 6.577633592088552916e+01 3.426780433383208191e+01 3.563356167947926423e+01 8.680082109977607274e+01 5.373585902792687108e+00 3.419745958873806302e+01
3.547467553470033153e+01 3.400000000000000000e+01 4.621767213764806037e+00 6.564125676879285720e+01 3.545494520623354617e+01 4.542065768999527364e+01 8.680082109977607274e+01 5.360506019718914494e+00 3.542411274758109840e+01
3.587772612459056631e+01 3.400000000000000000e+01 4.567310739964959510e+00 6.379157152116837892e+01 3.976343684933966927e+01 4.104203943281613221e+01 8.680082109977607274e+01 5.587768988125711545e+00 3.591137157842766214e+01
3.678827484059102204e+01 3.400000000000000000e+01 4.272328900889769798e+00 6.834699483265302433e+01 3.331429664187469797e+01 4.146585730284094495e+01 8.680082109977607274e+01 5.672788228105233088e+00 3.673646150590860060e+01
3.886286720538858930e+01 3.400000000000000000e+01 5.703997831209274061e+00 7.007959849278284992e+01 2.651345179098356297e+01 4.230646176819132620e+01 8.680082109977607274e+01 6.284272761804099439e+00 3.883048108797824938e+01
4.062119446355413288e+01 4.500000000000000000e+01 7.946549694035960343e+00 6.892036527731403339e+01 5.068473698066807032e+01 5.675105171523198067e+01 8.680082109977607274e+01 6.433056431768261696e+00 4.069305907321795956e+01
3.958281822755696311e+01 4.500000000000000000e+01 1.028564106783270660e+01 5.205688512159422743e+01 3.646121010405919804e+01 6.333286600231591024e+01 8.680082109977607274e+01 6.688114151706825439e+00 3.950753980212747507e+01
4.328943511207401684e+01 4.500000000000000000e+01 4.337244934430495746e+00 6.487615558904170143e+01 4.232551701153884949e+01 5.285018539471911936e+01 8.680082109977607274e+01 6.746973625538801755e+00 4.327446444257785885e+01
4.508943973262417160e+01 4.500000000000000000e+01 2.466719582642660669e+00 6.019415716448423836e+01 3.912178729012752854e+01 5.744470549825172867e+01 8.680082109977607274e+01 6.926822017803174525e+00 4.511520591950448278e+01
4.553340529412368909e+01 4.500000000000000000e+01 3.197820554147608796e+00 7.308750254310676553e+01 4.948596869721512803e+01 5.851319401960964939e+01 8.680082109977607274e+01 7.278343875410810959e+00 4.553759000763021447e+01
4.739516356747544279e+01 4.500000000000000000e+01 3.190276318504721154e+00 6.769387965068742119e+01 4.213253340707078110e+01 5.862747005757378815e+01 8.680082109977607274e+01 7.420587603838087354e+00 4.735547932469431487e+01
4.957712596646508274e+01 4.500000000000000000e+01 3.082453835643966578e+00 6.546733921902412590e+01 4.228083573925169247e+01 5.838569831869386206e+01 8.680082109977607274e+01 7.610245908407788029e+00 4.953557537557948365e+01
5.052998737049625078e+01 4.500000000000000000e+01 2.234139031893900285e+00 7.032283144776224049e+01 4.298252397371824429e+01 6.421096811067229737e+01 8.680082109977607274e+01 7.709980016845303652e+00 5.042414352490077079e+01
5.127293718105369891e+01 4.500000000000000000e+01 3.659242919397324378e+00 6.464845679816831137e+01 4.734968616225217630e+01 6.853739703110048254e+01 8.680082109977607274e+01 8.038612079073839567e+00 5.116645785110189593e+01
5.156849067162263367e+01 4.500000000000000000e+01 4.451899512696460448e+00 8.433893879401925631e+01 4.662597117630497223e+01 7.223900212680315747e+01 8.680082109977607274e+01 8.296939769780845353e+00 5.156764021313293966e+01
5.309416167818383059e+01 5.600000000000000000e+01 4.124381766512413172e+00 7.568919925547946548e+01 4.757440299839831965e+01 6.035951825393363634e+01 8.717442149788504935e+01 8.339449389770607013e+00 5.311308100205823735e+01
5.220470577363412445e+01 6.700000000000000000e+01 1.115583192950890457e+01 5.163095209510112227e+01 4.675534465129965156e+01 6.865760920743392148e+01 8.859492411047524740e+01 8.627206817393602734e+00 5.218210940054757430e+01
5.529556504194432875e+01 5.600000000000000000e+01 6.093182471099648723e+00 6.373250190898443179e+01 5.229225662076588321e+01 6.652904057997251641e+01 8.836912167205773017e+01 8.483328103582104873e+00 5.520671971479683293e+01
5.762492299083078962e+01 5.600000000000000000e+01 2.457639794612280326e+00 7.007081064971194451e+01 5.020781186181532263e+01 7.228671790373346084e+01 8.837322717093803703e+01 8.655001568925369426e+00 5.757648869254099822e+01
6.283535567968294089e+01 5.600000000000000000e+01 3.382487419530176176e+00 7.134406447661403661e+01 5.060372804648089584e+01 7.446154945766488709e+01 8.837322717093803703e+01 9.544433617941900039e+00 6.276126289601754848e+01
6.480473811748521484e+01 5.600000000000000000e+01 3.037633509435182955e+00 7.747910584757529762e+01 4.597086777630651966e+01 7.452275049826575071e+01 8.837322717093803703e+01 1.024257237700450851e+01 6.491939548214595845e+01
6.482481440790218130e+01 6.700000000000000000e+01 4.967110720273200997e+00 5.771761775856474230e+01 7.837484498149557055e+01 7.610418668348955862e+01 8.894389151530231175e+01 1.060063417614903081e+01 6.449510704736502475e+01
6.679419684570443394e+01 6.700000000000000000e+01 6.505289124890243357e+00 6.533374042247022828e+01 6.887298639838788006e+01 6.968844046422243821e+01 8.894799701418263282e+01 1.085078693993493104e+01 6.671671785533376919e+01
7.452217093981991525e+01 6.700000000000000000e+01 2.486971070651594395e+00 7.263082541585868057e+01 6.022879783253935670e+01 7.605167907825961038e+01 8.968288131375963701e+01 1.166500966127727068e+01 7.437460358171058772e+01
7.742586327278702640e+01 6.700000000000000000e+01 2.950040260200935904e+00 7.772910519525788686e+01 7.883858239424658620e+01 8.824526023181479673e+01 8.968288131375963701e+01 1.205740615349044553e+01 7.736049218063722321e+01
8.174595060118492995e+01 7.800000000000000000e+01 7.045469749550528071e+00 7.096038623241841492e+01 7.148178845774717161e+01 8.402321883027698846e+01 9.265115700422990130e+01 1.233208369803966775e+01 8.165568258324303486e+01
8.521736993151317563e+01 7.800000000000000000e+01 5.800537342179337585e+00 7.980375874004330683e+01 9.854534576990788253e+01 7.798226065820176700e+01 9.265115700422990130e+01 1.269668543872107769e+01 8.516653607678939863e+01
9.798652596235793055e+01 8.900000000000000000e+01 5.041685155787418715e+00 7.540861031220785549e+01 9.412593084389968112e+01 9.455638240540025663e+01 9.773787011694450655e+01 1.347984343776320770e+01 9.794597169768977096e+01
9.798830487416702795e+01 1.000000000000000000e+02 1.396460204443592978e+01 6.365239980263133646e+01 9.184464968705211163e+01 8.917821437791884875e+01 9.846864891764120387e+01 1.441505507753794291e+01 9.794762213145762075e+01
9.911054409545030808e+01 1.000000000000000000e+02 2.295461589610305353e+01 6.525399923271628211e+01 9.634799470280748324e+01 8.425840384418967233e+01 9.846864891764120387e+01 1.477965681821935284e+01 9.909010316814034525e+01
9.794421327432719693e+01 1.000000000000000000e+02 2.909106156101679375e+01 6.382836102163759051e+01 9.827331761153500622e+01 9.965207394484194481e+01 9.847275441652152494e+01 1.975164737163713369e+01 9.788249347584941518e+01
9.777648730375496200e+01 1.000000000000000000e+02 2.672902591893739555e+01 6.527317355720369108e+01 7.328486209946161978e+01 8.269351313281686089e+01 9.847275441652152494e+01 2.019309342537695429e+01 9.756675280041550025e+01
9.832706050867123793e+01 1.000000000000000000e+02 2.694440383206977785e+01 6.893678586229667360e+01 9.955030485426449616e+01 7.327637459434582468e+01 9.862465787509330539e+01 2.043343627685752395e+01 9.832849146249974126e+01
9.805183743877771008e+01 1.000000000000000000e+02 2.994342666236864758e+01 6.556163759610957698e+01 9.133618283585335007e+01 9.999176744430906183e+01 9.862465787509330539e+01 2.075225842678073107e+01 9.784186741387159714e+01
9.921473750141184667e+01 1.000000000000000000e+02 2.795346204009295121e+01 5.871775882509589906e+01 9.720605310135468358e+01 9.189026824725640097e+01 9.862876337397362647e+01 2.174632954038743904e+01 9.906725100827782171e+01
9.883532102555679444e+01 1.000000000000000000e+02 2.984388280977088570e+01 6.182858460125445532e+01 9.649088661007571943e+01 8.778266491428125562e+01 9.862876337397362647e+01 2.208477151492130730e+01 9.898434845055429321e+01
9.977801721925024481e+01 1.000000000000000000e+02 2.398797588973694772e+01 6.088171850300917498e+01 7.784525893360478221e+01 8.492992903977629737e+01 9.862876337397362647e+01 2.289899423626364339e+01 9.996864175841085398e+01
9.499261738764363372e+01 1.000000000000000000e+02 2.233848106421805468e+01 5.956847164405479589e+01 8.612341292383129598e+01 7.788320069288583625e+01 9.862876337397362647e+01 2.313933708774421660e+01 9.518733513295160265e+01
9.760710948650287833e+01 1.000000000000000000e+02 1.298710055069480696e+01 6.161253307262312973e+01 7.640756435270232316e+01 8.249082375908882625e+01 9.862876337397362647e+01 2.377044144605374143e+01 9.756675280041550025e+01
9.055372416342373754e+01 1.000000000000000000e+02 8.042288047238635329e+00 5.899396467619713746e+01 8.298359209526736890e+01 7.617852248234640911e+01 9.862876337397362647e+01 2.447512014665323576e+01 9.041364589411318775e+01
8.947532241172181955e+01 1.000000000000000000e+02 5.202272779383540602e+00 5.426614982185784442e+01 6.795001699559443864e+01 9.236320636168409237e+01 9.862876337397362647e+01 2.485934171194530151e+01 8.929389006084932134e+01
8.668001663398055712e+01 1.000000000000000000e+02 3.403673591601059645e+00 4.949784107733005811e+01 7.576850977313773683e+01 7.655575130507109805e+01 9.862876337397362647e+01 2.502447523575168020e+01 8.660672997390338423e+01
8.017885636249756942e+01 8.900000000000000000e+01 2.024391477515655069e+00 5.315926062270212071e+01 6.559839520971289062e+01 8.443574768590495694e+01 9.862876337397362647e+01 2.188530329804627428e+01 8.015340698516918394e+01
7.640807158772372532e+01 8.900000000000000000e+01 2.154980193599638660e+00 5.318385196365777290e+01 6.059574495713716402e+01 8.461809196732718874e+01 9.862876337397362647e+01 2.222047530181169606e+01 7.636477279284940778e+01
8.100338198601514250e+01 7.800000000000000000e+01 2.860911458579198374e+00 6.434419691661855722e+01 7.963803872322101540e+01 8.771477966554408567e+01 9.862876337397362647e+01 2.255564730557711428e+01 8.089254740027827495e+01
8.251672767504184947e+01 7.800000000000000000e+01 3.151130859814923024e+00 7.631494881853357981e+01 7.526727589221870574e+01 9.060357761880095495e+01 9.862876337397362647e+01 2.299709335931693843e+01 8.240472560095922461e+01
8.352333762873367107e+01 8.900000000000000000e+01 6.123604211877905712e+00 5.899394880557587584e+01 7.660903402449915234e+01 8.988900511727410958e+01 9.863286887285394755e+01 2.342055457383032291e+01 8.338927282170311628e+01
8.498585726607181812e+01 8.900000000000000000e+01 6.516638859928217897e+00 6.391384177489809559e+01 7.294269990493017986e+01 9.578871471957971551e+01 9.863697437173425442e+01 2.689326352991692914e+01 8.499869965824350970e+01
9.229172100091383868e+01 8.900000000000000000e+01 3.165907769746716838e+00 6.650156785943035231e+01 8.727324854994193970e+01 8.869655796540672554e+01 9.863697437173425442e+01 2.739847401364139756e+01 9.212908136112694990e+01
9.953240032446529995e+01 8.900000000000000000e+01 6.273309442467024155e+00 7.768794548582853565e+01 1.000000000000000000e+02 8.576574592482022297e+01 9.865750186613585981e+01 2.840889498109032019e+01 9.940584384357427439e+01
9.430189134519616800e+01 1.000000000000000000e+02 1.639397944774064086e+01 5.962746171641916959e+01 8.496015419893083731e+01 8.739395016152599283e+01 9.871087335158000542e+01 2.904653928093672732e+01 9.403165062612607983e+01
9.877013661426620672e+01 1.000000000000000000e+02 1.694684507038454058e+01 5.430948642038682550e+01 7.423704222549032750e+01 8.893128581433482793e+01 9.881351082358796134e+01 2.979209261614176540e+01 9.853835046390396712e+01
9.273492417163804191e+01 1.000000000000000000e+02 2.058988747374994333e+01 5.975854847369467393e+01 9.052886127250492621e+01 9.382283089998455239e+01 9.881351082358796134e+01 3.008475499991742197e+01 9.274101141966798423e+01
9.694891211713610346e+01 1.000000000000000000e+02 4.748951009337398332e+00 5.833817846867060553e+01 7.964235431132661347e+01 8.763916156120150447e+01 9.881351082358796134e+01 3.080414856897491305e+01 9.690924537859309851e+01
8.894584201825631453e+01 1.000000000000000000e+02 4.209482524914792023e+00 5.302645274322741642e+01 7.126472737756921561e+01 8.339413767042465508e+01 9.881351082358796134e+01 3.153825700649039732e+01 8.889181900371251288e+01
8.650911403517778808e+01 1.000000000000000000e+02 3.730056364281309378e+00 5.463260890875080378e+01 7.025585817761331953e+01 8.325305249208255987e+01 9.881351082358796134e+01 3.181456953642383922e+01 8.649945177899319049e+01
8.051634134570957713e+01 1.000000000000000000e+02 3.189475160737334836e+00 4.169464169134562326e+01 7.457179448904372521e+01 7.429924799900493326e+01 9.881351082358796134e+01 3.199441792868821466e+01 8.040592335165011662e+01
7.666220184616649647e+01 8.900000000000000000e+01 5.389031556714280136e+00 4.663668836755194747e+01 6.620311675023759790e+01 7.726729031647874990e+01 9.882172182134858929e+01 2.853315387029116224e+01 7.657640918446514888e+01
7.422699864463862696e+01 7.800000000000000000e+01 5.024237719964339099e+00 5.830633724120240657e+01 6.550616500287218003e+01 6.662358323665448268e+01 9.882582732022892458e+01 2.869338243794487298e+01 7.414316198488063492e+01
7.280946006304485252e+01 7.800000000000000000e+01 3.119796689357143826e+00 5.562978609008016662e+01 5.474932872631543290e+01 6.784503035324712528e+01 9.882582732022892458e+01 2.891901042096744945e+01 7.272683589917862435e+01
6.359761938988204122e+01 5.600000000000000000e+01 5.587095560318140919e+00 7.180102615476594963e+01 5.876646126630520683e+01 8.565448815040215891e+01 9.882582732022892458e+01 2.958771944311407154e+01 6.356527805384749286e+01
6.450715158484871381e+01 5.600000000000000000e+01 4.303507290670557595e+00 6.917677831648106235e+01 6.161344238173315802e+01 7.682231994120311924e+01 9.882582732022892458e+01 2.980517249921554068e+01 6.449510704736502475e+01
6.444476260640101373e+01 5.600000000000000000e+01 3.223613383380966368e+00 7.103682689308631382e+01 6.060713930612123335e+01 6.976396720912642024e+01 9.882582732022892458e+01 3.043300688675662258e+01 6.439049493777210387e+01
6.270829055046155531e+01 5.600000000000000000e+01 4.154247147729986267e+00 6.468980060680448219e+01 5.089570132363581934e+01 7.339494706368607524e+01 9.882582732022892458e+01 3.078125877359581253e+01 6.254962650440180028e+01
6.311057874957646163e+01 5.600000000000000000e+01 3.159787814579182896e+00 6.797224381292575401e+01 6.034123945931958843e+01 7.264409156937033174e+01 9.882582732022892458e+01 3.118837013426698235e+01 6.312093050096499525e+01
6.300473349693504588e+01 5.600000000000000000e+01 2.947792567575768352e+00 6.233163484366479423e+01 6.013495910899683139e+01 5.625536155140525807e+01 9.882582732022892458e+01 3.110662086505590551e+01 6.295169756153861584e+01
6.306712247538274596e+01 5.600000000000000000e+01 3.150351956429965128e+00 6.366131554423841976e+01 5.398681595349961526e+01 6.363374146846895485e+01 9.882582732022892458e+01 3.154316196264306171e+01 6.301403317538584048e+01
6.262353810927088915e+01 5.600000000000000000e+01 3.147614667391394061e+00 6.425348950098853607e+01 5.115255747436697931e+01 6.216540856245779167e+01 9.882582732022892458e+01 3.217099635018414006e+01 6.259202995659116198e+01
6.037880553644587422e+01 5.600000000000000000e+01 3.805253922503495811e+00 6.522448482504049139e+01 5.253621517217825243e+01 6.150683299721485753e+01 9.882582732022892458e+01 3.223476078016878432e+01 6.034921742252771537e+01
6.130955760799253085e+01 5.600000000000000000e+01 2.798398898340632268e+00 6.825794234939580463e+01 5.374345709298304996e+01 5.329037830395787978e+01 9.882582732022892458e+01 3.249962841241267597e+01 6.130024814213992101e+01
6.010256594551859166e+01 5.600000000000000000e+01 2.301658828178632987e+00 6.259142169684555768e+01 5.977744389528464097e+01 6.410196543218728493e+01 9.882582732022892458e+01 3.264023715545573623e+01 5.992505594419046133e+01
5.925542272899961205e+01 5.600000000000000000e+01 2.722244401674068115e+00 5.700609953050883405e+01 5.750865164677340857e+01 6.402636292220941527e+01 9.882582732022892458e+01 3.289038991924162758e+01 5.922679550394656189e+01
5.906596862133052639e+01 5.600000000000000000e+01 2.433916622944671371e+00 6.525376929542095183e+01 5.912453438621395918e+01 5.540943823075226504e+01 9.882582732022892458e+01 3.302118874997935905e+01 5.914313120756095543e+01
5.730726016777732212e+01 5.600000000000000000e+01 2.403672917225835093e+00 5.860561841550094897e+01 5.573727389131527588e+01 6.541392750103348419e+01 9.882582732022892458e+01 3.324027679146504255e+01 5.721682108759353014e+01
5.747765450606320314e+01 5.600000000000000000e+01 3.372317166760853802e+00 6.341972529191779273e+01 5.012295213187410781e+01 6.180941933803972432e+01 9.882582732022892458e+01 3.341522022757675359e+01 5.730238973063433150e+01
5.696748801223933611e+01 5.600000000000000000e+01 2.727607707839071693e+00 5.778803757230306815e+01 5.358991613592768033e+01 6.159559990945334107e+01 9.882582732022892458e+01 3.355746395600402820e+01 5.698309427477734346e+01
5.515312503208715356e+01 5.600000000000000000e+01 2.432937430117866562e+00 7.250207070634492368e+01 4.582298884021469831e+01 5.696960565179393399e+01 9.882582732022892458e+01 3.352476424831959889e+01 5.504345372822344729e+01
5.334829193662659463e+01 5.600000000000000000e+01 5.535131577350163035e+00 5.503515302724147062e+01 4.850970016375574545e+01 5.899660823700440915e+01 9.882582732022892458e+01 3.387792109131145679e+01 5.330351566757929760e+01
5.171766513332854487e+01 5.600000000000000000e+01 2.874642412536904335e+00 5.130392916816682458e+01 4.411117237120959089e+01 6.633493757747457664e+01 9.882582732022892458e+01 3.415750359201334163e+01 5.169548535191942307e+01
4.924002217864074993e+01 4.500000000000000000e+01 4.858464825262635678e+00 6.256712769664735418e+01 4.561693966526641475e+01 4.347426884915370948e+01 9.882582732022892458e+01 3.440111641426235423e+01 4.919875993049456042e+01
4.801181063958683382e+01 4.500000000000000000e+01 2.435274140272743360e+00 5.859015118807409550e+01 3.356515860270530283e+01 5.941179458937767777e+01 9.882582732022892458e+01 3.457769483575828673e+01 4.799280067197148725e+01
4.352234549393682528e+01 4.500000000000000000e+01 2.692757344957762200e+00 4.830319630474526349e+01 4.848293087665839352e+01 5.335629561006991395e+01 9.882582732022892458e+01 3.466925401727469591e+01 4.348597387774992029e+01
3.907532010144674928e+01 3.400000000000000000e+01 3.964773335743101423e+00 5.854959222833837629e+01 3.425086538277366088e+01 4.811122677274222781e+01 9.882993281910923145e+01 3.449594556654720634e+01 3.910623048365274457e+01
3.693579745561704897e+01 3.400000000000000000e+01 4.907847299869034785e+00 5.756434760700769004e+01 2.933556351909120963e+01 4.911286657409812761e+01 9.882993281910923145e+01 3.464963419266403122e+01 3.690505966311658881e+01
3.547531086034643977e+01 3.400000000000000000e+01 3.516236257918850860e+00 4.889491552151749687e+01 3.197044894168713114e+01 4.318110849266035700e+01 9.882993281910923145e+01 3.485073739492328571e+01 3.540354580370481585e+01
3.246767925167623048e+01 2.300000000000000000e+01 6.057909274952218759e+00 7.219107215900091035e+01 2.593082225931838991e+01 3.817378082100956505e+01 9.882993281910923145e+01 3.477062311109642678e+01 3.239848678178239538e+01
3.113413072049778663e+01 2.300000000000000000e+01 3.629778117063445997e+00 8.087664317262436953e+01 2.146210394080782180e+01 4.004269579132773060e+01 9.882993281910923145e+01 3.506655546564053338e+01 3.117183362293936000e+01
2.672941801603844425e+01 3.400000000000000000e+01 5.724983713838313726e+00 6.580976140978357591e+01 1.767044197078835666e+01 3.062637233425703087e+01 9.886688230903209273e+01 3.499625109411900326e+01 2.668633551125616066e+01
2.552052037662618034e+01 2.300000000000000000e+01 8.643378916602712181e+00 5.949496013993509536e+01 2.010061904670610033e+01 2.990793285324005524e+01 9.886688230903209273e+01 3.499298112335056032e+01 2.552074840182355331e+01
2.598824711729009707e+01 2.300000000000000000e+01 6.800849577908546273e+00 5.364912153862184852e+01 3.432337609710997128e+01 4.039145971257701717e+01 9.886688230903209273e+01 3.535594787864775412e+01 2.603035156675792905e+01
2.577604835149038820e+01 2.300000000000000000e+01 6.442420494532838049e+00 5.659307137295913037e+01 2.439584551831856274e+01 3.700701129859889704e+01 9.886688230903209273e+01 3.548674670938547848e+01 2.573365435787610878e+01
2.537414134776314256e+01 2.300000000000000000e+01 8.970095505019376247e+00 6.099695116312507537e+01 2.450319024415772518e+01 3.592349297265909058e+01 9.886688230903209273e+01 3.564861026242341069e+01 2.541677107444905204e+01
2.799905278721853108e+01 2.300000000000000000e+01 4.182955301061329401e+00 5.639359726839128939e+01 4.194365951921543711e+01 4.868902930306532539e+01 9.886688230903209273e+01 3.591184290928308087e+01 2.797595906616482253e+01
2.814771898840755071e+01 2.300000000000000000e+01 3.934040033610859854e+00 7.124716247742978226e+01 2.318229899113585191e+01 3.400192543204363460e+01 9.886688230903209273e+01 3.613583590692144298e+01 2.820917805320628702e+01
2.827427585711205538e+01 2.300000000000000000e+01 4.092847306612787506e+00 7.315993643204174646e+01 2.780369715785370488e+01 2.973641175973740758e+01 9.886688230903209273e+01 3.626663473765916024e+01 2.825094672317724687e+01
2.793653674364161077e+01 2.300000000000000000e+01 5.286883941372515494e+00 6.264294958979862571e+01 4.179249967961532519e+01 3.777936603371593094e+01 9.886688230903209273e+01 3.641541840762332782e+01 2.795577299161958962e+01
2.819066700208438192e+01 2.300000000000000000e+01 4.028910465898865922e+00 6.404629359231662988e+01 3.076863953120045636e+01 3.265897726855138927e+01 9.886688230903209273e+01 3.647264289607107912e+01 2.816740938323533783e+01
2.797681638960479233e+01 2.300000000000000000e+01 5.575478772691038643e+00 6.056253500948959356e+01 2.555017546894413272e+01 3.895184916217576188e+01 9.886688230903209273e+01 3.657237700450859563e+01 2.791146519277502236e+01
2.759765404400817346e+01 2.300000000000000000e+01 6.235143176604034387e+00 6.215491248833341587e+01 2.752943249148930605e+01 3.592441912712887842e+01 9.886688230903209273e+01 3.667047612756189068e+01 2.755382889092645726e+01
2.785127604193406015e+01 2.300000000000000000e+01 5.978794945422812646e+00 6.946924361908068590e+01 2.760474000612535050e+01 3.848512428032446309e+01 9.886688230903209273e+01 3.675059041138874960e+01 2.780723395251315821e+01
2.821175981353513151e+01 2.300000000000000000e+01 4.143053193369001796e+00 6.671264432171770409e+01 2.786224911908200141e+01 2.585205452009466498e+01 9.886688230903209273e+01 3.686667437366847366e+01 2.818848415288633191e+01
2.774441426825887547e+01 2.300000000000000000e+01 5.414468315828798062e+00 5.864717769116010260e+01 2.641657787794092727e+01 3.658524651495942948e+01 9.886688230903209273e+01 3.691081897904246034e+01 2.770033662693399990e+01
2.799854452670164662e+01 2.300000000000000000e+01 4.916392982721157878e+00 6.838869489005857361e+01 2.600703510910433280e+01 2.979539494330682459e+01 9.886688230903209273e+01 3.713808194744925828e+01 2.808120595797613461e+01
2.776665066587261776e+01 2.300000000000000000e+01 5.930480681172927149e+00 7.103612018365649305e+01 3.028439520910305660e+01 3.584448745232065647e+01 9.886688230903209273e+01 3.727869069049231143e+01 2.778603222641847736e+01
2.778825173784025537e+01 2.300000000000000000e+01 6.320733531419817197e+00 6.747948184079318423e+01 2.697729358224619389e+01 3.226939421494826377e+01 9.886688230903209273e+01 3.732937523740317687e+01 2.776533832609852581e+01
2.823297969011510489e+01 2.300000000000000000e+01 5.182132563286741878e+00 5.395155956620561710e+01 2.515227009953332882e+01 3.572412584225169496e+01 9.886688230903209273e+01 3.754846327888887458e+01 2.823088760507569006e+01
2.838075643539957937e+01 2.300000000000000000e+01 5.526541385733186651e+00 6.492574259836918316e+01 2.310448456101914516e+01 3.525856875396502232e+01 9.886688230903209273e+01 3.757789301580486097e+01 2.835733622298168299e+01
2.816893886498752764e+01 3.400000000000000000e+01 7.586162225006643389e+00 7.292525298074431817e+01 4.380748883498733903e+01 2.014019202388259799e+01 9.887098780791241381e+01 3.757298805965218946e+01 2.812449810527125393e+01
2.855013425265168081e+01 3.400000000000000000e+01 1.107320140755597038e+01 5.120728670031876106e+01 5.068867911455615882e+01 3.148977088758870124e+01 9.887098780791241381e+01 3.761386269425773321e+01 2.854764393205906714e+01
2.994772360895770547e+01 2.300000000000000000e+01 4.965463895973575958e+00 6.989487837125037117e+01 2.382170122161763715e+01 3.877147385319521078e+01 9.887098780791241381e+01 3.812070816336642309e+01 2.994416481254688733e+01
2.948241110574899082e+01 2.300000000000000000e+01 6.304843902366650710e+00 6.903444890444947646e+01 2.888800061381754603e+01 3.631413734415261985e+01 9.887098780791241381e+01 3.836595597099965005e+01 2.947925031578812138e+01
3.181126079411855656e+01 2.300000000000000000e+01 5.900081194777097693e+00 7.519709796797496892e+01 2.711000816844991945e+01 4.713011682381281275e+01 9.887098780791241381e+01 3.845097521097917337e+01 3.178490628947351837e+01
3.130350853774989517e+01 3.400000000000000000e+01 7.627043525525774470e+00 7.449992314064631671e+01 2.534247915558000841e+01 3.427128385956693535e+01 9.887098780791241381e+01 3.827930174563590526e+01 3.127758834052539072e+01
3.107059815588709384e+01 3.400000000000000000e+01 9.344102656094261050e+00 5.072658602693036300e+01 2.311418832215908736e+01 4.499616865543134026e+01 9.887098780791241381e+01 3.844116529867384457e+01 3.108728063144800657e+01
3.128178040065303733e+01 2.300000000000000000e+01 7.007859843248222198e+00 7.569710795948820703e+01 2.953498135683946302e+01 3.673927459305853915e+01 9.887098780791241381e+01 3.873055771168106531e+01 3.127708051475066853e+01
3.138826097894056133e+01 3.400000000000000000e+01 6.912455305781956660e+00 6.920202632773120399e+01 2.667277374163876402e+01 4.602836285601842548e+01 9.887098780791241381e+01 3.874200260937061557e+01 3.136226828846042380e+01
3.128241572629914558e+01 3.400000000000000000e+01 6.089020901585725731e+00 4.291723164058829099e+01 2.981700249527975544e+01 4.466002662541248469e+01 9.887098780791241381e+01 3.897744050469851373e+01 3.117183362293936000e+01
3.206424746639833501e+01 2.300000000000000000e+01 4.567778081995934158e+00 7.245145023950253460e+01 5.320035572031292759e+01 4.524278823727478738e+01 9.887098780791241381e+01 3.894474079701409153e+01 3.201647484274712951e+01
3.134594829090983481e+01 2.300000000000000000e+01 6.270727934105445378e+00 7.971658757890362779e+01 2.737676862468091699e+01 4.543405084025442164e+01 9.887098780791241381e+01 3.908534954005714468e+01 3.131999179271474887e+01
3.026589469252806097e+01 3.400000000000000000e+01 1.095218207591576665e+01 5.427748872726414930e+01 3.862141451805655379e+01 4.827594144095298390e+01 9.887098780791241381e+01 3.955295535994451228e+01 3.017738379958835182e+01
3.174772822950786022e+01 3.400000000000000000e+01 4.732215713751993569e+00 5.789482808882210207e+01 2.870807753015157004e+01 4.970291921349183184e+01 9.887098780791241381e+01 3.942215652920678792e+01 3.174250283728416022e+01
3.157771508660965054e+01 3.400000000000000000e+01 4.963038168288987251e+00 4.590515187138308306e+01 3.043222398135940310e+01 4.426112047718375209e+01 9.887098780791241381e+01 3.977040841604598143e+01 3.157276207208304797e+01
3.153591065909580848e+01 2.300000000000000000e+01 5.317327936533198240e+00 8.526049171811055771e+01 2.897487000467134877e+01 4.147659017952805982e+01 9.887509330679273489e+01 3.955622533071295521e+01 3.146751518027173589e+01
3.126119584971917575e+01 3.400000000000000000e+01 8.154049555789040227e+00 5.595586452833528313e+01 2.332986246107215678e+01 3.677706996338153544e+01 9.887509330679273489e+01 3.992900199831547070e+01 3.121411011868503493e+01
3.114810788471214309e+01 2.300000000000000000e+01 6.699881444835432909e+00 6.424649503812192108e+01 2.671378589560249139e+01 4.472019163379685835e+01 9.887509330679273489e+01 3.993390695446813510e+01 3.114352233599856135e+01
3.348470854596421020e+01 3.400000000000000000e+01 7.405901727344701868e+00 7.025276377510304826e+01 2.568481975357494562e+01 4.049386636096679126e+01 9.887509330679273489e+01 4.036227312513418042e+01 3.343584788309748035e+01
3.248889912825620740e+01 3.400000000000000000e+01 1.033549088447008124e+01 6.844296139874788309e+01 2.852591644023791773e+01 5.249878690853207530e+01 9.887509330679273489e+01 4.051105679509834800e+01 3.244076327752806321e+01
3.352714829912414984e+01 3.400000000000000000e+01 5.427576147078538860e+00 5.789735170431834632e+01 3.165391375266793972e+01 5.004742796958486650e+01 9.887509330679273489e+01 4.058790110815675689e+01 3.352040087458883022e+01
3.384468405704839711e+01 3.400000000000000000e+01 4.382621620199966372e+00 5.708812076840072081e+01 3.067516122149786639e+01 4.130119793210037216e+01 9.887509330679273489e+01 4.070562005582071663e+01 3.377431376195025337e+01
3.390770836114220543e+01 3.400000000000000000e+01 4.069324424387025019e+00 6.111981227074927148e+01 3.024056150586766734e+01 4.796435733558062964e+01 9.887509330679273489e+01 4.078900431041601848e+01 3.390063542341255953e+01
3.378115149243770787e+01 3.400000000000000000e+01 4.006767355383605178e+00 5.721704809426000082e+01 2.987576698691711030e+01 4.408183752770640496e+01 9.887509330679273489e+01 4.091489818500107845e+01 3.375311203585557251e+01
3.486056976517337347e+01 3.400000000000000000e+01 4.195862842869223286e+00 6.252445523694049712e+01 3.873747637561701396e+01 4.622744220787215852e+01 9.887509330679273489e+01 4.104406203035458134e+01 3.483160702492321548e+01
3.581419355997987708e+01 3.400000000000000000e+01 5.294072106896564378e+00 6.733902908304929724e+01 2.805429659091268846e+01 4.704102037028212635e+01 9.887509330679273489e+01 4.118140080262919156e+01 3.576321340865226972e+01
3.581355823433376884e+01 3.400000000000000000e+01 4.766287173248342057e+00 6.228344360880034003e+01 2.727090955853947563e+01 5.003163422502751700e+01 9.887509330679273489e+01 4.138904394642532480e+01 3.574137690033919057e+01
3.509411547268228304e+01 3.400000000000000000e+01 6.174321949429948830e+00 6.567721166129609855e+01 3.654692012210963981e+01 5.014804178094012599e+01 9.887509330679273489e+01 4.152474773331572067e+01 3.504387819875736199e+01
3.528280718957604023e+01 3.400000000000000000e+01 5.477737525069897195e+00 7.143403708247893746e+01 2.899024682947755593e+01 4.335010445762200959e+01 9.887509330679273489e+01 4.187953956169180003e+01 3.521120679152853938e+01
3.583528637143062667e+01 3.400000000000000000e+01 5.393860757701028241e+00 6.820038165986893830e+01 3.451042033675430787e+01 5.406644069123493068e+01 9.887509330679273489e+01 4.186809466400224977e+01 3.586896812623830044e+01
3.763465566633467319e+01 3.400000000000000000e+01 4.582554991927727528e+00 6.353669466478437755e+01 3.086383833837916058e+01 5.154627342014078550e+01 9.887509330679273489e+01 4.216239203316212780e+01 3.762452182945516910e+01
3.762931893090737390e+01 3.400000000000000000e+01 5.551221495845173770e+00 6.153903249122512875e+01 3.506718924593013753e+01 5.612395433143407075e+01 9.887509330679273489e+01 4.227030106852075164e+01 3.751343494123455713e+01
3.765587554291464301e+01 3.400000000000000000e+01 3.953646144529398665e+00 6.671547218635949150e+01 3.740368075337821097e+01 5.733852201609808930e+01 9.887509330679273489e+01 4.235695529388449643e+01 3.762452182945516910e+01
3.886350253103469754e+01 3.400000000000000000e+01 3.953557126999689419e+00 6.458494247846084590e+01 3.850250414261378751e+01 6.094896870810668332e+01 9.887509330679273489e+01 4.245178444616934144e+01 3.868308465686493491e+01
3.911763278947746869e+01 3.400000000000000000e+01 4.970649167079158381e+00 7.608071880022170319e+01 3.841862349531950827e+01 4.915457048436440601e+01 9.887509330679273489e+01 4.254824858383842212e+01 3.904275226181239589e+01
3.928637528108347254e+01 4.500000000000000000e+01 1.055854655953991283e+01 4.838343433830176821e+01 2.987121034604465919e+01 3.286752887292252723e+01 9.887919880567305597e+01 4.265615761919703885e+01 3.927482864086073278e+01
4.081179215738620769e+01 3.400000000000000000e+01 6.792682219557691248e+00 6.221813189455492932e+01 3.366220287302100900e+01 5.035369088417781569e+01 9.887919880567305597e+01 4.291285032451982318e+01 4.084121724299335199e+01
4.119298754505037152e+01 3.400000000000000000e+01 4.891557091932178025e+00 8.436001423222245421e+01 3.534195055646197403e+01 5.212075720116363442e+01 9.887919880567305597e+01 4.315973311753728581e+01 4.117981007828981177e+01
4.235690412871826283e+01 4.500000000000000000e+01 7.607326142695097992e+00 7.618549197406321127e+01 4.165593435314851689e+01 4.396163167738883004e+01 9.887919880567305597e+01 4.343277567670228478e+01 4.230045460665945001e+01
4.265410946596708897e+01 5.600000000000000000e+01 7.037502680641519959e+00 5.574815179754932615e+01 3.774169699569452519e+01 4.601006549872989382e+01 9.888740980343369813e+01 4.356030453667156621e+01 4.266088395026898183e+01
4.551294780831905484e+01 4.500000000000000000e+01 3.861446238132680620e+00 5.522951371099041751e+01 4.081617970602821543e+01 5.288041676256980139e+01 9.888740980343369813e+01 4.368619841125662617e+01 4.547487352445194375e+01
4.572387592282655078e+01 4.500000000000000000e+01 3.118038593145379345e+00 6.498330020712839428e+01 3.946366947723227270e+01 4.882202255084267506e+01 9.888740980343369813e+01 4.377121765123614239e+01 4.568562122096192013e+01
4.860393414175849358e+01 4.500000000000000000e+01 3.028598230169658567e+00 6.257307880619986662e+01 4.767981025707480569e+01 5.888088056229231881e+01 9.888740980343369813e+01 4.420448877805486632e+01 4.860549246917459243e+01
4.911295704941936435e+01 4.500000000000000000e+01 3.434651691940000973e+00 5.843046529118748822e+01 4.180151868220487898e+01 5.818653853081266902e+01 9.888740980343369813e+01 4.454783570874139542e+01 4.909300521290852259e+01
4.900622234087339280e+01 4.500000000000000000e+01 3.807434851981380763e+00 7.301783611709610966e+01 4.181578330153087819e+01 7.344025707884590304e+01 9.888740980343369813e+01 4.456091559181516004e+01 4.892288357837637136e+01
5.319911747492068343e+01 4.500000000000000000e+01 3.190209555357438109e+00 6.642143289155555408e+01 4.895588844675951634e+01 5.966480627925223956e+01 9.888740980343369813e+01 4.523125959934600360e+01 5.313326707660347381e+01
5.476608464847881663e+01 4.500000000000000000e+01 4.477002456074569814e+00 6.996985865469095245e+01 4.138586413810563158e+01 7.014021347653626037e+01 9.888740980343369813e+01 4.558114647156941857e+01 5.480477561410371834e+01
5.758261030280005599e+01 5.600000000000000000e+01 7.797556603684516752e+00 7.178232486814920321e+01 4.845432905581969152e+01 6.468617669472276077e+01 9.899415277432197513e+01 4.652616802364948967e+01 5.753421219679531617e+01
6.209418478093459015e+01 5.600000000000000000e+01 4.522379141844039552e+00 7.024795114923567496e+01 5.344424629528897697e+01 7.198532892691950735e+01 9.899825827320228200e+01 4.703464847814238681e+01 6.210540590796299654e+01
6.357538299226828826e+01 5.600000000000000000e+01 3.421299062483559972e+00 7.327752681298322557e+01 6.459484681675564843e+01 7.347888202155907322e+01 9.899825827320228200e+01 4.733221581807071487e+01 6.356413544585435460e+01
6.634946889342958798e+01 5.600000000000000000e+01 4.145367649141451949e+00 7.046293365148910937e+01 5.791555393336832935e+01 7.532737484722690624e+01 9.899825827320228200e+01 4.749571435649287565e+01 6.618781731095994303e+01
6.755773120719574365e+01 5.600000000000000000e+01 3.092980158532126378e+00 7.201857792389093049e+01 6.023095876183187869e+01 6.802116441798428070e+01 9.899825827320228200e+01 4.783252134564251179e+01 6.764883206483754918e+01
6.995062172069289375e+01 6.700000000000000000e+01 4.377035770210687460e+00 7.880285877774532821e+01 6.172692396475270016e+01 7.814281707434832924e+01 9.919121672057725903e+01 4.822818780862413490e+01 6.987044287280630783e+01
7.166587390005237523e+01 7.800000000000000000e+01 5.422479893502663018e+00 7.913748961373688928e+01 6.264903775230394700e+01 8.050842819213428925e+01 9.921584971385917129e+01 4.829522220937721499e+01 7.162663135824158189e+01
7.338125314454109116e+01 8.900000000000000000e+01 5.639571394081952960e+00 6.476210687727309789e+01 7.520511518684064356e+01 7.045475881936393137e+01 9.921584971385917129e+01 4.859932949084242892e+01 7.327693816964715268e+01
7.473525916152416926e+01 8.900000000000000000e+01 6.781087686313013840e+00 5.701992386856373685e+01 6.952137050800133977e+01 6.465007246705110333e+01 9.921584971385917129e+01 4.896066126075540126e+01 7.469326425534916325e+01
7.496944019467919418e+01 7.800000000000000000e+01 6.594684979101111288e+00 6.287433316550615103e+01 6.258140142012530305e+01 8.553711262211248822e+01 9.925690470266235366e+01 4.973891430364486155e+01 7.486389371565604733e+01
7.793145542195892972e+01 7.800000000000000000e+01 3.834718724837374637e+00 6.020516175992116814e+01 6.108742873140783303e+01 8.332609609185907118e+01 9.925690470266235366e+01 5.006754636587339746e+01 7.788685359613745618e+01
7.767872287993758107e+01 7.800000000000000000e+01 4.181976108234525924e+00 6.138813938530899605e+01 6.275273117242056031e+01 7.722867313416875845e+01 9.925690470266235366e+01 5.031606414427507445e+01 7.761313550356183555e+01
7.776474597242047082e+01 7.800000000000000000e+01 4.869035656915650989e+00 6.119562697544265006e+01 7.200746733105999908e+01 7.213344056189060893e+01 9.925690470266235366e+01 5.056294693729252998e+01 7.765680852018800806e+01
7.903527019950509214e+01 7.800000000000000000e+01 5.267789681249804623e+00 6.414762134763549284e+01 6.858393788370588595e+01 8.479524143117089352e+01 9.925690470266235366e+01 5.082454459876797870e+01 7.894744772664610366e+01
7.949982031193847831e+01 7.800000000000000000e+01 4.440905847777326443e+00 6.144626217489887665e+01 7.166715071064749054e+01 7.995090477230020554e+01 9.925690470266235366e+01 5.120059123713893712e+01 7.951735520232882948e+01
8.119397967984721731e+01 7.800000000000000000e+01 3.581597379108125256e+00 6.422344016001909495e+01 8.175398908989714641e+01 8.526207466443366911e+01 9.925690470266235366e+01 5.177774107776915002e+01 8.110418379189403026e+01
8.110782952223512154e+01 7.800000000000000000e+01 4.016737318711078863e+00 6.133394158707414334e+01 6.126692520050853830e+01 8.749681960211214005e+01 9.925690470266235366e+01 5.188565011312777386e+01 8.108158554491885184e+01
8.153133759793001900e+01 7.800000000000000000e+01 3.395483978867776198e+00 6.851700624909909720e+01 6.809084719142171593e+01 9.402092604146116628e+01 9.926101020154267474e+01 5.248568974913708729e+01 8.142017838021530451e+01
8.274125175837603763e+01 7.800000000000000000e+01 5.256751507565814663e+00 6.959175202548614436e+01 7.820227883493278398e+01 7.511648471339354671e+01 9.926101020154267474e+01 5.279306700137075126e+01 8.279829057636942480e+01
8.365180047437647204e+01 7.800000000000000000e+01 3.178058662552077696e+00 7.013040035149079188e+01 7.593241561073088519e+01 8.606314564981971671e+01 9.926101020154267474e+01 5.307264950207263610e+01 8.358110400810467411e+01
8.390021280200430454e+01 7.800000000000000000e+01 3.346235030555941403e+00 6.478406789614356853e+01 7.174216656475347520e+01 8.027797378760598690e+01 9.926101020154267474e+01 5.346831596505425210e+01 8.387158035124615196e+01
8.327060508671232242e+01 7.800000000000000000e+01 3.500324374483259504e+00 6.505891316821838188e+01 7.905395704840304916e+01 8.372408382763164525e+01 9.926101020154267474e+01 5.368249905038727832e+01 8.317903295096787986e+01
8.473172700762904697e+01 7.800000000000000000e+01 3.781174680717049430e+00 6.990560009620219262e+01 7.700492951103350947e+01 7.919898534877354734e+01 9.926101020154267474e+01 5.435284305791812187e+01 8.466010682294705703e+01
8.583300048259079063e+01 7.800000000000000000e+01 3.270748165362198812e+00 7.282606701244510816e+01 7.276846647672999779e+01 7.165812524471181177e+01 9.926101020154267474e+01 5.455231127479315489e+01 8.571803486813840323e+01
8.583147570104014790e+01 7.800000000000000000e+01 3.052365910602122145e+00 6.508412019592299202e+01 6.990018476463421848e+01 8.414598566881856812e+01 9.926101020154267474e+01 5.503136199237007276e+01 8.580119133874926263e+01
8.536565493731454524e+01 7.800000000000000000e+01 4.632516080477239839e+00 6.614361673253425522e+01 7.280719878425587410e+01 7.909159328496453156e+01 9.926101020154267474e+01 5.542375848458324583e+01 8.527229079437545067e+01
8.729412240350751517e+01 7.800000000000000000e+01 3.712408639016383738e+00 6.986492901519497423e+01 7.333286406228143051e+01 8.594824322594627120e+01 9.926101020154267474e+01 5.614969199517761922e+01 8.726258696195793618e+01
8.744088262775821363e+01 7.800000000000000000e+01 3.748037905282651572e+00 7.397999337222863403e+01 7.292947674009961645e+01 8.021623275534754782e+01 9.926101020154267474e+01 5.650121385278524855e+01 8.747269987624952137e+01
8.746350022075962727e+01 7.800000000000000000e+01 4.951243345602465595e+00 6.995326713378150885e+01 8.262232158575780261e+01 8.711577529072422976e+01 9.926101020154267474e+01 5.679060626579247639e+01 8.738954340563866197e+01
8.778116304381309476e+01 7.800000000000000000e+01 4.105176234477568187e+00 7.113609753581786777e+01 8.100915263212820605e+01 9.544052593247737093e+01 9.926101020154267474e+01 5.713395319647899839e+01 8.764345629300008511e+01
8.737735006314751729e+01 7.800000000000000000e+01 3.951198162462385532e+00 7.149043025441939392e+01 6.544746005304394032e+01 8.732299171956415762e+01 9.926101020154267474e+01 5.749364998100774926e+01 8.734574343256880979e+01
8.761178522656098266e+01 7.800000000000000000e+01 4.064406205870571220e+00 7.492644543397176449e+01 8.718974784930851740e+01 7.989843396462191549e+01 9.926101020154267474e+01 5.780593218939406341e+01 8.749542507966836524e+01
8.851928437946013162e+01 7.800000000000000000e+01 5.315903656057844096e+00 7.158600098854827820e+01 8.743162904082682019e+01 9.687722671786066542e+01 9.926101020154267474e+01 5.807897474855906950e+01 8.842334972653068803e+01
8.960086275939255529e+01 7.800000000000000000e+01 3.714611822876693559e+00 7.379850562946732850e+01 7.987897790005928300e+01 8.768808648986416188e+01 9.926101020154267474e+01 5.852205578768311511e+01 8.954615251444289470e+01
8.957659331971126448e+01 7.800000000000000000e+01 3.931503034014137477e+00 8.031715830794504996e+01 7.954688670589685273e+01 9.238533548241507276e+01 9.926101020154267474e+01 5.859236015920463103e+01 8.945855256830320457e+01
8.725028493392613882e+01 8.900000000000000000e+01 7.000716186489027493e+00 6.875787746891926133e+01 7.641340982680749505e+01 8.299790989111571093e+01 9.933901468026873260e+01 5.888011758682763030e+01 8.723998871498277197e+01
8.720936996231685612e+01 8.900000000000000000e+01 7.131171376278447660e+00 6.509778732147063351e+01 7.247810543417178053e+01 8.966787443261716817e+01 9.933901468026873260e+01 5.913190533599775023e+01 8.715683224437191257e+01
9.135995240833341313e+01 8.900000000000000000e+01 2.966530757579639577e+00 6.473258780176749383e+01 7.368948415118190098e+01 8.573219282855716017e+01 9.933901468026873260e+01 5.944909250053673588e+01 9.126158798145664264e+01
9.188790802024828963e+01 8.900000000000000000e+01 2.889130015497141990e+00 6.621526101138242382e+01 7.173570913624848799e+01 8.411287721423542507e+01 9.933901468026873260e+01 5.969597529355419852e+01 9.183124154425200913e+01
9.241878613013523136e+01 8.900000000000000000e+01 2.742117565181736438e+00 6.229488464632239442e+01 8.909874942145619059e+01 1.000000000000000000e+02 9.933901468026873260e+01 6.029110997341084044e+01 9.246754723997972292e+01
9.074584663880645508e+01 8.900000000000000000e+01 3.622656714686678825e+00 6.366165816294481772e+01 8.028950213765446620e+01 8.711607436048065267e+01 9.946217964667827971e+01 6.074073095407177192e+01 9.071148571098812852e+01
9.163377776180550427e+01 8.900000000000000000e+01 2.825526990519632076e+00 6.656420985510717969e+01 8.170095831355452276e+01 8.865037549335374933e+01 9.946217964667827971e+01 6.079305048636686593e+01 9.161973210907993348e+01
9.165652241993612392e+01 8.900000000000000000e+01 3.062513908989016542e+00 6.323810600971307139e+01 7.526049128896387685e+01 9.468576873914250314e+01 9.946217964667827971e+01 6.134894551700219267e+01 9.170593553433916156e+01
9.195144058485897176e+01 8.900000000000000000e+01 2.835919787113228452e+00 7.415365381793270672e+01 9.019180663318049085e+01 8.313214520797548346e+01 9.946217964667827971e+01 6.154841373387722570e+01 9.195819798793270650e+01
9.370900545224918687e+01 8.900000000000000000e+01 2.804941686774286680e+00 7.173636037480652305e+01 8.239342439299610987e+01 7.323154620231339607e+01 9.946217964667827971e+01 6.174951693613647308e+01 9.373546124301898885e+01
9.411294549804397036e+01 8.900000000000000000e+01 2.911228617247550332e+00 7.097894178938921073e+01 8.234252630104307968e+01 8.220489824995679840e+01 9.946217964667827971e+01 6.221548777063961921e+01 9.409677928173428541e+01
9.358194032302779419e+01 8.900000000000000000e+01 3.037388711228480975e+00 6.770190019589787767e+01 7.678846923157072979e+01 9.485367510303811400e+01 9.946217964667827971e+01 6.252450000825749754e+01 9.356622830359260945e+01
9.394356768079187248e+01 8.900000000000000000e+01 2.450140067734246863e+00 6.405508040846498830e+01 7.739020347130109201e+01 8.251356867333042544e+01 9.946217964667827971e+01 6.338940727651070972e+01 9.377938817253250647e+01
9.383441873479068818e+01 8.900000000000000000e+01 2.638078327333640338e+00 6.880377782628067962e+01 7.976456506760760590e+01 9.243588582936646958e+01 9.946217964667827971e+01 6.360686033261217887e+01 9.379741598753517451e+01
9.375296998695978345e+01 8.900000000000000000e+01 2.173651620456227285e+00 6.769351630681677534e+01 9.117140090685066411e+01 8.238204694143810514e+01 9.946217964667827971e+01 6.432952387243810222e+01 9.377938817253250647e+01
9.371065729892907825e+01 8.900000000000000000e+01 1.948837849174631209e+00 7.173372911915537031e+01 8.341993461574298863e+01 9.063801692736377902e+01 9.946217964667827971e+01 6.463199616851909468e+01 9.356787873736045924e+01
9.423835878058548587e+01 8.900000000000000000e+01 2.416090862620325019e+00 7.007511382863633287e+01 7.553262238308319354e+01 9.359580423980331432e+01 9.946217964667827971e+01 6.507180723687470447e+01 9.413753230015579732e+01
9.495678502120320275e+01 8.900000000000000000e+01 2.012374111004858523e+00 6.940531442266170359e+01 7.683008013308378281e+01 7.640078476987248735e+01 9.946217964667827971e+01 6.522549586299153646e+01 9.483414230663187539e+01
9.376936138862934911e+01 8.900000000000000000e+01 2.519084144494331934e+00 6.389974240831213592e+01 8.225531508582376716e+01 8.097278455111670326e+01 9.946217964667827971e+01 6.563260722366270272e+01 9.373228733192696893e+01
9.161255788522554155e+01 8.900000000000000000e+01 5.740005421976807298e+00 6.559115573804919563e+01 7.547763488421188072e+01 8.789158940026770495e+01 9.946217964667827971e+01 6.673295238724381306e+01 9.149277566539923612e+01
9.330671725313426634e+01 8.900000000000000000e+01 2.873640965327671104e+00 6.971372493845841234e+01 7.907476410839765890e+01 8.994426501753962100e+01 9.946217964667827971e+01 6.711226899638322152e+01 9.316428420289946644e+01
9.322348959349426423e+01 8.900000000000000000e+01 2.908380056296843819e+00 6.664541730355392701e+01 8.786907610902898114e+01 9.374256311880373005e+01 9.946217964667827971e+01 6.725614771019471050e+01 9.314460595412894861e+01
9.218435096672178020e+01 8.900000000000000000e+01 2.170825313887948305e+00 6.957706488577336756e+01 8.853774394331381359e+01 9.036489417099168975e+01 9.946217964667827971e+01 6.818154943766411691e+01 9.214863265345378807e+01
9.197100861475907152e+01 8.900000000000000000e+01 2.713921262646220356e+00 6.941298693448321444e+01 7.724475126624055576e+01 9.425846582283612918e+01 9.946217964667827971e+01 6.844314709913956563e+01 9.195667451060855058e+01
9.176236767257755389e+01 8.900000000000000000e+01 2.387738779407817091e+00 6.490697185444520301e+01 8.580081223901714793e+01 8.460396279247659379e+01 9.946217964667827971e+01 6.852816633911908184e+01 9.160005386030942987e+01
9.218587574827242292e+01 8.900000000000000000e+01 2.433961131709525993e+00 6.131079269887939631e+01 8.012492008712004576e+01 7.770764599189926969e+01 9.946217964667827971e+01 6.905299664745420785e+01 9.210787963503227616e+01
8.962360741752318916e+01 8.900000000000000000e+01 2.113008428341561107e+00 6.279812029493189129e+01 8.173242341287316037e+01 8.664209964375947948e+01 9.946217964667827971e+01 6.913474591666528113e+01 8.954780294821074449e+01
9.042665903420234486e+01 8.900000000000000000e+01 2.378480956318018258e+00 6.725339606518112134e+01 7.547080699800167736e+01 6.899694760409123262e+01 9.946217964667827971e+01 6.951733249657313252e+01 9.043484762020786150e+01
9.017418062243943666e+01 8.900000000000000000e+01 2.548571201210637405e+00 6.602344560185993316e+01 7.859534944273738688e+01 7.900525697882051190e+01 9.946217964667827971e+01 6.992771382801275593e+01 9.007670349258457065e+01
9.027697631197953854e+01 8.900000000000000000e+01 1.631601627672042643e+00 6.293830194512174359e+01 8.393867389952615099e+01 7.949396163961519335e+01 9.946217964667827971e+01 7.011083219104557429e+01 9.043332414288369137e+01
9.000315095850747582e+01 8.900000000000000000e+01 2.100813026771346070e+00 6.374392240805541832e+01 7.883362727272985637e+01 8.039279476402501246e+01 9.946217964667827971e+01 7.063239252861224315e+01 8.994822357157970316e+01
9.087138698647720503e+01 8.900000000000000000e+01 2.498899419632680363e+00 6.558707400096993467e+01 7.639091295584229613e+01 7.460816635071010694e+01 9.946217964667827971e+01 7.109672837773116783e+01 9.079451522515532247e+01
9.210125037221099831e+01 8.900000000000000000e+01 2.918194238947326991e+00 6.502948380840130937e+01 8.287482280528674039e+01 8.497195105301535989e+01 9.975777556606121266e+01 7.182756684447821272e+01 9.206560313928660833e+01
9.178193570247765365e+01 8.900000000000000000e+01 3.441194480373658493e+00 6.896239021567278371e+01 8.277535602125334435e+01 8.285229059606260194e+01 9.975777556606121266e+01 7.226083797129692243e+01 9.172548682666598552e+01
9.222666365475249961e+01 8.900000000000000000e+01 2.227551734695390806e+00 6.078646070018923808e+01 8.370636639831779746e+01 8.676853836672597708e+01 9.975777556606121266e+01 7.245703621740351252e+01 9.214863265345378807e+01
9.277888870634865270e+01 8.900000000000000000e+01 2.705286562264388905e+00 6.829129063238919173e+01 8.402898356394956636e+01 9.250010143720763267e+01 9.975777556606121266e+01 7.296061171574375237e+01 9.270038535769015198e+01
9.472539942089103704e+01 8.900000000000000000e+01 2.811684764649790225e+00 6.378264887117320825e+01 7.412338867595963166e+01 9.612919496210280101e+01 9.975777556606121266e+01 7.327125893874584506e+01 9.458175289659460816e+01
9.406415248842296251e+01 8.900000000000000000e+01 2.408702407654428335e+00 6.598363442845614202e+01 9.668627452722382998e+01 8.910350067317169476e+01 9.975777556606121266e+01 7.355411141021617993e+01 9.406922973345557182e+01
9.360468498115844227e+01 8.900000000000000000e+01 2.682564837806013180e+00 6.527603157602591466e+01 8.629036066533171834e+01 9.457648942618993715e+01 9.975777556606121266e+01 7.386312364783405826e+01 9.358895350701145333e+01
9.377253801685988321e+01 8.900000000000000000e+01 2.188161477798892918e+00 6.986033045600164826e+01 7.334031383577480767e+01 8.735065571800620887e+01 9.975777556606121266e+01 7.424571022774190965e+01 9.377786469520835055e+01
9.459680951011901584e+01 8.900000000000000000e+01 1.598843176738910188e+00 6.435407301752607623e+01 8.439374423340937881e+01 8.069828038780667612e+01 9.975777556606121266e+01 7.454000759690178768e+01 9.441099647984404442e+01
9.383607058147056534e+01 8.900000000000000000e+01 2.468588950766562373e+00 6.044428263692766023e+01 8.169656975482544681e+01 8.490328078984283877e+01 9.975777556606121266e+01 7.483593995144589428e+01 9.386241768669971464e+01
9.267139160702734557e+01 8.900000000000000000e+01 2.376010719868576704e+00 6.418195967732674490e+01 8.186949781348432964e+01 8.264993707125306344e+01 9.975777556606121266e+01 7.513677726214265817e+01 9.255070371059058232e+01
9.108472933843989949e+01 8.900000000000000000e+01 2.330856577923381856e+00 6.623094930722801621e+01 8.620925772944404741e+01 7.514695555036851715e+01 9.975777556606121266e+01 7.554225363742959587e+01 9.085951692431984839e+01
8.970492910022487365e+01 8.900000000000000000e+01 2.292645803295536133e+00 6.107702283522796449e+01 7.825779466331451317e+01 7.611214484824184012e+01 9.975777556606121266e+01 7.587088569965814600e+01 8.962905507216639478e+01
8.905028955447630779e+01 8.900000000000000000e+01 2.039368676889294463e+00 6.523976477913628003e+01 8.375206126863425027e+01 8.961126080173318087e+01 9.975777556606121266e+01 7.605400406269096436e+01 8.905952846581472215e+01
8.837417600188931033e+01 8.900000000000000000e+01 2.206476834536642784e+00 5.684478129354558007e+01 6.932880225343195946e+01 8.619346690986189685e+01 9.975777556606121266e+01 7.634830143185082818e+01 8.834171673324398455e+01
8.517645495990389293e+01 8.900000000000000000e+01 1.732792304569431785e+00 5.578093788712310186e+01 7.415069112028163545e+01 7.822365515321628493e+01 9.975777556606121266e+01 7.772168915459694460e+01 8.508337960617853923e+01
8.297416214023883185e+01 8.900000000000000000e+01 2.183755110078267059e+00 5.717628720420768929e+01 6.771772336712820106e+01 7.939963369968138807e+01 9.975777556606121266e+01 7.795876203530907844e+01 8.300980001154150045e+01
8.257174687599470531e+01 8.900000000000000000e+01 2.148326133253846137e+00 5.561403580545499636e+01 7.127615613095370861e+01 8.885478295046937092e+01 9.975777556606121266e+01 7.829720400984294315e+01 8.243849601497829838e+01
8.104569467404586192e+01 8.900000000000000000e+01 2.340759778103574718e+00 5.292624816111199237e+01 7.303023196892894475e+01 8.083925927437036307e+01 9.975777556606121266e+01 7.846397251903354686e+01 8.112538551798870401e+01
8.113044711523653518e+01 8.900000000000000000e+01 1.965417364083044571e+00 5.325914844588817942e+01 7.085451982693086848e+01 8.620577660117507435e+01 9.975777556606121266e+01 7.878933461049363984e+01 8.108298206579934231e+01
8.056005175016173325e+01 8.900000000000000000e+01 2.128363952216468125e+00 5.082998135077524893e+01 6.375172836262023424e+01 7.732573654267145002e+01 9.975777556606121266e+01 7.910652177503261839e+01 8.047079809437094866e+01
7.859066931235946640e+01 7.800000000000000000e+01 2.777056945592755177e+00 5.756488375393707457e+01 6.800786755098179981e+01 6.759540058088366266e+01 9.975777556606121266e+01 7.857188155439216359e+01 7.852430189985830111e+01
7.770121340780976027e+01 7.800000000000000000e+01 3.801492931873266645e+00 6.082264842404225647e+01 6.784589684993061098e+01 6.652203174056212731e+01 9.975777556606121266e+01 7.956104771184621427e+01 7.763560679409332010e+01
7.634453902311302897e+01 7.800000000000000000e+01 2.585936309306242187e+00 6.254172116589764130e+01 7.640142943770584338e+01 6.804839197649955906e+01 9.975777556606121266e+01 7.995834916021205174e+01 7.630129457100905199e+01
7.664237968600795625e+01 7.800000000000000000e+01 2.643152326527088647e+00 6.202966350570319065e+01 6.128764491771885048e+01 8.459241810773458781e+01 9.975777556606121266e+01 8.030169609089857374e+01 7.659888047499663344e+01
7.359294364982392267e+01 7.800000000000000000e+01 3.177368776696829045e+00 5.570104723345938424e+01 5.376491822502251239e+01 7.514468471295410268e+01 9.975777556606121266e+01 8.107340919225116238e+01 7.355205278310324957e+01
7.210933120103501892e+01 7.800000000000000000e+01 4.091244991078014870e+00 5.169611266501801339e+01 6.106707253553168613e+01 7.426248209581800097e+01 9.975777556606121266e+01 8.136280160525838312e+01 7.204850762059260205e+01
6.990830903266216012e+01 6.700000000000000000e+01 5.333729416382191779e+00 5.642974634261366873e+01 6.180498610655247660e+01 7.028601530657074647e+01 9.976188106494153374e+01 8.148215553830655722e+01 6.993392109464667783e+01
7.060589659208757496e+01 6.700000000000000000e+01 2.004095480741866275e+00 5.810878712271633617e+01 5.892765520478030794e+01 6.952436694875454748e+01 9.976188106494153374e+01 8.176827798054533503e+01 7.048288075712206080e+01
6.726001760943003660e+01 6.700000000000000000e+01 1.000000000000000000e+00 5.876257568580707158e+01 6.570226370383487335e+01 6.575858751143056224e+01 9.976188106494153374e+01 8.204786048124721276e+01 6.726682012580229753e+01
6.531185504820774668e+01 6.700000000000000000e+01 1.769133711073375803e+00 5.377591090508191485e+01 4.799901561600375999e+01 5.737306610849365995e+01 9.976188106494153374e+01 8.272310944493072782e+01 6.529912220519496202e+01
6.317411131418714376e+01 6.700000000000000000e+01 1.646356283221408479e+00 5.646457096681220378e+01 5.146336671682698949e+01 5.814479230612041505e+01 9.976188106494153374e+01 8.262828029264586860e+01 6.312093050096499525e+01
6.139532657021696593e+01 6.700000000000000000e+01 1.601068614981649763e+00 5.522035169468374960e+01 5.290748776227405159e+01 5.210843912420152435e+01 9.976188106494153374e+01 8.287516308566331702e+01 6.132246551978405336e+01
5.987067208468955926e+01 6.700000000000000000e+01 1.510804839856114690e+00 4.689087914631379306e+01 4.917948175726789373e+01 4.820792430214059010e+01 9.976188106494153374e+01 8.304029660946970637e+01 5.990486986964522487e+01
5.720243143616968240e+01 5.600000000000000000e+01 4.395440144478147459e+00 6.832277551773142932e+01 6.038212403954690188e+01 5.675368863403610220e+01 9.976188106494153374e+01 8.300269194563260555e+01 5.723891150879397571e+01
5.718121155958969837e+01 5.600000000000000000e+01 3.053345103428926954e+00 5.669832505319896399e+01 4.407147696243568902e+01 6.780078417535032997e+01 9.976188106494153374e+01 8.327736949018184021e+01 5.721783673914298163e+01
5.550446011438429395e+01 5.600000000000000000e+01 2.831335384333183214e+00 5.260868944578479756e+01 4.686369637174286851e+01 4.891751690512250406e+01 9.976188106494153374e+01 8.346212283859887293e+01 5.543663783430260139e+01
5.309327222227928189e+01 5.600000000000000000e+01 3.053879208607185092e+00 5.845444383944865763e+01 4.779360203460785783e+01 5.105084494005222950e+01 9.976188106494153374e+01 8.368611583623722083e+01 5.309099058085779177e+01
5.383253714408930080e+01 5.600000000000000000e+01 2.989207973273160235e+00 5.021736743416919069e+01 4.129507869411890653e+01 4.895511497363055753e+01 9.976188106494153374e+01 8.407197238691351515e+01 5.372386845260613342e+01
5.218361296218337486e+01 4.500000000000000000e+01 5.034741788470070034e+00 6.751690457905134224e+01 4.893912595698069623e+01 6.431688862181709965e+01 9.976188106494153374e+01 8.410794206536638740e+01 5.216090767445290055e+01
5.360140567403559686e+01 4.500000000000000000e+01 2.360877739817945020e+00 6.857088644819522472e+01 4.878616710018415858e+01 5.513454146827666591e+01 9.976188106494153374e+01 8.421421611534077556e+01 5.355641290339127636e+01
5.302973965766858555e+01 4.500000000000000000e+01 2.673396032245925369e+00 7.444965976278264463e+01 4.121201770391927965e+01 5.531380466734398027e+01 9.976188106494153374e+01 8.434010998992583552e+01 5.302751235901742888e+01
5.167535244529782545e+01 4.500000000000000000e+01 2.398843716239089652e+00 6.483986844041419317e+01 4.738954765549458870e+01 6.148946861693067234e+01 9.976188106494153374e+01 8.461315254909084160e+01 5.165308189973006137e+01
5.190737337125607809e+01 4.500000000000000000e+01 2.460265811738713282e+00 6.195662578630689410e+01 3.898377176269181632e+01 5.711351633409369555e+01 9.976188106494153374e+01 8.486330531287674717e+01 5.184262787014535689e+01
5.184473026254993755e+01 4.500000000000000000e+01 2.230978909589210524e+00 6.533401610449747920e+01 4.339401569634796374e+01 5.857564439317744132e+01 9.976188106494153374e+01 8.506767848590445169e+01 5.180124006950545379e+01
5.182351038596996773e+01 4.500000000000000000e+01 2.452610304183687973e+00 7.111530879572021036e+01 5.270755935212529408e+01 6.279648296899877380e+01 9.976188106494153374e+01 8.544045515350696007e+01 5.184351656525112162e+01
5.197090593586677443e+01 4.500000000000000000e+01 2.510315917817937503e+00 6.986958162785725790e+01 4.531569762067304907e+01 6.295557288961591524e+01 9.976188106494153374e+01 8.579524698188303944e+01 5.182155310049436281e+01
5.150597462804572046e+01 4.500000000000000000e+01 3.022322494325132336e+00 6.888692317094194095e+01 5.327764903474513147e+01 6.399248666583877565e+01 9.976188106494153374e+01 8.582140674803058289e+01 5.156852890823870439e+01
5.190826282716063389e+01 4.500000000000000000e+01 1.839301778866968551e+00 6.481075042484394544e+01 4.404050617666381839e+01 6.490087808761569477e+01 9.976188106494153374e+01 8.600452511106340125e+01 5.173776184766509090e+01
5.170292557833887059e+01 4.500000000000000000e+01 2.603962359072437227e+00 7.430486162893308233e+01 4.649355613034880719e+01 6.505774283214816478e+01 9.976188106494153374e+01 8.623505805023864923e+01 5.172290794375444989e+01
5.137700352188601016e+01 4.500000000000000000e+01 2.557250410357323478e+00 6.617695213231741036e+01 4.524276850443478537e+01 6.713947509083408249e+01 9.976188106494153374e+01 8.641654142788722481e+01 5.131283863066575179e+01
5.125184436960295642e+01 4.500000000000000000e+01 3.496185059351761826e+00 7.124714950086298870e+01 4.933568905535620530e+01 6.262773015107758567e+01 9.976188106494153374e+01 8.660292976168850032e+01 5.103950140742117725e+01
5.192948270374060371e+01 4.500000000000000000e+01 2.100301175975516355e+00 6.644171825288894695e+01 4.321722824083492753e+01 5.663277208158017828e+01 9.976188106494153374e+01 8.688578223315882099e+01 5.192819651318615826e+01
5.145908759536303023e+01 4.500000000000000000e+01 2.702282220636689658e+00 7.271511223161616044e+01 4.481169679359529567e+01 6.395945454640651207e+01 9.976188106494153374e+01 8.699042129774900900e+01 5.135244904109413255e+01
5.173888500990852890e+01 4.500000000000000000e+01 3.017226240749257382e+00 6.824954632395726151e+01 4.797611527020714561e+01 6.783652993491880068e+01 9.976188106494153374e+01 8.727327376921932967e+01 5.175896357375977175e+01
5.137890949882433489e+01 4.500000000000000000e+01 2.832092033335714909e+00 6.430565361914162281e+01 5.160455815885872255e+01 5.997162625103397460e+01 9.976188106494153374e+01 8.750871166454723493e+01 5.135689251662297039e+01
5.188615349467610827e+01 4.500000000000000000e+01 2.217203446866649941e+00 6.621150256819421998e+01 4.011679390282367308e+01 6.541127506142296966e+01 9.976188106494153374e+01 8.786513847830754287e+01 5.186382959624003064e+01
4.951448285775894220e+01 4.500000000000000000e+01 2.350573960754058334e+00 6.257012761749510332e+01 4.584079450470899531e+01 6.439800447530664940e+01 9.976188106494153374e+01 8.791091806906575812e+01 4.947298584884489259e+01
4.991677105687384142e+01 4.500000000000000000e+01 2.709492640543167852e+00 6.683179982598689151e+01 4.001054051786059063e+01 6.370357842183122443e+01 9.976188106494153374e+01 8.828042476589982357e+01 4.987492994953802139e+01
5.010647929480138174e+01 4.500000000000000000e+01 1.960521399949016974e+00 7.007056297466341732e+01 4.398869525828015270e+01 6.676283576451913859e+01 9.976188106494153374e+01 8.856327723737015845e+01 5.006447591995332402e+01
4.991677105687384142e+01 4.500000000000000000e+01 1.555758692359462625e+00 6.987425123141993311e+01 4.452685915556148188e+01 6.963987591617936346e+01 9.976188106494153374e+01 8.874312562963451967e+01 4.987492994953802139e+01
5.017179077122117548e+01 4.500000000000000000e+01 2.993436305934365826e+00 6.249192746506717100e+01 4.259615761824620250e+01 5.952427994188830240e+01 9.976188106494153374e+01 8.894913378804643855e+01 5.012973153200520926e+01
4.779923067839944650e+01 4.500000000000000000e+01 2.600090096530069061e+00 5.952935242973869379e+01 4.222930011156240226e+01 6.795871031133152940e+01 9.976188106494153374e+01 8.920582649336922998e+01 4.778027558524997431e+01
4.771536769311333614e+01 4.500000000000000000e+01 2.858085152010919394e+00 5.686599536629347540e+01 4.598034413545784815e+01 5.737783603480232131e+01 9.976188106494153374e+01 8.907012270647882701e+01 4.769648433242070240e+01
4.805247148093766896e+01 4.500000000000000000e+01 2.163548130834187511e+00 5.617278035233002953e+01 4.185589916537256272e+01 5.752158750010944033e+01 9.976188106494153374e+01 8.932027547026473258e+01 4.790647029026859371e+01
4.756632029653665228e+01 4.500000000000000000e+01 2.503506076795151358e+00 6.456504762776745565e+01 3.847757915334310752e+01 6.482912194240762460e+01 9.976188106494153374e+01 8.960803289788772474e+01 4.763224437191826866e+01
4.784154336643017302e+01 4.500000000000000000e+01 1.841660743404272438e+00 5.616977697728823671e+01 3.866128233726936969e+01 5.408944287571524256e+01 9.976188106494153374e+01 8.973719674324124185e+01 4.780147731134464806e+01
4.731295242886920249e+01 4.500000000000000000e+01 2.852655082698634104e+00 6.014020200004172523e+01 3.845999622959607933e+01 5.092764942198707701e+01 9.976188106494153374e+01 8.989252035474228819e+01 4.720986028379253696e+01
4.568232562557115983e+01 4.500000000000000000e+01 2.741427679326488231e+00 5.218712812195736461e+01 4.414036367260590765e+01 6.451950942079744777e+01 9.976188106494153374e+01 8.999552443394824763e+01 4.566530818997301111e+01
4.629249237609224821e+01 4.500000000000000000e+01 2.672728400773103363e+00 6.500600891897420297e+01 4.561025233767923481e+01 5.846445313387399523e+01 9.976188106494153374e+01 9.037484104308764188e+01 4.623254958033842144e+01
4.604242820178457407e+01 4.500000000000000000e+01 1.459397216448820034e+00 5.373138382324396645e+01 4.277336924672189156e+01 5.581702678060327116e+01 9.976188106494153374e+01 9.041571567769318563e+01 4.602497579492045787e+01
4.574509579940652060e+01 4.500000000000000000e+01 1.618248998215602086e+00 6.029503671478689597e+01 4.201510480695793603e+01 5.152702350094409667e+01 9.976188106494153374e+01 9.050073491767270184e+01 4.574909944280228302e+01
4.627533858364736119e+01 4.500000000000000000e+01 1.894648427963912640e+00 5.679434725982488175e+01 3.662734334912504153e+01 3.981357304992068435e+01 9.976188106494153374e+01 9.078849234529570822e+01 4.627888868228188102e+01
4.633887114825806464e+01 4.500000000000000000e+01 1.382708614603999298e+00 6.242284087687271210e+01 4.338273332813817973e+01 4.325542117581383650e+01 9.976188106494153374e+01 9.084735181912768098e+01 4.630009040837656187e+01
4.447380918154654950e+01 4.500000000000000000e+01 1.792500812622145556e+00 5.112475741583280353e+01 4.022044759140688086e+01 3.899146868698976931e+01 9.976188106494153374e+01 9.106316988984492866e+01 4.443662372803108696e+01
4.242043669332895206e+01 3.400000000000000000e+01 7.183647210042256148e+00 7.180591514632864403e+01 3.916858426656792602e+01 4.764747526546970846e+01 9.976188106494153374e+01 9.081138214067480874e+01 4.238500759815079277e+01
4.324712242404329743e+01 3.400000000000000000e+01 4.826485277714459343e+00 8.651669246909382593e+01 3.959027989043602958e+01 5.876362704887282007e+01 9.976188106494153374e+01 9.115799904212977367e+01 4.323206099038850425e+01
4.292869721021450857e+01 4.500000000000000000e+01 4.158853804892455486e+00 5.632444626414576305e+01 3.185994766759991847e+01 5.065169119450440149e+01 9.979472505598407395e+01 9.139997687899456480e+01 4.289283337287364617e+01
4.229197384768614398e+01 4.500000000000000000e+01 2.178859145944239017e+00 4.918398488459019546e+01 3.566183817684775192e+01 4.133540531126716644e+01 9.979472505598407395e+01 9.145393139667388027e+01 4.223545290749492409e+01
4.100238985121828250e+01 3.400000000000000000e+01 6.469014481533582384e+00 7.592884096893361345e+01 3.680492554628789748e+01 4.991430604990900832e+01 9.979883055486439503e+01 9.172043401430200049e+01 4.090469546483370777e+01
4.045105425552669942e+01 4.500000000000000000e+01 7.701172873391444185e+00 4.912267088648789581e+01 3.128901474422384155e+01 3.750341332310757991e+01 9.981935804926598621e+01 9.172533897045465778e+01 4.045971312973280476e+01
3.930823048330955771e+01 3.400000000000000000e+01 6.607681538438710867e+00 5.969333683771991161e+01 3.635921875841717110e+01 5.325152008940923309e+01 9.981935804926598621e+01 9.161252497894336955e+01 3.925438865342814410e+01
3.973110323335832561e+01 3.400000000000000000e+01 4.395773960214556908e+00 6.717295040655567107e+01 4.048023477509040902e+01 4.962032566521803290e+01 9.981935804926598621e+01 9.184305791811861752e+01 3.965569797190286749e+01
3.807874829296341801e+01 3.400000000000000000e+01 3.760277815617719899e+00 7.412782298145531001e+01 3.354472133452429006e+01 4.600870652708080399e+01 9.981935804926598621e+01 9.232210863569552828e+01 3.806810764367558164e+01
3.532651759402819636e+01 3.400000000000000000e+01 5.798089360112324897e+00 5.846122694298248490e+01 3.427233833438941701e+01 4.720739087314864690e+01 9.981935804926598621e+01 9.281750920711465369e+01 3.527595457780569888e+01
3.759297830395006201e+01 3.400000000000000000e+01 4.046313392957094912e+00 6.176245050875710518e+01 3.640474149574956897e+01 5.807695301294624812e+01 9.981935804926598621e+01 9.301534243860547235e+01 3.754047666373854497e+01
3.782588868581286334e+01 3.400000000000000000e+01 4.532905464732198020e+00 6.418536793992431910e+01 3.667268157898741521e+01 5.012698615200221752e+01 9.981935804926598621e+01 9.322625555317006274e+01 3.781559127719464897e+01
3.934571469642985875e+01 3.400000000000000000e+01 3.804697562942811029e+00 6.295939605464408828e+01 3.337320147017121741e+01 4.387183121552729403e+01 9.981935804926598621e+01 9.341264388697130983e+01 3.927063907821927558e+01
3.922284271647277620e+01 3.400000000000000000e+01 4.743276141818411951e+00 6.710056151549983383e+01 3.028351578823540180e+01 5.455022209339426809e+01 9.981935804926598621e+01 9.356306254231969888e+01 3.908439397533967252e+01
3.945613429372324532e+01 3.400000000000000000e+01 5.894717888612093226e+00 7.300136222549730292e+01 3.651128077018199747e+01 5.857373469035545810e+01 9.981935804926598621e+01 9.378705553995804678e+01 3.942324072352349162e+01
4.150988797732850344e+01 3.400000000000000000e+01 3.928899271270130722e+00 7.425070416074760260e+01 3.551102232576091211e+01 5.526444302291083233e+01 9.981935804926598621e+01 9.388024970685867743e+01 4.143296122698914274e+01
4.132005267427174999e+01 3.400000000000000000e+01 5.170092942393520019e+00 7.417078774066344238e+01 4.387756072126124707e+01 5.323026953091232372e+01 9.981935804926598621e+01 9.393583920992222147e+01 4.132784129162151743e+01
4.278117459518847454e+01 3.400000000000000000e+01 4.399000845666533266e+00 6.925454352052940976e+01 3.823127671891531065e+01 5.383400162795233257e+01 9.981935804926598621e+01 9.444431966441511861e+01 4.278784039394969341e+01
4.303454246285591722e+01 3.400000000000000000e+01 5.741184904245461240e+00 6.221186402607303023e+01 3.673954137055387292e+01 5.554424439698661331e+01 9.981935804926598621e+01 9.440344502980958907e+01 4.295631159471400196e+01
4.348003280590609165e+01 3.400000000000000000e+01 4.637011465727574944e+00 6.981114245276438623e+01 4.327685472917585230e+01 5.901914922918187756e+01 9.981935804926598621e+01 9.467812257435880952e+01 4.344369738200424536e+01
4.290747733363453875e+01 3.400000000000000000e+01 4.553624294772109060e+00 7.661987769344847266e+01 3.874654759520785774e+01 5.715404228135702880e+01 9.981935804926598621e+01 9.485470099585472781e+01 4.285055687712796413e+01
4.470748195418468640e+01 4.500000000000000000e+01 5.550464846842642075e+00 7.263125280235401249e+01 3.904017700031550220e+01 6.133270532771678774e+01 9.981935804926598621e+01 9.499694472428200243e+01 4.471237312370558925e+01
4.496237460340278602e+01 4.500000000000000000e+01 8.163819229674665223e+00 6.346086576988842864e+01 3.661714649523964482e+01 7.139522520126968175e+01 9.981935804926598621e+01 9.492500536737625794e+01 4.498824947582377121e+01
4.790596538694541806e+01 4.500000000000000000e+01 2.907267337175472477e+00 6.863734728877768987e+01 3.681030550665891354e+01 5.634961589623575406e+01 9.981935804926598621e+01 9.551850506184868550e+01 4.782344077610141397e+01
5.086887007012969519e+01 4.500000000000000000e+01 2.799645143756565702e+00 6.686274025566274304e+01 4.626625175034489246e+01 5.341185529728549852e+01 9.981935804926598621e+01 9.589291671483542245e+01 5.078393808629190431e+01
5.133558028975983945e+01 4.500000000000000000e+01 2.956271487280607513e+00 7.409581809987476220e+01 4.613471185245180806e+01 6.363431719108250206e+01 9.981935804926598621e+01 9.600573070634672490e+01 5.135600382151719145e+01
5.118831180499226008e+01 4.500000000000000000e+01 4.188340861608761401e+00 7.049724612140333591e+01 5.153793248368805280e+01 5.378198300168214985e+01 9.981935804926598621e+01 9.626569338243794505e+01 5.106070313351585810e+01
5.285845586347814873e+01 4.500000000000000000e+01 4.774677075423472417e+00 7.042585502564284639e+01 5.287003757357369693e+01 5.680149845528382713e+01 9.981935804926598621e+01 9.643900183316543462e+01 5.277182208144448339e+01
5.372948732429075136e+01 4.500000000000000000e+01 2.851319819752989204e+00 8.100055902306731070e+01 5.328650977709273207e+01 5.021552354387977601e+01 9.981935804926598621e+01 9.665154993311423937e+01 5.370545976827243351e+01
5.451208145516526571e+01 5.600000000000000000e+01 3.940694093956651933e+00 7.690837562079860845e+01 4.435824740639080943e+01 5.644204397177338706e+01 9.981935804926598621e+01 9.671531436309888363e+01 5.438162978731590158e+01
5.351678029797415803e+01 6.700000000000000000e+01 9.767803843129531316e+00 5.033460586074469489e+01 4.487495011614169016e+01 6.009892203881430106e+01 9.983167454590693524e+01 9.707501114762762029e+01 5.345065818580524564e+01
5.698858082369007860e+01 5.600000000000000000e+01 4.859800088208279689e+00 7.125829282420119171e+01 4.866969627418638566e+01 5.514265710301135925e+01 9.983167454590693524e+01 9.697037208303743228e+01 5.696189254868266971e+01
5.904474874475054236e+01 5.600000000000000000e+01 3.645044623408642881e+00 6.215637333234367645e+01 5.380763378524407159e+01 7.098753173885887691e+01 9.983167454590693524e+01 9.743961288830902845e+01 5.901630172032393773e+01
6.198821246316395417e+01 5.600000000000000000e+01 4.149284420448674737e+00 6.476726510925792013e+01 5.710543845525053541e+01 7.021401377079330075e+01 9.983167454590693524e+01 9.780421462899043661e+01 6.195724773818760411e+01
6.304488607776900011e+01 5.600000000000000000e+01 3.529099290961888347e+00 7.379203050934286523e+01 6.103302827149150289e+01 7.089537299712507945e+01 9.983167454590693524e+01 9.801839771432346993e+01 6.297074102809071405e+01
6.457182773562240641e+01 5.600000000000000000e+01 3.750485887349664260e+00 8.130203809169957196e+01 5.917618193918656999e+01 6.848995465207147504e+01 9.983167454590693524e+01 9.822277088735116024e+01 6.466548259478452110e+01
6.639292516762330365e+01 6.700000000000000000e+01 5.107802925979224362e+00 7.509469754537096264e+01 6.390230654588928871e+01 5.391648892122689318e+01 9.983988554366757739e+01 9.885714521642911734e+01 6.640046935412512141e+01
6.872241018163897763e+01 7.800000000000000000e+01 6.334798301113932162e+00 5.564438267389508042e+01 5.339589923413652173e+01 5.669373915154148591e+01 1.000000000000000000e+02 9.927243150402141225e+01 6.874903660577459164e+01
6.990703838136995785e+01 7.800000000000000000e+01 5.862204235885664083e+00 5.940297822005992856e+01 6.145577611510294957e+01 6.059640584881709913e+01 1.000000000000000000e+02 9.942939010090667296e+01 6.982689681262382919e+01
7.213182172890719812e+01 7.800000000000000000e+01 3.910583914532379080e+00 5.711843813615654852e+01 6.681691916578164125e+01 6.573488690905202247e+01 1.000000000000000000e+02 9.980707172466185284e+01 7.211325540686975444e+01
